7
0 4 17 7 8 30 1 17 11 28 23 24 7 18 1 0 7 23 13 24 28 21 1 5 21 26 25 28 27 1 21 25 18 8 26 26 
4 19 9 12 26 5 5 3 16 20 4 12 28 5 9 24 8 11 15 8 0 8 8 7 13 18 3 6 9 28 4 19 19 2 30 6 
4 4 17 9 17 23 18 6 12 6 9 19 21 25 13 10 10 6 15 0 11 14 14 4 29 6 17 12 12 8 0 7 10 0 29 10 
16 30 10 21 19 24 22 28 12 13 24 21 16 20 6 5 7 18 0 4 30 18 27 28 7 12 22 5 5 5 30 8 24 7 18 25 
29 10 14 24 23 25 21 6 1 6 22 23 4 17 30 21 17 21 1 3 27 22 6 6 19 28 0 16 17 18 28 13 4 2 2 7 
27 3 20 14 17 30 8 9 5 2 3 14 18 24 21 8 19 3 23 18 27 26 2 7 0 19 30 11 17 2 26 25 18 8 27 17 
3 12 4 10 23 21 27 3 9 12 17 15 14 16 3 16 13 18 24 8 28 10 21 30 5 26 14 24 23 1 23 1 11 28 12 27 
27 25 9 25 15 24 25 0 10 21 5 12 8 26 11 25 10 24 15 3 21 11 17 17 15 0 12 3 6 3 5 7 4 14 4 10 
10 17 9 11 10 11 26 27 2 16 23 22 23 17 25 11 14 0 23 2 13 15 9 25 3 25 5 16 10 1 9 9 13 6 17 24 
2 22 11 14 1 0 20 23 22 2 9 15 29 11 9 28 23 15 19 23 27 23 18 18 11 21 18 2 2 17 5 22 20 17 30 7 
18 18 20 5 11 28 21 2 23 26 14 24 25 14 25 4 11 13 5 2 6 18 15 8 22 18 21 13 30 24 14 14 23 3 21 17 
15 1 12 19 23 5 2 25 28 10 29 30 13 21 28 18 21 21 19 25 22 0 10 1 11 18 15 22 21 4 7 10 6 3 15 30 
29 0 0 25 24 19 2 25 23 21 29 17 7 26 6 14 15 16 23 1 14 25 29 11 15 27 4 2 27 10 16 26 10 8 10 18 
12 3 26 13 20 14 24 10 23 18 0 20 12 1 9 17 9 11 28 6 4 28 30 14 4 0 21 30 6 5 10 30 29 0 3 13 
