7
28 7 17 30 28 30 24 30 17 10 12 28 16 4 19 12 11 9 23 11 23 28 21 30 17 30 18 21 9 17 1 6 6 7 21 7 
14 21 9 11 3 13 24 9 11 14 7 29 17 11 5 24 13 9 20 3 8 21 19 10 21 6 26 6 21 5 1 9 23 30 26 19 
15 9 3 22 4 19 21 19 21 16 6 6 17 6 11 23 0 14 17 22 11 24 10 0 10 25 16 30 12 0 6 27 28 5 24 15 
4 24 18 14 19 17 23 10 10 24 1 30 7 29 2 21 16 19 29 15 18 18 0 22 22 4 27 4 9 12 0 18 10 16 7 11 
2 13 26 1 28 7 2 14 26 27 19 13 16 26 26 26 18 15 3 0 8 6 20 4 16 21 27 29 11 18 30 3 20 19 22 10 
30 25 29 22 7 9 12 26 17 20 8 23 19 21 5 18 0 4 18 15 19 16 9 14 21 29 5 24 13 29 4 10 18 25 27 22 
17 27 20 21 7 11 8 27 18 19 16 8 22 17 20 8 26 15 2 15 15 23 28 20 20 3 9 22 12 12 11 28 0 19 1 10 
30 16 30 6 30 6 25 8 23 7 2 30 22 9 8 6 14 24 17 9 1 13 6 15 6 29 29 4 8 8 20 20 23 3 0 25 
18 14 8 16 9 24 2 24 4 15 18 18 29 27 18 21 15 17 9 13 28 18 3 13 7 19 11 20 24 26 14 12 6 2 23 11 
24 24 7 6 1 25 3 23 7 6 20 15 0 4 7 1 7 19 3 20 15 29 14 14 27 2 3 9 2 5 16 5 6 15 7 20 
13 25 25 17 13 18 17 18 7 16 17 12 27 13 15 27 17 7 28 3 18 25 20 16 20 21 4 20 23 16 16 21 3 19 19 0 
27 4 24 9 24 4 6 18 14 17 25 3 2 9 17 18 29 14 25 1 4 24 7 9 0 22 4 23 22 10 23 9 19 11 28 19 
21 8 27 15 2 2 17 17 21 30 5 12 15 8 2 27 17 19 12 29 7 17 20 13 25 14 21 9 22 22 2 17 1 26 20 9 
13 19 0 6 27 20 23 3 24 25 6 18 26 20 24 6 7 5 7 26 20 21 20 8 1 3 9 30 11 12 13 4 16 13 10 3 
