9
0 6 30 21 21 6 30 12 6 1 14 4 14 11 9 10 8 28 0 17 29 7 17 1 20 15 24 17 6 16 28 11 8 28 9 8 6 23 24 20 11 2 6 8 30 26 22 10 18 9 28 1 22 22 11 
4 29 8 22 2 26 4 13 0 11 30 30 24 25 15 12 0 18 6 21 8 18 24 11 28 18 11 6 19 27 22 5 9 21 27 21 28 8 9 25 14 3 29 12 16 6 30 20 24 2 15 1 27 3 11 
16 24 21 20 3 14 10 16 9 0 13 16 26 16 7 5 5 12 25 29 13 2 23 11 11 8 11 25 24 27 25 29 23 0 5 10 13 20 10 16 12 18 20 13 24 24 8 23 1 1 18 23 4 4 1 
4 29 21 21 22 17 12 29 17 13 18 26 2 10 2 24 24 0 9 14 10 13 7 28 21 4 25 30 20 3 8 7 2 21 24 2 10 20 2 19 11 11 15 10 16 8 1 13 5 6 11 24 28 26 6 
24 25 5 7 27 10 24 2 7 11 20 22 4 12 22 21 1 24 6 16 20 26 26 20 29 24 30 3 26 8 25 20 3 19 27 19 2 10 24 24 2 19 17 8 19 29 16 4 15 18 11 27 15 3 29 
24 22 7 19 19 4 9 6 11 1 29 19 24 9 24 2 2 5 18 0 4 15 27 6 4 26 27 1 10 1 6 29 18 0 24 10 17 17 6 30 27 15 22 28 12 4 13 14 13 26 16 25 16 2 22 
2 12 4 28 25 30 12 19 15 11 25 21 23 25 26 20 4 3 5 15 20 13 24 20 12 26 27 27 24 6 1 9 30 22 7 22 29 22 4 13 15 25 12 29 14 22 17 17 22 22 14 25 15 14 2 
17 5 27 16 8 12 11 7 11 14 17 13 24 24 28 10 24 11 6 21 2 17 23 19 8 12 25 12 5 24 26 28 5 9 4 1 23 0 3 17 12 1 17 26 18 29 21 1 16 28 7 24 14 11 3 
13 6 8 16 2 28 10 28 4 9 16 16 28 10 10 26 18 0 20 19 3 3 30 13 14 13 25 27 20 5 5 18 3 4 0 29 30 9 20 25 13 6 18 15 24 9 0 5 12 6 7 2 27 3 26 
23 23 6 27 8 23 14 27 18 4 6 1 5 23 12 28 6 25 11 28 28 21 30 21 19 12 11 6 18 9 14 1 13 4 27 17 4 16 3 21 13 30 3 25 1 25 28 29 6 27 12 18 0 6 22 
27 5 9 16 30 15 10 5 30 18 12 14 28 29 20 20 1 16 20 14 15 25 8 6 3 0 14 16 17 24 29 27 5 20 3 2 23 9 6 24 16 16 10 22 0 13 8 0 0 18 23 5 27 28 5 
24 7 4 8 12 5 28 23 9 19 16 21 10 16 9 3 13 18 24 6 19 26 5 20 30 28 18 0 0 13 1 1 2 26 26 5 5 22 30 15 2 12 17 14 12 11 11 18 25 6 21 11 0 24 13 
12 13 2 30 30 9 10 27 19 2 13 18 24 10 22 23 29 12 7 19 14 9 27 27 6 29 14 2 9 12 18 4 25 23 2 1 7 21 14 22 29 22 4 24 30 3 21 7 9 16 13 13 27 1 25 
0 23 27 15 15 10 18 30 25 3 4 2 5 2 9 5 0 5 10 23 10 1 5 23 3 12 2 12 21 1 15 12 26 1 9 20 2 15 6 2 26 2 10 9 22 9 25 7 2 6 6 4 30 22 20 
27 14 1 0 5 15 15 26 17 3 20 27 17 14 21 22 3 15 0 22 12 13 22 1 16 14 7 27 11 19 7 26 21 22 2 30 6 1 20 18 16 27 1 13 1 25 24 4 16 15 15 28 29 2 22 
3 1 29 1 26 0 5 0 6 24 12 2 3 13 19 25 9 23 26 29 23 25 15 0 5 30 7 19 29 27 29 7 19 22 19 21 20 14 5 3 29 9 15 23 18 9 18 28 24 11 12 22 25 8 23 
24 17 3 8 23 24 23 2 0 1 25 2 5 5 10 6 15 14 28 17 27 17 4 28 7 21 0 12 23 15 6 24 18 21 22 7 15 1 4 5 30 28 10 0 30 18 12 20 17 6 13 5 10 21 30 
10 6 6 29 13 21 19 20 26 7 28 6 19 6 28 23 12 25 3 16 9 2 23 30 1 26 11 26 2 16 17 24 10 26 20 4 24 18 13 6 24 15 16 19 0 24 28 15 19 12 12 4 5 11 10 
