7
1 18 18 18 30 6 5 25 6 11 18 7 28 26 23 11 12 17 23 6 1 29 23 6 25 5 23 15 7 0 19 28 4 7 23 7 
2 13 21 17 1 2 23 14 10 11 18 15 14 14 13 30 17 2 18 22 20 2 30 27 23 13 9 27 6 28 4 24 14 30 18 0 
29 0 17 1 15 13 8 24 14 16 24 26 21 14 1 20 22 26 23 12 15 3 29 16 17 13 21 22 7 7 18 11 17 29 11 17 
17 1 7 5 18 1 20 13 30 5 29 1 22 21 20 8 9 3 15 14 15 13 18 15 13 23 22 10 6 23 25 26 7 14 26 8 
29 0 7 3 10 7 30 30 0 4 11 13 29 25 15 26 24 25 11 2 6 4 21 21 19 17 20 17 28 18 11 24 15 1 26 26 
1 5 23 21 20 23 15 27 22 20 6 1 12 8 19 11 28 14 24 27 20 6 26 0 2 14 15 18 11 23 16 20 30 21 4 29 
24 4 2 9 14 23 18 21 18 2 11 30 7 9 5 0 8 9 2 4 16 0 8 14 11 27 20 15 17 30 28 19 24 14 0 23 
14 6 12 25 28 15 11 28 5 18 25 23 20 18 2 20 11 3 30 10 4 26 21 24 21 1 20 18 29 30 25 1 29 1 4 13 
19 3 14 8 5 2 11 22 5 6 25 3 9 26 5 22 9 16 20 29 7 16 20 17 29 26 17 0 6 16 8 19 10 2 1 23 
29 8 29 29 23 10 8 20 24 10 11 16 14 0 22 2 15 19 5 9 13 8 23 21 25 20 16 28 19 9 21 26 30 1 10 17 
8 20 20 5 1 0 13 11 27 24 30 26 20 13 21 6 30 23 15 16 16 3 22 3 27 6 3 15 27 5 13 24 1 1 30 11 
2 5 7 20 10 24 13 16 12 19 7 3 14 11 28 21 4 4 22 7 29 16 3 22 25 5 22 1 17 27 0 6 23 11 26 24 
27 12 17 9 12 27 10 24 18 20 1 18 4 11 30 14 30 22 6 17 24 11 11 5 10 25 2 3 15 6 26 11 15 20 19 25 
4 30 25 16 14 18 11 27 24 9 15 5 9 20 15 4 15 26 15 24 2 10 11 24 24 26 2 20 21 8 15 6 15 20 20 4 
