11
11 18 23 29 24 13 21 6 29 30 13 0 20 16 9 24 3 28 12 4 13 11 22 22 15 4 25 7 23 8 15 12 18 2 25 22 13 15 0 20 3 17 27 17 24 24 9 13 10 18 20 6 2 22 19 2 10 21 7 19 6 25 1 23 29 15 29 23 29 23 12 12 5 22 14 9 24 13 
17 1 10 13 11 4 17 6 26 7 19 6 28 7 8 3 23 20 1 23 18 15 12 2 12 0 30 9 20 1 0 11 24 20 13 14 17 10 22 17 24 12 13 8 0 6 8 29 10 29 26 25 14 7 14 27 6 17 13 8 5 23 10 13 7 2 19 17 25 23 16 10 9 10 18 18 14 3 
12 22 13 22 1 29 25 18 1 8 30 24 30 0 18 5 16 11 1 1 19 19 23 24 5 10 25 28 20 14 14 29 16 22 27 16 22 5 19 10 20 12 7 12 25 9 25 25 9 19 6 16 3 28 30 14 3 24 6 1 27 3 13 27 3 11 25 13 25 7 7 11 2 26 0 17 9 20 
29 25 2 24 19 4 30 24 0 7 4 5 11 0 30 29 0 0 9 30 30 16 29 27 30 0 15 2 29 18 2 26 26 19 14 15 7 26 30 16 25 6 17 1 29 13 2 4 13 20 25 13 27 18 24 5 14 12 7 10 21 29 22 9 5 11 22 29 23 25 22 5 3 24 19 23 0 22 
19 18 27 0 24 13 0 17 28 23 1 9 22 29 10 3 10 18 22 18 11 15 6 29 16 4 1 4 19 17 0 23 4 3 18 9 15 0 25 9 24 13 24 3 20 5 22 14 30 28 20 13 3 16 28 25 14 30 25 0 26 10 17 16 28 16 14 18 6 1 8 8 23 2 3 23 21 12 
29 8 23 8 21 4 22 4 8 12 9 16 2 18 28 16 14 21 11 25 15 21 18 4 19 10 29 19 21 19 14 19 8 18 23 1 1 24 26 27 26 27 16 18 20 1 16 4 19 5 7 22 21 18 25 26 1 17 17 4 20 10 27 18 20 21 3 9 21 0 21 17 30 20 19 11 11 9 
6 9 20 28 2 19 12 25 5 5 10 13 3 25 4 10 1 6 29 25 16 21 9 6 12 30 24 19 16 24 24 6 24 27 15 11 4 8 29 6 18 20 14 6 24 8 7 20 9 12 12 19 5 11 23 6 17 7 13 27 28 24 5 0 0 4 2 1 14 2 10 21 7 28 28 7 10 14 
19 28 5 5 0 28 15 26 13 25 19 2 27 21 15 14 3 17 12 1 8 18 27 29 25 1 0 15 28 1 4 9 21 4 4 15 13 0 4 7 1 23 12 29 3 20 6 29 6 28 21 0 27 7 22 27 11 22 4 0 18 13 5 25 11 7 17 12 18 29 14 4 25 26 10 8 6 16 
10 9 27 5 22 15 7 14 28 15 27 19 30 3 14 9 1 20 11 5 23 14 26 3 28 8 9 30 2 24 20 2 27 21 10 20 3 24 9 14 2 2 14 30 25 19 10 4 20 19 3 3 20 19 16 6 19 30 7 28 1 30 1 17 18 25 26 5 6 26 11 17 30 0 11 8 5 20 
12 9 11 12 13 11 28 1 25 13 23 1 27 3 28 2 16 0 29 8 16 29 19 24 17 21 27 12 10 26 6 24 30 7 9 26 7 28 18 1 25 22 19 19 4 20 14 17 7 13 3 10 19 0 4 7 9 19 18 4 12 15 24 18 9 15 12 3 15 30 26 18 2 9 11 19 1 9 
21 25 10 12 2 24 14 13 29 17 19 3 21 28 19 5 18 25 3 3 1 30 26 20 11 5 20 21 26 9 12 26 23 30 3 19 1 6 27 2 19 24 27 29 1 20 24 23 6 7 0 15 0 29 10 19 14 15 20 3 5 16 8 16 17 7 13 9 26 8 13 3 9 3 14 6 12 18 
25 10 25 6 1 9 8 13 11 24 27 11 21 8 22 9 11 22 24 11 9 24 0 9 26 1 18 14 30 21 1 17 29 19 7 26 29 2 22 25 22 10 9 17 5 16 0 18 1 24 10 4 2 15 10 8 8 15 10 22 23 29 12 28 20 1 28 23 19 20 5 8 2 28 26 5 6 16 
14 9 3 3 11 0 24 9 20 28 10 25 24 24 14 5 10 20 20 30 7 19 19 4 13 24 17 0 14 23 3 16 18 27 24 17 19 18 16 20 5 24 6 5 29 10 6 3 24 4 1 11 6 12 1 29 14 29 11 22 13 16 1 27 28 25 6 8 22 25 24 12 22 7 5 12 8 7 
24 16 14 22 22 6 7 16 9 20 28 1 17 19 10 28 30 12 7 30 2 1 3 18 15 16 14 11 12 5 1 15 1 19 28 26 28 8 29 20 21 23 30 4 7 15 21 14 3 1 10 7 10 9 14 7 18 12 27 23 9 26 3 24 28 0 18 12 5 29 1 21 12 27 4 16 26 21 
25 26 2 13 26 12 28 5 20 26 19 28 26 2 4 14 16 27 1 19 4 17 2 26 15 2 12 23 0 3 15 16 20 19 15 15 8 3 22 25 2 26 22 12 26 6 1 26 27 12 0 26 29 13 5 8 2 5 7 1 5 22 0 16 8 13 15 12 4 25 6 26 28 3 30 0 14 23 
13 12 6 20 24 13 7 30 6 22 0 29 22 16 21 27 17 13 9 2 21 13 22 5 7 4 6 1 14 27 19 25 29 8 4 13 11 28 2 20 18 30 12 0 7 6 1 20 13 30 6 4 14 11 13 3 9 7 14 12 17 17 1 13 19 19 17 8 24 10 28 30 27 10 3 3 8 12 
16 19 21 1 30 8 14 4 7 9 29 14 26 28 2 10 1 5 20 8 17 29 20 10 12 9 30 20 13 10 3 6 22 10 10 28 20 9 4 6 5 14 24 2 4 23 6 10 10 27 11 6 4 19 26 0 0 20 26 3 8 24 19 19 7 8 20 8 2 13 15 1 23 29 28 2 2 14 
30 15 20 18 2 15 29 18 0 5 14 6 11 15 20 9 27 14 5 28 17 27 2 4 27 13 5 4 12 2 11 11 0 7 4 14 17 10 23 1 15 26 21 11 25 5 22 9 12 17 1 21 6 20 7 9 7 9 18 12 14 23 6 12 3 11 8 18 4 17 24 11 0 12 15 21 19 26 
2 6 4 18 28 17 30 10 9 14 12 14 17 23 5 16 24 5 2 7 8 6 19 24 30 25 2 29 9 19 20 9 25 1 21 23 5 17 3 6 28 18 4 28 21 1 4 20 1 9 2 23 22 15 25 27 29 25 1 7 9 13 16 19 15 27 21 29 14 6 17 6 7 6 2 20 7 6 
9 4 13 21 6 27 22 13 17 18 3 6 10 21 5 10 9 30 21 10 25 26 5 19 3 8 19 5 6 24 23 26 18 13 11 4 17 26 16 21 23 3 20 20 14 1 18 11 19 23 28 2 11 5 7 30 4 16 29 27 10 18 0 12 4 6 4 19 13 30 11 21 0 11 19 28 29 0 
14 9 20 25 24 7 11 12 9 4 30 3 29 8 13 14 25 30 17 11 5 6 16 26 2 11 9 27 16 23 12 27 18 16 25 23 17 27 19 26 22 12 2 0 17 0 7 1 25 7 27 29 27 15 7 4 9 8 22 3 19 19 4 19 5 10 22 5 2 17 18 0 25 12 16 4 4 3 
29 27 0 8 3 1 13 25 21 29 27 24 18 9 16 20 15 7 23 25 12 11 25 9 26 1 0 7 6 7 1 6 9 23 24 4 22 5 26 19 23 5 17 9 18 19 25 11 18 2 17 24 30 30 20 17 11 4 11 28 10 11 16 20 16 7 23 12 9 12 13 1 8 8 7 22 9 7 
