10
9 10 29 16 18 28 25 2 4 4 16 21 3 28 3 5 1 1 18 14 7 1 11 18 8 2 9 21 14 14 18 23 21 30 4 2 14 0 20 14 26 10 18 28 20 16 4 28 23 14 27 4 15 28 4 4 18 11 10 21 22 4 29 11 25 10 
13 11 15 5 5 29 6 1 15 23 6 13 9 11 12 14 5 19 10 20 17 14 17 0 14 19 24 26 14 29 9 5 26 8 4 2 0 19 13 5 12 14 15 27 27 10 22 28 13 0 2 9 17 6 6 16 9 14 5 17 6 29 22 22 18 4 
28 26 13 5 21 27 25 8 23 28 6 28 24 10 1 9 15 27 26 17 30 8 25 11 5 0 3 9 9 22 22 28 2 9 29 18 16 15 2 10 20 4 28 11 22 9 7 4 19 29 25 20 20 28 19 23 28 27 4 7 15 22 23 16 19 30 
15 17 19 22 9 24 12 4 5 3 6 2 4 4 21 1 24 26 4 29 3 2 18 22 12 9 3 2 10 9 15 23 10 6 1 5 11 17 20 0 1 29 28 6 29 17 1 16 11 4 14 29 22 16 18 8 22 25 5 30 16 7 16 13 15 18 
27 6 23 30 6 13 2 12 12 0 26 9 2 6 17 20 25 5 14 24 4 23 27 15 1 9 9 0 8 2 8 13 21 18 23 18 2 13 10 15 25 3 21 17 7 17 3 17 7 15 12 22 10 13 22 5 9 0 0 12 20 3 8 11 13 24 
0 9 15 20 28 26 10 30 30 5 17 13 8 17 4 28 15 19 17 28 16 12 7 20 30 14 19 15 0 24 0 13 1 1 28 30 23 28 3 0 6 7 25 30 23 2 11 24 25 26 15 2 5 6 26 3 10 27 3 6 22 17 17 11 22 2 
18 19 29 5 0 24 22 7 7 9 5 1 14 26 6 10 15 21 19 11 12 8 15 10 23 29 13 13 19 11 28 17 4 21 8 4 4 13 16 22 13 12 27 12 4 0 27 17 10 2 26 20 22 17 15 4 9 5 21 15 28 19 16 21 26 18 
15 23 9 30 17 28 26 12 22 13 21 2 19 19 9 10 18 17 30 24 24 20 18 1 23 26 18 14 2 22 16 20 13 23 27 22 28 16 1 23 25 29 17 22 27 11 15 3 4 13 5 14 15 23 26 19 23 15 27 21 25 27 26 17 28 13 
21 15 1 1 12 1 30 4 3 8 14 27 20 17 8 22 18 12 17 25 15 6 9 6 23 0 23 9 15 28 28 4 24 16 28 14 14 28 16 5 23 20 2 1 7 4 15 12 4 23 7 13 8 18 17 19 16 10 22 6 23 4 13 25 21 22 
3 12 16 28 7 2 14 14 6 6 4 22 28 8 18 21 3 9 20 7 9 17 22 8 21 17 1 5 6 11 21 17 27 9 11 10 13 18 22 5 12 0 9 25 8 5 7 24 3 27 2 12 11 24 27 14 30 19 4 10 3 4 5 15 29 2 
18 3 23 5 5 7 0 29 18 6 28 28 11 12 4 8 5 10 1 28 5 11 24 12 9 19 25 15 5 16 21 1 10 27 3 10 0 1 11 1 24 20 14 27 1 11 10 19 2 17 2 28 9 1 8 9 30 23 4 2 29 26 19 21 26 25 
1 1 23 11 3 14 12 21 25 4 15 14 8 24 16 2 21 17 21 17 15 21 17 25 13 9 1 6 27 14 20 6 15 7 13 7 10 21 14 28 25 8 27 0 25 20 2 21 9 28 27 29 20 15 0 5 4 1 25 30 3 30 19 22 28 9 
23 19 18 16 16 1 3 1 16 1 1 6 2 28 2 30 0 15 28 26 26 8 13 26 3 27 1 16 24 27 19 11 8 13 20 21 11 11 11 1 8 19 24 25 29 20 23 30 2 25 12 22 2 5 2 8 28 20 26 18 4 28 25 3 15 15 
8 28 16 17 19 8 22 28 24 26 6 14 24 0 4 28 24 20 26 8 16 9 13 8 14 18 1 27 9 16 5 20 29 26 16 18 30 16 25 29 4 12 24 16 22 22 19 30 16 16 18 9 4 19 0 23 30 27 3 21 29 11 29 15 21 28 
7 3 4 19 12 15 26 2 26 0 12 16 13 13 29 23 25 28 7 21 25 30 21 5 8 17 26 8 20 12 12 7 17 11 20 5 11 21 8 18 13 28 14 24 10 0 17 25 2 21 7 10 19 0 9 29 26 30 18 8 4 15 7 0 3 0 
29 20 23 10 4 12 28 6 8 7 2 9 14 27 14 21 3 8 1 16 12 14 10 5 28 16 15 25 7 10 25 13 7 8 9 24 1 24 18 3 17 25 20 14 11 29 2 4 12 12 11 16 27 10 19 22 7 4 29 21 18 6 23 19 1 17 
27 24 25 3 28 25 10 28 24 25 17 10 20 18 13 26 20 16 19 11 22 8 27 0 13 16 14 11 27 4 19 19 16 7 3 1 24 18 26 15 8 2 13 17 26 10 18 16 14 29 29 24 29 28 21 22 16 27 8 22 11 12 14 8 26 0 
7 17 17 21 3 21 7 4 29 2 4 11 17 2 0 18 12 14 22 17 21 19 20 10 12 18 19 5 3 19 30 3 4 24 18 12 17 23 27 19 23 26 17 12 0 11 16 12 20 19 24 11 12 19 24 13 25 8 7 7 4 26 10 26 24 4 
29 24 16 15 14 9 5 15 30 11 22 11 20 0 26 16 16 1 8 4 23 28 25 4 19 18 27 27 25 4 20 21 13 14 25 18 6 9 23 24 24 20 27 3 25 18 3 16 3 22 4 4 3 4 0 14 19 7 13 1 17 15 27 13 24 0 
22 19 11 18 26 19 13 25 27 23 19 12 5 4 8 25 27 9 26 1 25 29 17 6 19 15 28 2 24 14 12 2 25 20 3 16 15 27 8 29 15 14 22 23 2 13 30 7 14 22 25 16 6 7 7 12 4 16 6 8 21 17 4 8 2 15 
