8
1 9 8 29 6 9 20 19 15 21 16 30 16 13 4 3 0 10 16 27 3 7 19 5 6 25 25 2 16 26 20 3 19 21 20 19 28 17 11 26 22 5 19 30 16 
10 22 23 1 0 9 30 30 25 19 23 17 26 0 5 7 30 19 20 7 8 5 21 5 17 13 12 1 30 27 21 1 11 24 27 22 28 17 29 6 29 29 21 26 24 
9 4 3 17 23 6 18 29 18 14 13 2 15 16 18 8 16 16 20 21 17 16 1 10 26 21 21 0 3 10 17 22 19 17 18 9 15 30 26 17 17 23 9 19 9 
1 4 2 4 13 9 14 8 3 14 24 30 0 9 1 9 0 19 28 10 16 7 0 27 21 1 5 15 30 7 22 26 2 21 29 16 25 19 24 28 30 29 5 4 0 
6 29 15 4 16 26 11 2 8 14 22 29 28 28 24 10 7 3 20 18 25 29 19 24 9 16 30 16 14 15 26 9 18 7 2 20 29 26 26 19 11 16 22 18 12 
21 17 1 15 25 19 24 30 5 14 7 8 23 15 15 3 28 19 11 14 16 6 23 10 14 15 17 29 17 12 9 26 29 2 24 16 26 3 10 15 28 28 27 19 14 
10 3 19 0 29 24 9 25 15 22 2 17 18 9 3 27 9 22 15 6 18 24 3 28 17 30 7 6 21 29 25 27 14 7 9 1 19 12 29 9 5 18 11 6 28 
9 15 15 29 12 2 23 12 14 3 13 13 10 18 21 13 19 11 26 26 19 28 7 18 5 19 3 16 7 10 29 30 25 4 24 23 2 18 27 10 30 21 0 20 9 
18 17 30 30 19 6 20 27 10 29 18 12 21 9 14 1 6 7 1 11 21 29 23 7 27 14 29 19 18 13 4 3 13 27 26 5 21 12 27 23 3 12 4 19 4 
0 16 26 5 2 30 19 17 7 17 3 11 27 8 6 26 8 9 18 0 11 18 26 7 20 20 27 2 15 19 3 28 25 20 10 7 24 11 20 1 17 30 30 12 6 
6 0 3 28 26 25 6 8 22 10 2 16 18 1 15 8 9 25 15 30 30 9 20 9 4 7 15 9 26 29 17 9 5 24 6 11 25 24 15 5 1 27 13 8 15 
28 23 2 9 19 2 23 21 29 6 18 18 16 18 23 20 14 3 1 15 1 1 3 20 19 11 28 1 14 28 3 9 23 28 3 12 1 4 30 30 8 26 26 21 4 
5 14 26 20 3 6 26 10 3 12 18 11 9 2 26 13 11 12 29 21 25 2 10 18 14 26 10 27 3 1 6 29 2 21 5 23 14 18 0 18 5 27 26 30 24 
8 15 8 20 23 10 2 17 25 3 17 29 30 4 24 25 19 3 6 11 0 18 8 2 24 5 27 9 1 1 18 30 28 23 3 15 20 14 16 2 27 13 9 29 28 
18 10 2 0 16 20 3 4 26 17 27 18 7 19 11 30 15 8 9 2 5 15 7 2 8 11 8 8 2 29 1 21 21 26 28 26 25 30 4 5 20 17 18 13 20 
27 19 2 6 5 17 11 22 18 7 26 10 17 21 12 16 30 10 15 16 4 0 21 10 23 25 30 13 3 19 8 0 9 29 20 24 4 22 21 30 26 9 12 4 28 
