11
6 9 10 11 6 23 20 2 3 13 14 9 20 11 16 26 28 9 26 29 18 23 22 26 21 29 14 8 24 11 0 10 5 3 20 24 24 7 30 18 16 22 12 30 7 23 12 29 7 2 28 3 24 14 26 0 2 13 7 21 20 30 1 22 22 3 22 8 12 30 25 5 27 27 9 18 4 2 
22 23 0 11 26 8 28 7 2 17 6 18 26 24 16 28 0 13 1 0 13 30 9 27 15 29 16 14 6 17 23 4 22 20 22 2 29 5 13 25 25 22 4 18 26 14 7 27 18 3 9 3 28 23 0 25 30 1 30 12 28 12 19 1 21 18 30 28 8 20 26 28 27 14 3 11 22 0 
13 7 22 0 9 14 11 12 21 12 17 16 9 14 16 2 5 29 4 1 21 9 21 28 23 12 1 25 2 16 8 4 13 9 11 20 14 10 9 24 13 14 29 5 25 23 11 24 17 18 27 2 27 25 9 0 9 27 17 18 19 11 22 7 8 26 8 13 25 30 3 18 26 25 22 15 14 27 
25 11 8 20 27 19 22 8 24 20 2 24 16 11 9 19 20 20 22 3 4 22 10 10 20 10 15 10 3 7 3 6 22 3 1 23 14 9 11 7 10 29 29 14 12 6 30 14 11 24 3 28 1 13 19 30 13 29 7 23 3 19 26 18 18 9 13 0 18 12 27 27 24 19 18 20 5 28 
29 8 13 13 21 2 24 15 30 4 8 15 19 17 5 11 0 6 15 21 22 27 0 7 30 4 2 15 13 0 6 21 0 17 21 2 22 2 23 14 30 14 2 23 21 9 1 3 13 28 1 1 14 17 7 19 28 12 20 12 14 26 14 19 21 16 30 23 25 30 24 23 16 5 4 23 26 29 
28 2 18 2 25 5 9 29 12 7 6 3 26 19 17 12 14 0 2 0 28 12 22 19 29 28 0 2 18 15 23 22 6 5 30 13 1 19 11 14 30 17 9 11 5 29 24 16 28 11 15 1 26 0 20 27 30 3 25 12 16 29 6 29 4 0 5 11 13 8 10 30 8 11 6 3 4 25 
1 1 5 7 16 26 28 19 17 20 14 30 16 11 28 16 15 27 28 3 30 28 25 9 22 22 4 29 24 12 29 16 1 22 3 19 26 23 17 2 1 21 0 20 0 13 2 29 5 22 21 30 8 5 2 7 10 27 10 19 0 4 15 7 9 13 16 22 18 21 1 2 16 30 27 19 5 15 
28 11 6 16 25 24 23 15 8 28 17 9 17 18 14 8 2 3 6 19 24 23 12 19 17 8 3 1 1 10 28 22 2 20 21 3 7 9 16 15 16 5 11 20 20 24 22 15 27 29 0 1 21 7 12 4 10 14 3 10 7 5 25 8 6 23 8 22 20 10 25 2 3 18 8 4 6 21 
20 2 1 11 20 9 23 10 12 23 18 17 5 30 1 18 30 21 20 26 9 26 6 25 17 11 29 9 1 10 3 4 12 18 27 19 23 16 27 1 18 12 14 30 24 8 1 5 17 11 28 14 1 22 6 7 7 23 23 4 9 26 7 3 11 3 19 28 0 0 26 6 13 0 20 29 28 8 
5 25 15 17 28 28 18 15 3 25 13 18 12 24 1 14 17 26 1 15 26 22 26 18 4 17 1 25 28 28 8 30 8 2 0 23 23 1 13 0 7 10 29 12 22 7 8 17 6 0 19 25 29 1 12 1 30 29 19 30 25 27 14 24 1 23 0 3 30 22 26 6 30 12 16 28 11 2 
18 5 15 11 15 27 14 18 3 5 15 9 23 4 21 7 30 18 19 23 24 2 21 29 27 17 27 15 19 19 28 6 5 30 9 26 18 9 21 21 20 27 23 20 19 9 29 16 15 19 12 13 8 5 27 2 22 1 28 26 1 14 19 16 30 9 20 23 20 20 18 20 22 16 0 21 25 28 
18 15 6 24 7 29 12 10 13 29 19 18 21 18 14 30 7 10 19 25 26 8 25 8 29 22 2 9 2 6 6 29 16 27 30 27 15 9 20 23 16 22 26 14 26 22 4 7 8 19 0 26 10 5 9 14 10 10 10 10 4 12 26 21 16 9 11 28 11 18 20 18 10 15 18 30 29 25 
13 26 25 4 19 9 28 6 1 28 25 1 24 5 17 1 30 12 22 1 24 9 7 27 15 7 14 18 8 14 30 15 13 25 21 10 5 0 6 15 15 4 13 0 25 16 6 3 0 14 8 17 6 7 12 2 12 20 23 21 17 11 4 28 26 4 6 2 10 14 13 17 21 3 29 0 2 30 
28 29 29 28 27 15 17 30 7 23 4 4 24 7 14 2 5 15 30 23 5 26 17 25 12 18 21 13 10 1 11 15 27 1 14 27 8 13 11 28 4 16 7 17 11 23 26 5 23 1 30 7 30 21 24 22 6 26 10 13 11 16 16 24 13 21 6 9 23 27 22 22 24 0 21 28 10 16 
14 13 0 0 19 12 1 26 28 4 6 28 10 18 29 2 23 15 20 10 1 16 21 24 17 3 29 17 17 17 9 14 29 12 15 20 30 19 28 25 18 18 17 22 2 20 19 14 23 26 4 7 2 18 25 14 13 16 22 25 30 18 9 2 15 6 10 22 5 30 18 24 16 29 10 4 8 13 
17 11 24 24 28 27 23 6 17 20 25 16 30 10 14 19 1 11 16 8 20 21 11 20 15 2 6 21 22 3 29 1 13 27 18 24 17 19 28 15 5 4 18 5 21 9 17 8 18 12 24 5 3 25 2 2 24 0 8 6 29 25 11 6 3 16 11 5 5 29 1 21 24 21 10 27 1 2 
22 8 21 5 11 28 24 0 30 26 1 2 10 21 3 26 3 11 2 22 10 6 18 16 6 15 8 2 21 22 26 7 4 17 11 5 30 22 26 1 5 14 27 27 14 11 0 14 27 28 18 29 18 17 6 13 22 19 30 6 10 15 23 22 29 2 24 26 25 10 4 22 20 8 11 12 23 19 
23 21 28 17 11 28 29 12 5 3 0 22 12 21 5 14 3 16 19 10 14 7 9 30 28 16 1 27 8 24 25 9 5 0 15 10 26 20 17 29 5 10 11 15 14 2 2 24 10 24 4 19 25 7 14 1 0 9 7 1 13 12 10 27 19 25 1 26 4 8 18 15 20 24 20 2 12 14 
1 9 11 26 11 5 12 29 11 2 12 16 26 19 25 5 23 5 0 7 9 26 30 17 23 30 6 27 11 6 26 12 13 19 4 29 22 1 22 1 3 22 21 9 25 15 7 5 19 29 9 10 21 15 17 8 19 18 21 9 24 15 12 29 19 30 21 4 19 19 25 3 20 2 14 14 6 28 
6 30 15 9 27 6 15 19 29 17 15 3 16 8 30 5 16 8 19 13 30 27 7 20 24 15 6 22 13 22 13 2 12 20 30 0 4 27 0 28 11 1 20 30 19 5 0 10 1 21 20 15 5 25 15 15 5 27 24 13 2 12 5 13 23 24 11 30 2 1 25 18 23 14 18 11 7 22 
29 24 19 8 3 25 6 7 25 30 27 28 25 22 0 20 29 20 1 6 15 17 11 3 6 17 12 19 7 2 2 6 25 11 12 30 0 5 10 4 22 28 16 21 17 19 26 14 3 16 19 29 27 26 2 25 9 26 1 6 28 16 11 19 28 3 12 12 8 19 24 8 3 9 1 10 3 19 
19 10 25 19 28 24 26 2 28 25 7 27 22 15 17 14 30 19 2 6 6 19 28 28 24 28 17 1 9 22 23 25 24 3 10 21 2 24 15 12 16 17 4 20 16 20 25 0 29 23 1 11 23 1 20 15 25 15 8 21 3 4 25 28 7 29 22 4 0 24 29 22 20 18 27 20 2 9 
