10
2 10 4 4 10 21 13 25 21 28 14 10 28 7 21 29 19 26 13 10 8 9 29 16 26 12 3 4 1 20 11 21 9 5 8 8 30 21 14 27 22 14 10 20 5 5 19 4 24 17 0 9 8 30 20 12 4 26 11 14 1 27 14 23 24 6 
17 10 4 18 16 1 16 7 4 24 16 19 11 6 12 14 29 15 4 12 6 26 10 23 20 18 11 26 1 15 25 18 19 2 4 15 22 15 30 5 1 2 22 12 8 8 22 10 3 4 8 12 13 20 15 1 3 6 1 7 0 28 27 27 26 20 
0 16 9 24 9 22 29 12 15 30 28 3 15 17 1 11 11 30 26 25 4 26 29 25 20 9 28 0 3 2 16 23 12 25 2 8 15 3 2 0 3 9 16 17 18 21 20 17 30 7 3 7 24 7 16 15 0 26 13 13 3 20 2 23 28 14 
14 0 20 10 18 28 27 24 19 20 29 25 17 14 21 10 8 28 18 7 21 18 1 29 23 10 1 25 23 24 30 1 4 1 7 18 4 26 2 23 19 5 17 3 3 16 29 25 10 19 6 11 23 14 18 1 17 2 18 1 17 3 18 9 3 3 
20 13 4 24 1 24 24 29 19 3 0 25 28 3 13 25 8 6 17 13 6 15 10 4 4 30 15 2 10 1 3 4 26 17 23 19 23 9 30 22 17 8 25 0 13 0 0 1 6 4 22 2 19 3 24 16 29 25 14 5 7 26 11 26 18 3 
30 16 2 19 7 15 15 0 16 14 20 16 4 23 10 9 4 27 22 27 0 14 4 16 26 2 8 25 29 1 17 21 6 28 29 22 6 7 26 23 24 18 29 4 17 24 15 2 0 11 8 12 21 5 21 0 12 7 14 7 21 25 16 21 16 18 
15 17 13 14 25 4 5 11 18 6 22 4 5 27 22 20 18 25 26 1 12 4 7 15 7 28 9 29 14 4 26 30 25 28 19 6 4 18 19 13 25 21 15 27 5 3 7 17 19 5 26 2 9 10 9 29 20 9 17 19 2 29 0 14 29 13 
27 12 10 0 6 13 17 27 4 13 21 22 1 15 9 19 17 16 1 4 5 17 21 6 18 26 7 28 17 1 27 15 17 19 29 30 15 1 9 23 0 3 26 8 7 15 14 13 19 3 1 16 9 16 4 4 4 2 9 8 6 20 24 6 5 10 
20 19 17 24 7 3 23 25 2 9 6 19 8 22 3 9 8 27 27 14 8 24 25 25 25 12 15 20 2 23 17 6 23 13 30 20 19 19 23 6 23 17 0 22 8 15 5 12 6 15 29 21 9 22 26 21 0 24 15 7 14 21 11 0 21 21 
11 10 24 6 22 27 20 9 30 14 1 12 14 23 5 19 15 25 15 22 3 25 0 1 1 24 30 25 4 18 24 7 14 25 6 20 23 26 29 22 30 20 14 5 16 14 27 24 11 23 6 15 5 24 8 6 18 5 22 22 5 26 23 20 29 0 
3 6 2 1 10 26 9 6 25 30 19 10 2 3 9 0 18 24 3 2 21 21 28 7 18 26 3 7 29 2 6 7 9 7 16 16 0 13 14 25 6 7 23 3 27 0 29 3 9 18 26 17 16 13 21 16 16 12 1 7 27 20 5 23 23 8 
9 28 7 3 11 8 18 20 10 8 15 9 11 23 19 20 16 12 24 0 0 19 5 25 30 29 27 8 25 8 29 26 17 18 17 14 19 4 14 6 10 14 3 2 14 8 7 5 19 20 3 22 0 27 30 10 30 19 8 19 6 10 19 27 18 12 
1 16 29 28 17 13 19 17 7 23 25 6 26 7 5 1 6 17 27 19 6 19 11 20 16 24 27 14 30 8 29 16 8 9 6 1 8 13 9 6 18 8 4 5 10 23 3 8 28 28 16 21 0 10 14 15 18 11 24 2 11 4 2 17 15 7 
18 15 27 29 28 24 17 7 6 5 13 18 4 7 25 9 2 24 4 6 30 5 2 1 2 1 0 11 26 10 14 16 4 16 15 3 3 14 26 22 5 3 8 9 16 14 3 22 30 19 9 27 15 3 9 15 23 17 10 13 25 16 24 22 25 29 
20 1 20 18 2 24 29 2 25 8 3 6 12 28 9 6 0 25 8 29 29 25 14 16 9 2 9 3 27 10 28 23 15 24 0 15 27 7 30 1 3 3 13 30 17 19 4 6 25 8 2 25 8 19 13 10 25 11 2 17 19 13 8 22 21 15 
3 18 24 10 6 2 12 25 4 30 14 7 19 3 5 3 11 14 25 15 30 28 22 5 11 5 26 29 9 14 22 13 3 21 4 4 10 30 28 8 25 14 11 17 20 23 30 9 14 5 17 7 14 13 16 26 24 13 15 3 0 2 6 3 15 15 
13 4 24 10 18 1 1 27 5 0 9 11 14 8 0 28 28 24 1 22 30 23 13 26 24 28 19 26 26 15 18 14 24 8 9 2 30 25 4 27 17 16 27 13 11 18 6 14 16 7 15 22 14 26 16 10 14 21 4 11 24 29 11 7 20 6 
9 16 8 7 0 2 0 5 23 17 18 6 19 23 6 12 19 29 9 28 13 20 3 26 3 1 6 8 0 1 21 25 20 5 29 2 10 14 27 28 19 25 0 6 11 11 26 24 29 9 1 2 30 4 9 2 15 8 23 24 13 12 2 28 20 25 
3 17 16 11 2 8 18 0 26 6 25 12 0 22 24 30 29 0 26 13 16 30 6 16 17 25 4 6 2 22 26 25 6 26 0 13 8 11 7 11 15 14 2 12 13 18 9 30 2 30 10 15 14 27 11 19 4 18 11 22 25 15 0 21 3 12 
16 21 17 9 15 22 4 24 28 12 5 14 14 4 2 30 8 9 3 2 29 21 9 15 23 11 3 16 19 28 14 27 15 14 29 15 10 18 28 5 19 27 28 21 4 0 22 1 6 15 5 12 29 21 29 0 30 6 8 13 1 16 2 23 9 14 
