11
12 23 30 1 19 30 17 15 2 27 0 18 1 15 1 4 20 28 18 18 13 22 11 1 8 6 7 28 27 7 0 27 29 15 25 19 28 24 23 0 25 12 15 28 26 14 19 12 24 30 26 28 1 7 9 25 15 4 15 0 21 15 1 28 14 20 5 23 13 16 13 1 10 21 29 12 3 26 
18 1 0 13 29 1 4 16 29 11 22 27 22 18 24 21 6 23 1 21 19 23 25 23 22 17 21 20 26 3 26 8 30 10 19 29 1 28 22 18 25 16 27 29 5 11 6 5 4 20 14 0 3 9 7 17 14 1 11 13 21 0 21 24 0 18 3 10 2 30 15 9 2 20 20 16 3 16 
26 3 6 22 3 29 29 24 3 8 17 23 29 11 29 17 9 5 24 10 3 30 2 4 10 6 6 10 23 19 2 0 12 4 13 29 3 16 8 3 10 4 21 30 19 19 24 17 21 5 15 14 24 16 28 8 0 7 2 13 24 2 12 4 17 25 7 22 15 30 20 2 28 12 9 19 14 23 
30 2 19 12 16 14 17 13 23 20 5 11 24 3 26 17 13 19 13 17 9 15 29 0 7 20 14 15 2 21 17 30 2 18 21 19 28 4 23 24 4 7 0 7 23 30 11 6 30 10 12 12 22 17 0 16 23 29 27 1 26 22 23 0 12 29 22 0 25 16 1 26 19 5 2 22 11 5 
15 11 22 4 22 25 11 26 1 16 18 2 13 9 9 29 14 2 21 6 8 20 25 11 4 28 23 4 12 21 3 21 22 26 24 21 8 3 0 10 22 21 10 15 28 24 28 22 7 20 30 21 15 17 15 23 2 23 12 15 24 2 19 14 28 5 11 29 28 27 17 7 11 6 6 13 24 5 
22 13 22 19 11 9 10 11 10 13 28 28 14 6 5 12 9 6 5 26 12 22 5 12 14 14 0 3 27 27 10 11 0 25 30 9 14 9 1 24 11 24 5 29 1 3 15 11 6 24 28 0 2 13 30 4 1 25 24 13 25 3 5 23 15 15 26 0 20 2 13 17 5 4 29 13 16 23 
3 3 29 8 21 29 19 5 10 25 1 9 12 2 23 19 14 22 30 0 24 10 10 28 25 12 6 21 5 3 8 10 11 7 16 3 9 26 12 7 19 3 30 11 12 11 27 28 20 0 19 2 2 22 17 12 23 24 7 0 2 21 21 11 24 12 8 0 1 17 26 9 29 21 14 11 11 29 
0 12 25 16 4 18 4 4 10 2 0 3 9 11 2 23 21 10 18 22 21 22 4 15 10 23 22 3 9 1 7 19 27 16 22 7 25 12 28 6 9 12 3 5 19 9 22 0 13 18 19 25 27 4 2 16 10 24 16 16 8 30 14 2 23 18 23 25 29 1 29 17 30 20 22 21 7 7 
11 1 24 14 11 26 15 2 19 5 1 13 19 27 21 30 1 12 12 7 13 24 29 13 17 5 7 16 30 10 7 28 3 9 30 29 28 17 30 8 16 16 9 16 5 2 15 13 16 19 19 17 23 3 0 14 10 0 21 23 25 23 11 26 3 11 23 3 7 26 1 13 22 18 0 14 27 8 
3 27 18 7 30 11 11 21 16 16 12 21 19 20 27 16 16 6 17 22 4 4 28 3 12 12 14 2 11 5 3 26 24 12 7 9 2 24 24 14 11 7 17 4 11 13 0 15 25 23 2 22 3 1 2 12 29 2 16 21 4 13 14 7 16 2 5 16 16 3 17 5 28 26 25 4 17 18 
7 21 13 19 30 24 28 28 21 6 14 12 11 3 1 19 10 15 28 21 16 21 10 14 5 19 30 14 0 21 14 23 19 22 30 17 0 25 15 3 23 25 12 8 17 6 8 15 12 0 14 1 14 18 22 29 17 30 24 18 1 24 16 25 8 9 11 24 14 25 20 30 25 13 15 12 2 14 
28 24 4 6 11 5 9 22 19 13 1 5 8 1 9 17 21 14 29 4 18 13 21 29 11 1 5 4 27 21 18 16 10 7 20 19 9 0 28 13 3 11 21 2 13 21 2 27 7 5 13 23 8 30 15 5 7 15 6 22 30 30 15 2 26 19 20 28 20 17 26 27 29 14 25 2 20 8 
7 12 25 29 17 10 1 3 22 5 5 18 21 14 19 2 16 10 21 26 6 13 9 19 9 3 3 3 12 18 28 1 13 18 27 19 12 12 5 14 6 26 8 3 21 11 7 26 24 5 16 5 8 1 27 8 16 30 20 29 30 10 24 30 0 30 11 8 11 17 23 28 21 2 30 13 25 18 
18 7 17 29 1 10 2 4 22 4 12 22 7 2 30 12 2 7 12 13 26 19 26 21 16 2 15 15 11 13 23 26 19 11 10 28 18 15 21 0 22 11 10 21 7 27 8 25 8 3 15 21 28 23 21 2 11 4 3 9 30 16 29 25 4 6 5 19 2 23 27 15 12 16 18 4 21 24 
25 21 9 14 18 19 11 19 5 1 26 22 13 4 3 24 23 4 14 21 24 12 10 10 21 6 21 18 4 9 19 11 8 29 18 7 15 0 16 26 13 6 26 6 3 30 18 0 20 14 20 25 30 9 21 15 23 8 23 15 6 23 16 2 29 0 6 21 26 30 8 3 2 13 22 27 24 8 
1 4 3 16 17 20 0 19 6 6 4 21 17 30 30 0 7 19 14 4 28 27 21 5 4 21 22 11 23 27 29 11 8 8 19 28 5 22 2 5 1 12 29 16 9 21 1 2 25 2 26 23 17 16 3 2 1 16 7 0 15 0 13 15 18 25 11 29 24 2 23 28 29 22 22 21 23 20 
0 17 29 7 12 8 3 2 21 28 9 13 6 16 15 21 0 1 23 23 21 7 7 16 29 21 10 10 5 4 30 1 9 24 4 23 6 10 7 19 1 1 27 27 30 8 23 3 1 13 9 17 8 8 0 13 21 7 28 30 20 25 9 27 16 24 8 29 18 5 15 27 21 24 25 4 6 13 
8 6 29 5 26 1 6 30 17 18 24 29 5 19 3 17 22 1 9 22 8 13 19 24 1 22 4 27 12 7 8 3 13 16 25 28 19 6 6 17 0 27 7 13 19 7 12 4 23 5 15 19 16 14 11 0 28 28 11 1 14 20 22 25 23 30 23 17 30 30 11 15 19 12 29 8 3 9 
27 28 1 14 7 4 28 19 24 19 10 2 15 23 29 0 19 11 21 23 19 29 29 9 8 25 10 16 11 8 3 25 30 19 10 2 21 18 0 17 10 13 27 11 21 30 5 10 4 17 17 16 20 28 3 29 18 19 30 13 4 26 2 15 16 27 20 15 21 6 9 30 14 8 7 18 8 5 
17 5 18 23 22 27 1 5 29 20 23 1 28 30 8 11 28 0 7 7 29 15 1 25 23 19 25 2 19 18 1 25 9 28 21 0 23 30 25 30 16 6 14 5 27 29 18 22 5 5 25 30 18 0 22 3 16 1 15 18 30 24 5 11 25 2 15 16 18 6 1 4 3 29 28 29 7 5 
22 30 23 17 18 15 16 8 20 23 2 17 7 15 15 4 9 15 20 3 11 22 1 5 9 16 27 8 30 12 20 3 28 12 2 27 17 4 11 16 13 9 14 0 3 24 26 20 21 8 16 13 20 11 17 20 0 16 24 16 2 30 7 6 22 7 27 24 27 5 14 28 6 0 20 20 14 1 
17 14 23 14 10 27 20 21 15 17 27 19 24 29 12 29 5 4 29 7 3 4 21 23 20 1 29 13 10 22 9 28 26 12 26 0 21 22 27 29 0 17 26 22 6 4 0 12 5 12 30 21 11 3 6 15 14 11 10 6 9 12 0 2 20 8 10 29 6 7 23 29 9 29 27 19 11 2 
