7
20 15 12 28 4 30 4 22 1 8 27 0 26 1 18 18 30 1 6 18 30 19 16 10 1 19 0 1 18 4 28 13 27 5 3 3 
8 2 19 12 25 23 14 5 14 30 21 9 30 8 18 3 6 24 19 16 17 17 8 5 17 25 17 23 15 11 29 3 20 27 19 7 
10 29 5 12 4 20 7 16 8 7 6 1 23 4 26 4 20 17 1 9 11 10 0 10 23 22 19 27 19 24 18 29 20 16 16 21 
24 21 1 6 24 13 23 27 15 2 25 24 25 1 20 19 13 8 20 10 1 10 17 13 29 30 23 18 12 9 30 8 5 10 17 9 
27 9 24 8 29 30 27 4 24 17 28 10 27 9 15 6 29 20 7 8 13 2 18 1 5 9 26 17 11 15 26 28 4 18 26 20 
9 17 5 15 13 7 21 14 7 30 8 25 1 21 8 5 28 24 27 25 8 14 22 10 24 29 1 16 11 26 19 8 0 9 23 27 
11 29 3 20 6 21 21 0 21 12 30 26 9 26 21 8 23 7 20 6 17 20 18 18 3 24 9 19 26 13 13 5 25 1 22 16 
28 30 22 26 27 24 11 1 27 18 26 22 29 26 21 4 4 16 16 27 17 5 17 22 20 6 27 4 1 23 11 23 2 12 6 2 
1 27 22 18 0 9 0 6 0 1 29 6 26 0 10 18 22 15 14 9 24 25 22 21 30 19 5 20 21 17 26 1 18 29 18 13 
30 0 22 30 13 3 21 14 3 30 21 25 11 15 27 27 10 13 12 22 29 19 17 24 7 23 7 7 6 23 11 18 7 1 24 2 
20 7 24 4 2 9 0 22 13 17 18 30 22 26 30 30 30 18 17 0 12 28 3 23 1 20 23 15 6 1 6 15 18 20 20 10 
9 2 28 7 20 0 0 2 7 30 29 21 13 16 24 1 20 18 27 25 17 11 7 27 17 14 1 10 8 2 24 21 13 27 24 29 
3 20 28 12 24 0 26 4 20 9 29 13 28 29 10 4 10 22 6 16 11 7 12 8 21 12 13 22 5 9 7 2 8 1 3 0 
10 18 5 12 7 17 16 9 23 2 16 19 26 13 11 6 11 23 11 27 28 5 4 21 14 17 17 16 17 3 30 15 8 17 21 11 
