11
19 23 6 2 23 19 15 27 3 25 20 3 29 24 4 29 14 28 8 11 15 20 8 22 22 8 14 1 6 14 27 1 3 9 19 16 9 7 19 20 8 25 5 24 4 18 9 9 10 3 11 2 8 20 8 15 17 20 25 24 3 20 14 30 13 10 11 10 26 14 12 0 26 15 29 7 26 3 
28 12 17 30 12 27 14 12 4 2 21 2 6 0 25 27 29 24 3 6 30 28 22 6 14 15 8 29 14 5 14 18 2 4 20 12 20 2 27 23 26 23 0 24 25 14 1 3 15 22 8 9 4 25 20 0 8 22 11 18 13 0 2 23 13 6 29 11 25 19 18 15 17 22 2 15 23 4 
4 5 24 27 22 29 8 22 2 18 13 12 23 17 30 24 25 13 13 30 3 16 14 4 15 7 24 21 16 9 20 29 18 24 6 20 7 27 4 14 0 13 21 30 30 2 23 27 27 23 10 16 24 30 15 22 11 16 13 29 5 8 11 1 3 11 27 10 28 21 18 27 3 20 22 19 24 13 
27 19 4 19 9 25 14 28 12 15 9 3 25 11 8 26 3 28 30 5 20 2 12 12 4 13 29 10 22 10 10 22 17 22 15 5 23 25 22 1 25 14 24 9 2 6 10 24 0 14 10 23 23 1 19 10 26 19 26 26 13 10 6 6 6 13 13 29 30 1 19 3 29 0 7 7 26 26 
2 9 28 13 8 14 20 30 0 27 24 23 6 16 17 12 10 13 2 10 12 26 16 27 8 17 1 22 6 25 13 22 5 10 17 8 5 13 10 6 2 24 12 13 3 29 24 26 16 30 14 26 16 21 1 23 27 1 15 21 9 29 20 17 8 22 4 3 23 0 2 1 12 24 0 15 19 10 
21 19 14 16 16 19 13 30 18 16 20 26 29 13 26 16 0 0 10 21 5 1 16 3 25 26 11 21 22 21 27 14 1 24 21 19 7 15 15 18 11 14 9 23 21 0 30 9 2 22 27 10 22 5 1 17 9 2 7 23 5 1 28 23 15 23 15 14 10 0 6 15 17 21 9 27 0 16 
17 3 7 14 7 8 4 21 1 21 9 5 27 10 22 30 10 21 0 9 27 13 2 21 12 8 19 16 11 0 11 22 27 27 17 21 17 13 20 8 10 3 1 29 3 17 7 27 17 7 0 10 16 20 20 17 17 2 0 24 14 29 17 2 17 25 7 2 20 10 6 23 4 28 14 14 29 4 
14 27 23 22 30 29 29 9 26 4 8 21 4 10 23 23 14 14 28 7 26 2 19 15 19 0 10 26 1 3 21 12 18 23 3 3 17 4 16 8 4 14 3 25 14 12 7 23 7 9 23 3 10 5 25 1 26 7 28 17 1 5 19 29 28 30 16 22 8 10 17 30 24 24 22 30 18 29 
9 30 0 0 28 10 15 13 9 16 8 12 8 16 2 16 23 15 17 27 27 26 3 19 25 26 22 5 30 2 19 9 24 22 0 21 17 1 22 6 0 2 17 15 18 14 0 30 2 22 4 15 15 23 23 21 11 16 12 14 0 10 5 17 20 5 21 20 11 12 16 0 30 20 0 21 23 27 
10 14 28 8 30 23 23 8 25 23 15 11 13 0 9 6 5 19 1 7 20 11 0 24 30 3 23 19 26 3 16 11 19 16 27 26 3 6 7 27 1 29 25 6 3 30 23 22 9 27 14 21 18 25 16 24 4 9 7 9 24 25 8 25 18 22 16 5 16 11 0 8 30 17 20 15 9 23 
12 16 13 11 20 8 6 14 16 24 21 12 18 13 18 14 0 12 14 19 30 1 13 9 27 14 24 11 13 19 8 6 20 16 11 8 10 9 11 25 24 19 0 1 21 25 16 4 16 16 27 22 13 11 7 10 8 4 24 5 0 24 25 13 21 29 6 6 29 15 29 27 24 8 10 10 16 5 
11 0 19 19 4 12 27 30 8 30 30 5 16 4 10 29 21 17 16 30 9 27 23 9 1 28 22 16 24 23 5 4 25 10 15 22 18 19 5 4 29 23 23 30 22 6 3 8 28 10 5 13 12 23 12 19 24 26 12 24 2 5 7 22 4 10 15 3 2 6 11 2 18 2 7 28 1 25 
13 16 0 29 28 22 24 20 14 9 6 9 29 5 6 21 4 21 9 14 8 19 21 21 1 12 9 19 27 9 10 7 9 22 24 4 24 7 16 1 12 10 9 3 10 18 11 7 29 13 12 1 22 14 7 26 3 30 28 25 0 29 27 8 24 18 22 10 1 6 13 15 24 12 3 3 7 15 
12 21 25 19 12 1 30 10 23 30 18 12 8 24 4 29 4 25 4 4 3 15 19 9 4 7 8 5 0 25 13 23 11 14 26 0 23 9 3 28 12 11 28 20 6 18 16 21 3 24 0 7 7 24 20 15 7 1 5 0 0 22 27 4 16 14 30 26 13 27 5 28 25 17 20 20 2 13 
28 23 4 19 13 20 8 21 30 20 1 30 6 15 14 7 15 20 3 30 7 30 27 23 6 6 27 3 7 22 1 5 21 24 20 7 9 14 5 18 20 18 4 6 29 3 8 1 19 22 9 13 8 13 14 16 7 6 6 16 8 15 12 9 21 4 29 23 3 8 18 12 3 10 10 13 1 8 
30 1 3 30 19 5 12 23 10 4 21 24 18 0 13 6 3 0 24 11 7 11 21 19 27 6 10 4 15 22 6 17 10 22 25 23 26 20 22 25 18 30 13 25 25 12 29 10 7 26 19 28 21 29 22 22 6 2 1 13 10 25 27 9 6 15 1 7 22 1 26 0 18 3 28 17 8 13 
29 22 5 5 9 30 13 2 25 28 17 20 5 29 7 29 8 14 8 13 24 6 2 21 19 7 18 15 9 4 11 20 8 3 16 3 11 28 17 0 26 26 30 30 6 19 17 5 13 1 6 25 28 21 6 1 16 30 25 2 13 12 20 13 22 21 3 4 24 30 0 3 29 10 28 20 21 4 
1 10 18 21 21 15 5 7 5 20 17 22 9 25 14 11 16 1 11 20 15 0 18 7 17 30 13 10 21 29 13 29 7 11 5 20 1 6 28 29 24 28 8 19 29 13 5 7 10 4 30 6 24 9 25 14 24 13 25 7 29 4 13 4 25 18 6 26 14 14 5 19 10 13 15 6 14 6 
5 27 29 26 7 22 2 11 6 1 26 24 30 11 5 14 1 15 9 10 14 23 24 18 16 11 4 11 17 25 28 30 22 5 1 3 1 14 21 30 11 1 18 27 19 27 2 1 22 30 18 7 8 0 0 27 24 10 27 29 21 25 8 27 15 21 30 10 19 26 19 3 11 2 17 9 5 9 
10 8 12 30 7 28 0 2 26 30 20 8 16 19 28 3 12 17 12 23 30 12 0 16 3 12 25 20 23 6 15 29 20 30 26 30 22 16 1 9 19 3 15 20 9 29 21 10 13 19 4 29 13 20 4 21 28 11 20 28 29 4 25 1 8 9 19 4 8 16 8 5 21 5 19 15 3 7 
22 6 28 11 8 5 22 19 22 23 14 24 16 30 0 6 0 9 8 20 14 8 0 17 5 17 4 28 21 4 11 18 3 4 7 2 7 5 4 18 20 28 28 26 28 20 5 22 26 18 21 22 18 28 10 29 21 2 20 29 12 14 11 16 7 25 20 6 22 22 18 0 13 11 16 29 12 3 
5 16 27 27 3 11 21 30 30 28 7 9 4 27 28 13 9 10 7 17 16 30 20 20 21 26 9 12 8 9 29 23 1 14 0 5 28 29 20 8 15 6 5 24 7 3 22 20 8 14 1 11 13 2 7 11 12 6 5 22 8 16 25 24 15 23 6 17 21 27 1 13 17 30 11 22 10 23 
