15
1 3 0 27 6 5 22 21 11 7 0 26 5 19 7 4 21 9 20 28 12 27 17 0 15 18 23 10 29 2 12 20 2 21 20 12 10 2 2 14 0 30 3 25 11 25 16 10 22 5 16 4 9 2 0 12 28 5 4 19 7 5 27 7 19 9 8 17 12 16 14 9 2 10 8 28 3 2 4 17 22 24 15 8 13 28 1 23 17 27 10 10 28 3 4 12 23 20 18 20 15 12 19 25 27 18 4 5 23 19 15 5 25 9 28 6 22 25 17 2 15 2 22 2 16 20 28 27 0 3 11 24 0 19 3 26 
0 1 12 13 13 13 25 11 2 14 16 6 25 13 28 9 6 12 11 30 28 29 15 6 23 20 22 16 22 21 26 21 7 24 6 18 11 24 23 21 20 18 28 13 5 2 14 20 0 25 3 28 20 18 3 30 20 9 2 19 15 18 28 26 15 22 0 16 29 3 25 29 0 17 8 2 5 0 25 22 16 29 26 14 27 3 26 2 5 9 12 1 26 22 25 2 9 13 13 4 28 27 14 10 0 28 24 16 8 7 12 0 25 1 6 29 12 9 8 8 7 22 17 24 7 23 6 5 11 0 0 1 1 19 26 2 
0 29 17 17 24 28 3 30 25 23 2 16 11 21 5 3 26 29 2 27 19 5 5 8 2 25 2 3 22 20 12 11 10 15 10 23 18 1 28 28 21 12 18 4 11 23 0 7 21 19 3 13 25 13 6 19 25 1 12 5 13 0 15 16 3 19 6 0 23 14 14 9 24 3 1 4 19 16 24 13 3 13 14 16 6 0 15 11 1 29 23 30 24 26 9 5 16 26 1 23 7 11 6 18 27 7 9 29 15 24 3 22 12 21 24 7 0 13 9 6 23 20 12 15 30 21 9 10 8 14 14 22 29 2 30 13 
2 22 13 22 5 9 18 28 13 28 14 21 15 16 6 21 5 4 8 16 6 3 24 8 17 3 17 10 1 15 14 3 8 12 16 16 27 3 12 2 28 6 11 18 5 30 15 17 18 24 20 11 18 6 1 19 15 17 25 8 23 25 29 25 26 11 18 7 17 30 14 28 30 4 4 7 30 5 11 4 28 5 14 0 23 2 28 28 18 22 28 10 29 12 24 2 16 17 15 22 9 13 21 27 19 8 15 0 7 13 13 20 18 9 27 24 18 0 23 25 23 17 15 0 10 15 2 6 28 15 1 18 5 30 9 27 
11 7 7 29 5 29 15 2 20 24 4 17 4 27 23 14 0 6 28 23 19 30 21 18 20 22 25 7 9 1 22 4 8 22 25 3 20 1 2 17 2 26 18 19 3 25 27 22 0 12 13 19 11 30 7 24 29 28 4 14 28 26 10 28 30 9 7 17 30 17 19 26 27 24 22 17 16 16 19 6 7 13 6 0 19 28 8 14 29 30 26 11 23 1 22 13 3 18 1 20 21 23 1 21 23 13 17 15 3 28 18 20 16 14 26 1 21 11 2 23 12 16 11 4 19 5 20 5 5 8 12 14 22 30 8 7 
13 24 21 26 23 20 13 28 11 1 16 28 5 24 7 5 21 27 28 21 9 19 28 12 5 22 30 12 16 8 11 2 16 0 22 7 19 21 30 4 15 26 12 25 2 3 13 26 20 27 5 26 14 21 8 26 29 23 5 11 2 4 9 19 9 14 17 1 5 10 18 12 21 5 6 8 7 18 11 26 19 19 17 15 10 22 30 10 5 10 9 10 8 5 23 21 21 3 20 7 3 15 3 4 16 20 2 9 21 3 18 20 13 0 29 16 26 12 9 30 24 30 11 2 6 11 5 20 9 29 9 8 21 8 25 24 
3 10 4 28 9 8 12 8 6 10 14 2 1 0 8 9 23 1 10 26 13 11 8 1 8 3 13 18 23 25 12 22 5 7 27 6 0 1 30 12 20 14 23 16 9 0 0 0 16 23 1 8 24 12 16 28 9 16 1 23 14 3 30 0 12 27 4 4 26 7 1 29 8 4 13 28 24 28 11 19 9 8 21 4 30 22 10 13 5 28 16 5 6 28 26 16 4 30 20 29 2 16 26 10 12 16 2 4 6 10 23 10 3 11 24 28 16 25 12 7 30 14 12 23 0 24 10 1 28 1 19 20 17 24 25 10 
26 18 25 8 21 6 6 16 18 30 9 1 1 30 1 27 4 12 28 29 13 13 14 8 22 18 28 9 9 0 14 9 30 30 14 28 30 24 6 26 8 3 8 11 21 13 7 2 8 30 25 4 24 26 14 30 4 22 22 5 13 1 16 11 10 1 17 30 10 12 20 7 1 27 6 6 28 7 29 16 30 16 16 16 13 2 15 8 10 7 8 20 0 27 19 10 14 23 29 16 20 12 5 12 4 8 10 23 5 4 23 30 18 23 18 1 21 5 0 25 6 11 22 0 30 18 10 15 27 14 25 3 14 10 21 26 
15 8 14 11 11 18 6 2 3 20 23 20 22 5 21 27 5 27 22 0 1 29 13 15 7 4 29 14 14 15 6 22 26 24 7 10 3 10 17 25 19 25 6 8 17 27 12 4 20 23 20 29 6 1 13 11 9 19 9 8 13 25 18 26 30 6 3 4 22 8 10 18 5 12 11 17 24 17 0 19 14 15 29 22 1 24 23 3 16 21 15 21 0 18 8 11 23 9 17 26 30 29 22 7 12 8 4 19 12 29 25 15 24 19 8 23 13 2 17 24 14 1 19 27 9 30 3 21 22 3 5 22 30 11 12 20 
14 30 1 28 8 14 16 9 9 30 24 11 15 8 1 8 25 0 4 0 10 12 8 27 4 26 30 18 13 20 24 30 22 19 4 24 5 18 13 25 28 21 10 16 17 11 2 0 0 20 18 27 14 23 22 10 2 16 14 0 24 19 30 2 5 20 0 26 26 4 20 8 4 20 17 6 18 23 16 8 6 20 16 12 25 14 6 30 23 28 19 22 10 24 8 26 5 21 11 23 20 5 22 26 27 4 17 21 13 6 15 0 23 22 13 21 22 29 30 18 24 7 25 25 25 15 16 21 12 30 30 22 11 24 19 10 
10 26 9 1 19 18 11 10 13 9 5 5 15 9 16 7 9 5 19 1 20 30 29 25 9 18 11 23 9 9 18 13 10 6 3 29 10 17 11 28 28 19 10 18 5 22 27 22 30 1 3 2 0 12 2 8 20 2 20 16 24 19 28 14 7 20 15 25 7 26 4 18 27 0 17 26 29 28 22 15 1 16 5 11 5 21 12 7 21 8 18 20 19 26 4 28 25 0 3 22 6 13 1 0 4 6 26 29 9 8 10 30 4 10 15 11 16 8 25 9 26 25 19 18 15 13 13 11 3 0 10 21 2 6 15 23 
20 6 21 1 12 2 4 24 5 19 1 0 12 10 20 22 14 29 13 29 24 9 19 19 25 12 11 1 20 18 10 16 1 1 14 21 15 8 3 4 27 7 26 9 30 17 21 17 17 26 9 16 9 28 24 9 24 18 10 26 21 6 29 23 22 9 4 4 18 14 0 14 3 6 18 1 18 28 27 24 3 21 15 10 21 12 26 7 1 18 8 23 20 9 24 12 23 1 7 2 0 7 1 11 22 26 1 19 22 16 20 6 1 3 25 29 30 19 24 17 8 2 10 15 0 27 24 1 25 14 13 11 3 11 17 20 
18 30 13 12 7 14 8 6 7 28 24 18 0 28 18 10 0 10 13 14 30 0 14 29 1 26 21 3 8 7 22 3 9 10 2 18 1 11 10 15 3 30 1 27 9 21 12 7 26 9 11 30 17 6 8 0 30 25 3 24 28 17 1 6 16 21 19 3 24 0 8 16 19 27 10 17 21 24 28 22 16 12 24 2 8 12 22 27 11 27 17 7 16 24 25 7 8 18 9 12 29 18 5 7 14 26 25 30 27 21 1 8 18 28 23 10 10 23 0 13 18 13 9 11 24 4 28 5 15 18 2 19 22 7 3 29 
16 21 17 1 25 18 7 8 25 8 12 3 7 10 4 11 1 10 2 14 18 17 6 2 4 7 19 16 6 27 21 1 3 12 16 22 12 27 3 17 5 17 19 27 2 11 2 0 30 11 19 20 7 24 11 9 25 6 14 12 23 27 3 8 5 1 0 22 4 12 20 2 27 12 19 30 15 9 25 24 4 15 15 26 19 9 6 20 5 20 6 13 3 4 23 21 12 2 6 19 10 30 4 13 0 2 16 12 28 27 12 19 24 11 30 12 0 18 16 20 4 13 22 26 26 14 22 2 29 3 17 8 26 8 12 4 
9 18 27 13 16 6 20 23 3 29 12 24 10 13 8 21 27 7 7 29 15 10 4 6 5 24 6 13 28 1 14 22 20 9 25 20 25 15 12 0 9 30 29 3 30 2 23 10 23 4 19 27 20 0 1 18 22 12 2 17 20 8 8 30 5 22 23 10 12 19 20 5 27 25 23 23 3 29 4 24 0 0 24 18 3 15 17 24 16 16 20 12 17 19 3 14 3 0 4 30 13 18 26 13 27 2 3 30 29 3 13 15 15 19 7 27 5 24 7 4 19 18 26 14 21 23 29 13 22 6 26 10 22 14 11 0 
6 1 22 4 27 1 30 3 13 18 4 2 3 1 30 0 10 0 27 20 12 10 15 11 22 3 1 1 17 19 19 21 20 21 5 19 16 10 23 14 29 2 0 15 22 28 13 10 13 3 7 10 3 6 18 14 17 24 9 14 14 15 17 29 30 16 8 22 24 11 13 13 28 19 17 27 23 3 24 3 5 11 0 14 18 14 30 19 3 12 24 3 5 10 24 10 15 30 2 17 10 3 16 3 0 12 27 29 10 17 18 23 3 12 13 28 11 23 29 12 6 11 29 26 25 0 14 7 10 4 1 13 24 13 19 23 
13 28 10 23 21 17 7 19 1 23 11 1 6 28 8 11 6 16 18 22 25 14 2 0 30 3 19 29 4 14 9 21 10 28 21 0 0 28 7 12 24 19 14 23 21 1 13 30 9 7 0 30 24 5 29 30 27 8 28 15 20 5 1 5 21 30 8 19 28 25 9 17 0 6 3 25 18 17 18 21 7 23 10 1 3 24 24 26 30 19 6 12 27 29 20 1 13 21 16 2 16 4 10 6 29 10 25 24 28 22 21 3 16 11 23 29 18 7 8 22 24 29 1 15 13 14 22 20 7 22 0 27 26 4 20 15 
17 29 1 11 1 25 14 16 14 3 23 29 3 20 18 29 10 20 28 28 22 9 17 29 19 22 27 17 25 16 1 24 15 13 1 3 25 23 0 15 8 24 20 20 15 8 26 18 16 25 14 1 19 13 15 28 28 14 11 12 23 10 22 17 3 20 9 9 15 4 0 30 7 26 21 10 29 5 3 11 19 7 15 21 1 27 26 28 12 8 19 6 20 26 15 19 3 16 12 1 7 3 3 1 25 23 17 5 18 18 3 29 27 29 9 3 30 12 25 4 11 5 16 29 28 28 17 16 13 17 4 6 12 30 1 12 
13 2 17 19 23 8 16 24 23 2 16 13 22 10 27 10 16 0 10 23 24 9 12 21 18 9 19 2 27 21 26 1 3 9 18 6 20 3 4 28 7 28 14 3 11 27 20 11 13 13 4 9 21 14 12 30 19 25 9 1 22 16 23 21 23 11 29 16 11 20 7 22 11 5 7 20 15 1 15 10 14 20 12 0 9 5 8 22 27 29 4 14 22 16 23 10 24 22 16 14 17 2 23 23 23 3 0 23 12 5 4 6 19 7 4 17 9 12 16 28 30 11 29 7 13 20 26 21 19 8 7 12 11 29 17 17 
0 16 19 16 0 4 5 5 6 25 2 11 20 2 28 11 12 17 18 29 6 10 26 9 4 12 28 8 18 22 26 30 12 11 16 9 5 4 17 17 27 16 30 0 21 9 15 11 3 11 5 16 18 17 13 27 20 17 10 30 30 20 26 16 29 27 4 12 15 28 26 27 3 8 21 30 25 19 17 19 24 10 24 3 18 15 7 24 13 29 9 23 17 28 5 25 30 17 15 4 3 29 6 28 20 3 21 16 28 1 10 29 16 13 0 24 13 30 30 17 19 3 4 1 19 30 5 16 23 10 14 27 4 10 2 22 
15 10 4 12 10 24 23 30 20 22 11 23 25 19 13 20 19 29 17 0 8 3 26 5 8 26 25 17 28 3 14 16 0 27 22 30 24 21 12 18 21 22 23 17 11 22 13 6 21 18 27 18 15 27 17 27 11 25 21 6 9 5 6 19 15 23 0 14 4 1 0 21 20 3 14 20 4 4 20 26 23 16 28 7 1 1 8 5 13 15 16 7 23 9 3 24 7 30 9 4 12 1 16 29 29 9 27 18 14 27 6 5 9 28 10 5 26 13 18 4 29 2 2 10 27 13 12 20 27 23 23 12 4 6 0 8 
16 15 22 9 12 21 11 16 3 8 29 12 29 1 20 1 21 10 21 18 12 20 0 29 10 18 21 10 19 5 11 23 11 0 14 18 17 22 21 26 14 4 28 1 9 24 25 3 12 30 4 3 6 13 22 10 20 14 12 10 14 17 18 4 0 9 4 7 25 29 5 8 26 19 8 6 2 0 23 26 4 11 30 6 10 8 8 25 7 0 22 13 20 16 2 24 21 27 23 0 30 14 3 22 13 14 22 1 10 3 10 26 16 13 6 23 18 11 16 18 21 28 4 15 26 6 8 21 11 5 21 17 28 0 13 8 
4 19 2 15 28 2 15 20 21 13 16 4 7 20 2 17 13 24 30 8 7 1 12 30 20 1 2 27 1 20 27 13 26 4 12 14 24 24 8 1 4 22 27 11 17 14 27 17 2 12 13 25 1 4 2 5 21 15 15 10 29 6 2 25 15 1 29 18 6 3 25 20 5 29 14 3 15 0 18 26 13 10 24 25 12 11 15 12 29 29 23 27 0 2 26 12 10 3 28 23 14 27 26 5 27 27 13 4 15 1 2 2 8 3 30 11 6 20 8 18 7 29 28 26 0 13 15 3 9 28 27 16 15 16 2 18 
1 3 21 10 14 5 2 28 27 23 17 7 8 4 25 21 4 7 22 6 13 7 1 29 8 6 13 18 26 4 5 22 1 1 24 25 11 18 24 30 4 9 10 27 0 17 6 1 6 9 6 23 24 13 14 15 14 21 26 21 17 27 27 5 19 21 12 26 19 15 20 14 8 29 17 16 19 24 20 14 16 14 23 9 30 24 22 13 0 0 12 12 9 17 27 21 24 8 17 21 1 18 11 29 9 10 19 0 8 14 20 26 3 6 24 7 18 14 29 30 1 23 3 2 18 27 10 9 16 29 27 18 27 28 23 17 
18 28 7 15 7 29 30 7 14 1 3 21 19 1 28 2 13 29 10 4 25 30 23 4 23 27 12 9 17 8 29 25 26 18 21 23 14 5 8 9 27 16 29 17 25 7 23 18 9 27 19 3 23 21 5 23 19 4 15 20 27 23 17 11 26 5 25 28 24 20 28 5 28 30 6 30 10 17 7 22 6 16 7 4 14 19 14 21 4 21 27 20 25 23 30 15 9 18 20 28 24 6 1 11 6 16 11 11 3 19 13 23 11 3 26 12 10 27 15 25 27 2 14 12 6 2 7 18 21 28 3 11 0 5 29 23 
6 27 2 10 6 22 10 18 19 22 14 11 10 20 14 20 10 22 21 22 3 9 8 20 12 20 15 25 3 29 28 18 21 18 1 26 19 23 30 28 7 13 3 15 23 19 4 8 7 12 25 20 28 19 23 20 24 13 3 2 15 15 21 3 9 27 18 3 1 22 2 4 2 1 17 24 17 26 16 26 28 23 20 15 10 27 25 24 14 4 25 6 6 23 2 13 0 10 7 10 12 20 1 26 9 16 18 21 1 22 5 30 14 14 22 21 28 11 4 18 29 8 25 19 23 16 14 6 1 30 14 0 4 7 27 2 
29 0 25 0 15 22 24 22 4 16 13 29 4 23 9 30 6 18 23 15 17 14 23 8 7 13 0 7 23 18 13 18 4 12 15 19 28 15 1 12 23 3 14 12 7 7 1 27 28 0 23 29 8 5 10 29 9 21 10 7 26 5 29 15 27 21 15 15 6 7 9 14 10 21 17 18 11 23 27 27 26 11 23 19 0 28 25 29 18 24 3 22 4 23 11 18 12 20 10 25 10 15 11 18 28 14 16 2 26 25 27 0 0 21 20 26 27 20 22 7 17 6 0 24 26 22 3 5 8 4 18 28 4 8 22 8 
29 19 22 22 29 16 13 27 10 10 29 25 5 27 5 3 30 6 1 16 8 3 30 10 24 1 26 2 1 7 22 27 15 23 12 26 22 21 4 27 23 17 6 28 8 11 27 26 26 18 14 28 20 29 19 30 23 27 2 6 28 15 15 0 14 23 6 18 13 3 29 24 6 23 27 26 27 5 7 30 3 30 8 23 9 27 28 8 10 11 10 8 7 18 7 24 8 17 9 22 30 26 11 16 2 23 22 4 4 29 15 19 12 6 21 10 1 30 6 26 4 8 3 2 20 11 8 10 19 16 6 26 0 21 5 9 
5 22 21 25 15 10 2 20 26 26 19 17 3 4 3 11 20 12 16 7 29 13 17 18 6 27 12 8 3 21 2 8 27 23 19 27 4 0 11 28 18 27 6 0 9 16 18 3 14 22 30 9 17 17 6 23 5 17 2 6 1 18 0 20 8 24 19 17 13 18 4 11 12 30 5 18 12 14 10 20 9 25 30 30 9 10 29 12 20 18 18 20 16 24 17 3 11 13 11 9 8 18 14 4 5 17 24 10 7 26 22 17 0 0 11 23 4 0 15 1 25 17 26 17 13 14 8 16 23 26 15 14 12 8 10 8 
14 4 4 4 0 30 12 29 26 4 19 8 17 10 23 28 14 19 17 18 28 0 1 3 6 8 7 28 26 26 12 30 3 24 22 7 6 24 3 26 28 26 28 9 25 8 7 9 19 3 10 24 9 3 17 20 3 6 15 0 16 20 21 1 4 13 25 21 27 12 1 4 23 10 15 24 25 12 18 28 20 6 24 15 9 2 11 22 22 15 19 29 28 14 27 26 20 15 6 15 18 30 9 14 11 23 8 5 9 8 11 21 22 24 25 10 2 9 15 29 13 20 6 4 0 6 16 21 19 9 19 12 8 25 19 14 
