8
27 18 7 25 21 29 26 18 3 1 26 11 24 10 15 19 2 0 0 16 9 28 25 8 1 28 19 27 29 8 26 24 2 13 5 1 22 28 29 25 4 7 21 28 9 
13 19 5 20 29 20 2 26 7 9 7 1 3 4 29 18 24 7 9 1 13 22 29 12 30 0 10 0 25 28 13 1 11 9 8 29 5 4 0 20 27 21 26 7 12 
13 27 21 24 30 22 10 19 15 17 20 4 25 11 6 16 15 16 15 24 9 29 28 26 7 3 25 0 0 22 10 19 8 6 6 8 19 0 10 6 15 25 22 6 9 
5 2 24 13 6 10 3 24 24 2 27 25 4 13 23 12 1 9 8 3 14 29 0 24 20 11 24 9 4 10 29 0 30 25 29 7 21 5 20 19 28 0 26 21 17 
28 8 21 0 23 3 3 24 15 2 13 22 26 23 24 14 30 17 11 11 26 26 18 13 0 3 27 17 7 12 28 19 8 8 30 23 13 2 22 15 1 19 27 25 4 
14 23 18 1 22 29 0 4 16 17 4 20 3 18 2 17 23 18 11 15 19 13 20 12 22 29 11 27 3 13 4 5 20 8 3 23 16 29 27 29 18 7 11 16 7 
24 2 1 22 25 10 25 0 10 24 18 3 30 20 5 21 25 23 11 19 5 6 14 0 5 14 3 25 15 0 4 18 29 13 11 2 2 4 18 9 24 22 18 25 18 
12 9 6 1 24 9 19 20 9 5 5 3 24 17 24 19 6 13 27 20 18 27 24 27 12 3 11 15 24 30 17 24 26 15 2 21 26 5 29 27 5 17 15 13 7 
25 6 6 16 19 2 28 7 28 13 25 9 11 11 2 7 30 20 18 11 13 3 23 30 1 4 2 3 5 29 30 25 27 21 25 16 12 30 2 2 23 3 0 14 21 
25 20 12 0 20 3 21 1 19 3 19 27 21 18 30 9 11 12 22 24 9 17 14 15 0 30 5 6 6 28 21 2 22 8 23 4 1 2 27 2 21 1 8 0 26 
24 11 13 25 18 24 18 30 25 10 1 28 7 10 26 2 1 17 21 21 2 17 8 0 12 27 24 27 30 19 27 18 18 16 21 5 17 27 9 16 11 17 24 30 22 
13 0 2 11 12 10 18 14 6 15 30 25 3 4 21 19 24 16 9 23 23 1 2 13 15 19 7 20 12 9 5 24 8 9 22 9 29 1 5 23 6 23 18 9 18 
23 10 25 2 25 0 11 26 30 8 17 0 12 0 16 2 19 30 3 21 21 27 24 17 11 16 24 17 5 13 14 14 1 6 28 8 18 2 4 13 30 24 12 6 4 
27 8 3 4 15 16 6 1 18 3 21 6 9 6 17 28 27 17 0 26 15 6 4 25 4 14 14 21 3 7 0 4 18 12 1 16 6 30 9 16 17 27 10 18 0 
24 3 14 12 16 17 7 21 18 8 2 23 10 5 3 14 25 14 0 11 0 16 3 13 16 12 22 11 16 25 12 13 17 16 2 28 7 19 22 27 17 24 15 10 7 
24 15 30 21 24 11 17 29 5 11 8 30 21 1 11 30 26 9 13 16 9 23 20 27 3 11 30 14 6 5 5 10 13 6 18 13 5 26 2 16 18 13 21 1 20 
