10
30 5 20 7 16 22 9 11 20 15 27 19 18 10 20 5 26 13 28 28 16 13 27 7 12 9 8 28 4 10 14 9 13 7 3 12 13 17 8 13 29 29 7 23 1 17 19 1 19 15 29 3 6 10 26 26 29 24 11 10 3 26 25 1 19 10 
22 10 29 12 19 0 23 10 18 15 23 27 7 8 10 12 3 14 22 25 1 17 10 3 18 25 21 14 18 20 22 5 4 5 18 13 24 26 27 6 16 11 24 15 25 28 6 0 27 16 15 30 20 12 13 18 14 23 24 17 2 25 28 5 25 5 
25 26 10 3 8 14 21 24 17 4 14 6 4 2 17 25 2 4 15 21 18 18 3 11 16 5 23 8 21 6 16 12 30 10 12 26 27 30 30 17 20 20 27 0 19 18 14 28 0 14 4 1 15 25 7 26 7 22 24 1 2 3 2 27 17 2 
28 1 16 14 12 4 20 12 18 23 3 28 26 25 17 12 0 17 12 6 17 24 30 18 3 21 8 5 6 0 7 23 24 27 10 20 10 12 9 23 18 13 16 11 26 15 1 7 22 23 7 19 1 14 27 15 14 24 30 3 12 26 8 29 11 24 
15 7 11 7 2 5 4 25 30 30 15 11 23 17 1 14 29 20 0 18 23 6 24 3 26 14 16 1 1 17 6 21 1 26 29 0 28 25 3 6 1 22 13 8 0 20 2 22 15 11 9 15 23 8 5 2 20 0 0 14 16 24 0 13 11 8 
22 10 4 5 8 18 0 19 10 17 11 17 18 17 16 20 30 10 25 20 14 24 6 21 24 21 1 16 17 30 21 9 18 21 2 0 17 22 10 12 15 27 25 12 0 17 15 23 13 18 5 26 20 9 29 6 0 7 3 10 9 10 1 16 17 25 
13 29 12 18 2 5 27 0 30 14 10 18 29 29 12 17 7 0 30 4 14 21 22 6 3 5 17 18 3 6 29 29 13 22 1 25 25 4 26 24 25 27 7 28 12 30 6 10 20 27 30 14 23 10 28 29 26 26 17 9 4 10 25 6 29 21 
11 21 15 27 7 5 0 25 28 9 23 27 14 2 1 15 7 24 14 21 11 28 13 7 19 1 9 27 20 15 20 27 28 1 26 27 0 10 27 12 15 1 29 28 14 28 12 29 23 30 9 29 8 28 1 24 15 26 29 0 2 15 19 24 11 26 
7 6 26 9 23 27 0 2 24 13 6 12 12 1 16 20 12 7 20 14 7 13 1 4 10 23 0 6 2 17 29 7 1 8 3 20 26 25 9 24 9 4 10 23 28 2 15 24 2 9 30 10 9 6 1 18 10 12 7 19 20 12 3 19 24 28 
4 3 27 20 13 6 22 27 0 3 0 29 10 3 8 7 2 8 21 23 3 14 30 5 7 17 1 12 18 14 0 18 22 12 20 29 15 30 25 4 24 13 25 24 20 3 2 12 7 3 23 29 27 2 0 13 17 22 15 13 10 17 15 18 14 9 
18 27 26 10 30 6 3 17 12 16 24 22 27 25 14 28 1 29 6 14 30 21 8 4 13 30 11 2 6 30 0 29 20 21 22 14 30 16 20 17 18 13 0 20 25 20 23 15 26 10 17 17 2 25 3 26 5 6 30 4 13 7 3 23 10 30 
0 22 21 0 26 23 20 18 19 9 20 11 5 2 0 26 4 3 4 6 8 29 20 12 16 7 5 17 21 2 12 10 12 7 7 10 15 25 13 18 24 0 23 19 21 20 22 7 13 9 10 1 22 9 6 28 14 9 28 16 8 24 27 1 16 22 
8 28 10 15 21 13 27 15 19 6 18 26 2 1 7 2 9 23 30 27 25 2 18 13 18 4 12 1 15 26 9 9 9 4 24 23 8 5 18 8 0 9 22 9 4 13 23 10 8 10 30 22 17 7 13 28 4 14 22 10 15 14 19 15 3 22 
7 0 9 18 24 29 30 17 0 4 6 23 26 15 1 18 12 25 9 2 2 16 30 26 6 8 3 28 27 16 24 19 6 19 17 13 30 15 19 8 0 19 3 1 23 16 17 12 17 12 6 0 2 7 24 9 12 13 15 12 20 7 22 1 11 3 
9 29 29 21 11 16 27 6 4 23 3 30 24 19 13 27 12 9 4 27 12 29 24 6 21 29 1 9 18 11 8 24 22 6 19 13 10 7 15 16 2 17 25 10 27 14 9 10 14 5 21 1 17 16 4 26 18 2 22 18 5 14 3 0 0 20 
13 2 5 25 18 16 11 10 22 7 27 4 24 3 15 4 12 20 11 7 4 3 10 10 19 22 5 30 0 12 10 26 30 18 7 18 30 13 25 21 4 4 17 13 12 24 6 21 16 20 22 10 20 20 24 29 20 30 9 1 8 29 25 13 11 1 
6 29 2 27 24 14 5 3 0 12 30 8 26 3 9 13 2 11 25 23 29 12 21 1 23 26 28 22 2 3 30 21 30 5 24 11 24 14 12 3 29 13 9 13 8 10 15 20 1 9 0 1 8 7 23 4 30 27 10 20 17 21 19 5 10 24 
18 12 18 16 9 3 18 6 2 28 15 14 17 17 7 13 6 19 25 9 21 3 0 3 29 6 16 22 25 0 24 22 3 4 4 12 30 1 28 19 13 4 29 17 27 3 16 27 10 23 15 9 15 5 17 27 21 27 13 26 13 15 0 14 4 23 
1 30 11 17 15 20 11 30 25 19 4 25 16 18 29 6 27 24 4 24 16 11 10 17 10 26 28 24 7 30 0 22 9 14 0 26 19 1 5 6 11 18 2 18 18 13 0 10 16 4 30 16 25 21 6 14 27 0 29 11 0 18 11 5 2 14 
7 15 20 4 2 12 4 17 23 9 19 20 19 4 15 27 1 21 18 17 5 10 1 1 25 17 12 24 28 29 27 16 24 28 0 0 11 18 21 17 29 9 25 30 18 1 3 22 11 4 28 7 8 0 19 18 0 1 0 7 12 7 2 16 3 23 
