12
1 16 13 1 19 4 5 27 24 25 6 24 16 29 0 16 22 26 19 17 23 11 28 19 18 9 22 4 8 14 27 26 30 24 29 12 2 15 14 27 24 0 13 28 21 27 3 10 30 16 23 25 7 6 30 29 26 1 5 7 14 15 0 25 5 24 11 16 15 15 24 6 13 29 18 28 29 22 21 10 24 18 14 11 11 0 20 22 30 13 30 
14 11 9 3 19 20 21 15 1 16 6 8 20 27 3 17 11 9 21 18 21 0 14 5 27 19 7 10 0 11 25 11 2 4 12 22 4 27 11 13 26 27 13 18 28 3 19 14 14 10 18 29 30 16 30 12 26 20 5 11 14 6 6 1 11 26 29 23 16 26 7 0 10 30 24 8 8 27 11 3 25 6 23 7 8 0 15 13 1 24 28 
19 30 16 10 18 10 23 8 4 26 22 14 11 24 25 28 20 10 3 13 30 0 8 10 20 13 25 30 14 10 3 22 21 25 25 20 10 0 28 15 19 29 4 29 16 29 19 3 6 23 9 12 10 25 22 23 27 8 24 19 26 27 16 3 14 10 21 4 15 27 29 23 4 9 0 4 5 20 13 30 28 16 21 7 15 25 13 3 0 23 9 
6 14 19 11 5 25 17 7 21 14 8 28 4 21 28 6 30 28 15 17 6 21 3 19 15 11 17 26 13 20 26 30 19 6 21 23 8 26 9 16 28 25 11 0 9 18 18 13 14 1 3 5 29 7 21 13 18 8 13 8 11 21 0 3 12 28 4 14 25 13 14 6 11 2 18 29 22 24 29 5 23 13 20 5 13 6 20 23 22 4 24 
20 11 20 8 10 18 25 24 4 19 5 4 25 19 4 30 20 29 7 11 20 9 24 14 24 13 20 12 2 3 12 20 25 9 17 26 14 21 6 20 6 26 4 5 13 24 27 3 9 4 18 1 10 7 10 24 19 19 7 1 5 15 0 12 11 29 25 20 28 16 15 16 9 25 26 27 25 12 15 26 24 4 7 25 25 21 27 6 28 6 24 
9 4 12 15 26 26 6 2 3 23 25 17 7 16 0 27 20 3 15 24 23 11 22 23 22 24 22 11 8 1 25 5 30 26 17 9 26 24 3 8 15 10 21 5 23 4 27 6 2 21 13 28 19 7 20 13 3 29 1 15 8 12 4 18 2 25 7 21 11 22 28 2 29 2 30 20 29 21 5 12 25 19 10 0 13 19 14 23 22 19 10 
18 6 1 29 12 9 16 3 8 0 7 9 21 27 20 12 29 13 18 4 5 27 21 14 18 15 11 13 26 14 2 26 1 20 6 19 30 16 15 27 8 22 13 23 22 6 24 20 3 28 15 12 6 3 14 4 27 3 3 8 14 2 2 12 11 13 16 29 10 8 10 0 9 13 27 29 28 2 26 28 22 23 29 13 0 1 3 23 0 17 26 
21 17 14 25 3 28 16 9 4 16 22 11 1 29 4 18 28 5 27 22 14 12 22 11 0 30 30 14 14 27 17 2 21 20 16 5 18 3 18 30 23 24 14 20 29 22 6 6 11 20 16 0 27 26 12 29 21 17 21 30 18 0 12 1 26 28 10 30 22 4 9 10 3 27 16 0 30 3 7 1 16 19 23 16 1 7 20 0 11 21 5 
1 19 9 20 4 13 25 11 4 4 3 25 10 7 16 1 3 5 8 11 22 21 3 1 1 28 25 28 29 8 26 2 26 14 25 25 29 5 0 5 3 13 24 18 12 6 22 16 13 5 27 17 18 17 14 23 29 12 21 21 14 17 1 13 5 0 16 29 14 17 13 22 23 9 15 26 17 20 11 19 30 27 22 22 5 7 26 5 21 25 29 
21 23 22 7 28 5 1 9 19 27 4 23 22 6 9 4 3 21 30 26 26 21 24 12 2 7 21 20 14 20 13 10 16 11 12 18 13 30 27 6 30 29 21 29 15 9 14 16 11 29 2 19 30 24 24 15 9 19 0 17 9 10 2 18 18 15 7 24 24 13 24 12 10 26 16 10 4 1 24 6 20 14 24 25 2 14 29 10 5 18 6 
0 14 2 2 12 15 13 19 25 11 17 3 7 15 6 27 19 21 25 2 27 25 30 12 25 12 23 6 14 21 15 6 16 14 17 5 23 19 15 12 11 28 22 7 29 11 30 21 19 14 15 18 21 1 15 9 2 29 10 14 8 20 30 12 10 29 25 5 7 20 11 17 25 16 6 23 4 30 23 19 8 25 22 6 4 28 23 27 0 18 11 
0 7 0 8 21 29 2 0 4 2 18 28 14 4 3 25 24 19 13 25 17 22 3 18 17 4 28 9 14 2 14 26 24 15 14 30 23 3 2 24 10 30 10 11 17 28 24 19 12 18 9 20 9 1 12 0 15 18 22 13 17 3 18 8 4 15 3 26 20 5 2 25 12 27 30 0 23 25 7 7 13 18 29 9 27 9 11 7 28 16 18 
5 0 9 23 27 10 21 28 30 29 6 4 23 16 24 14 30 24 26 17 23 23 21 1 13 12 21 3 20 6 8 30 22 2 5 26 2 14 2 12 22 17 0 12 12 16 0 20 28 13 1 9 11 25 14 0 21 1 11 7 25 10 13 6 13 5 22 11 30 19 0 0 23 29 2 28 23 26 14 18 21 30 10 21 28 15 7 5 10 11 20 
25 11 24 3 20 17 22 29 25 29 21 7 3 5 5 15 5 2 9 10 16 14 4 23 7 16 16 16 22 29 14 19 19 19 5 4 29 16 1 22 29 6 27 9 12 10 5 27 18 24 4 2 28 10 27 25 28 1 13 0 12 24 6 2 21 7 8 6 11 6 9 5 13 17 30 25 20 6 9 10 13 18 24 30 29 16 2 20 26 0 22 
10 15 16 5 25 7 17 16 8 13 3 30 18 1 11 5 17 7 27 30 7 12 0 11 13 4 3 26 0 1 25 19 14 19 23 9 1 16 12 12 5 5 21 24 27 12 15 11 1 15 6 23 22 15 10 13 0 6 22 13 13 11 22 23 13 15 10 2 12 4 29 18 3 28 24 2 2 26 25 21 16 22 7 2 24 25 5 15 30 1 6 
21 11 23 21 8 5 26 21 18 4 14 25 26 7 1 6 29 14 14 15 12 0 18 11 14 1 12 28 6 16 27 11 3 16 5 17 26 30 1 0 6 12 11 10 23 12 11 7 30 27 10 28 0 3 2 3 3 15 20 26 10 6 25 13 5 23 22 3 6 13 11 7 28 19 18 19 20 9 29 18 14 28 12 2 15 5 16 1 10 24 15 
6 3 26 15 18 13 10 23 4 11 21 27 17 26 2 14 27 10 4 27 2 21 7 16 6 24 24 29 15 19 28 4 0 20 29 13 17 27 23 10 22 7 5 24 14 13 0 4 5 4 18 9 20 20 18 26 2 30 18 14 16 5 15 29 25 20 25 1 28 20 5 25 19 8 28 11 18 27 7 4 20 21 17 19 1 28 19 18 16 13 13 
2 6 20 0 4 7 3 4 4 28 11 17 2 8 11 4 17 30 15 1 5 13 30 17 17 4 27 11 13 8 21 27 2 3 26 30 30 21 30 7 6 0 20 20 20 0 0 5 30 19 6 17 18 17 7 2 15 25 7 30 0 20 1 6 3 8 23 0 24 1 15 11 28 17 0 15 27 19 25 15 11 10 6 1 0 29 29 5 21 14 5 
20 2 30 20 0 9 29 20 12 1 26 30 3 10 20 1 25 29 18 13 10 2 3 3 3 12 11 17 5 27 22 8 30 5 23 6 8 22 25 14 22 25 19 6 30 29 28 14 9 4 3 10 2 21 27 5 30 12 10 18 17 10 0 13 4 5 7 27 14 26 20 12 17 20 19 10 1 23 26 19 13 4 8 4 28 20 14 11 18 10 8 
26 9 0 25 26 27 9 14 4 27 7 30 18 4 13 6 19 15 8 22 28 23 18 9 10 17 4 10 5 29 8 24 28 11 17 12 13 27 25 28 21 7 13 15 14 4 3 2 16 21 9 10 26 22 27 13 9 19 8 14 11 23 8 3 15 5 13 8 28 2 18 14 14 18 2 11 30 21 21 18 9 2 5 26 19 2 10 13 21 12 0 
2 17 23 4 3 27 12 20 4 11 22 1 17 15 8 3 17 16 1 29 23 26 11 10 5 28 8 8 7 16 8 0 2 25 6 7 17 9 7 18 8 1 9 2 11 7 14 4 25 23 13 23 5 6 12 8 5 9 11 13 8 8 13 5 29 2 7 27 11 28 12 22 17 5 20 28 30 17 19 26 25 15 1 0 22 16 27 23 2 8 7 
23 23 0 3 22 2 12 24 8 30 10 21 9 7 19 24 5 23 9 10 25 8 19 12 26 12 17 18 10 2 22 0 17 23 26 14 4 27 3 21 15 28 18 16 8 23 23 23 26 24 24 6 0 30 27 23 23 30 3 10 25 8 26 5 1 24 12 4 16 14 29 10 20 14 17 3 21 15 29 26 3 11 14 28 6 28 8 29 9 7 1 
15 26 28 25 4 30 28 29 20 5 9 18 14 16 20 11 5 0 13 23 26 6 7 29 6 10 21 7 27 14 10 21 7 14 14 9 3 25 11 30 28 0 13 23 29 5 19 29 13 21 0 12 4 10 8 26 14 3 13 18 12 25 7 24 7 18 27 15 20 10 5 6 8 5 24 15 20 28 8 7 18 8 8 27 21 21 18 25 17 27 25 
4 19 2 27 29 26 22 18 4 3 7 21 23 30 30 28 11 17 1 30 1 21 22 21 22 3 12 15 7 0 25 29 27 20 28 25 8 26 21 24 30 15 5 0 6 19 13 18 18 18 24 3 14 17 7 29 18 1 1 21 11 4 8 23 19 27 28 11 9 1 25 24 30 25 12 11 12 8 26 4 4 15 4 19 26 14 9 24 11 20 10 
