12
29 2 3 25 27 4 12 0 13 18 23 12 23 10 10 14 3 12 27 28 5 16 16 16 13 14 23 22 25 28 20 23 6 15 3 30 28 27 8 27 3 28 24 8 25 3 5 8 7 25 24 6 29 5 25 10 10 25 29 0 12 20 15 27 25 23 11 19 10 23 25 2 9 28 30 28 19 17 22 18 7 7 2 1 14 2 15 21 9 26 17 
30 13 8 16 2 0 20 25 23 11 28 17 15 5 21 22 5 19 0 28 15 2 22 29 6 11 25 16 30 21 1 30 7 14 17 17 30 0 14 28 0 12 2 9 11 13 0 27 5 9 8 26 26 30 29 1 20 20 28 10 0 16 11 8 0 6 13 3 14 23 3 1 20 0 2 12 0 16 19 3 11 30 1 20 6 12 12 14 5 23 7 
21 21 15 20 2 17 10 19 13 14 9 20 13 15 0 8 11 5 1 9 23 26 29 5 19 16 15 29 0 23 27 12 3 30 21 25 15 2 6 17 29 3 5 29 8 26 16 1 23 16 30 22 17 1 1 17 10 17 3 14 0 22 26 27 8 11 6 14 19 21 21 9 7 24 23 14 6 24 13 27 15 20 14 15 29 11 17 2 13 5 3 
24 25 26 11 26 7 21 21 3 14 2 7 16 24 27 1 28 26 24 13 23 29 21 15 9 19 20 4 8 7 7 10 26 26 4 22 2 18 5 10 15 4 13 23 26 17 11 30 6 11 17 11 25 20 15 16 22 1 19 18 13 22 25 28 1 3 26 3 30 24 19 14 8 0 17 5 11 7 28 7 15 11 2 25 1 24 4 6 7 4 1 
21 9 1 23 24 14 17 14 20 26 22 7 20 3 23 16 16 3 5 24 11 28 7 28 5 19 26 25 8 4 27 13 13 14 24 28 10 21 0 0 10 16 13 5 29 14 19 22 11 18 4 13 22 12 4 21 6 30 4 0 7 12 26 6 17 2 29 14 9 22 24 25 26 24 13 17 17 23 21 30 8 24 13 25 27 7 14 3 4 21 14 
22 27 2 3 22 9 11 20 4 27 27 24 25 28 28 17 22 29 24 22 23 23 5 4 23 14 4 14 4 22 5 2 15 27 10 29 0 22 25 12 1 21 3 20 23 26 9 26 16 14 16 23 21 20 12 30 3 25 0 21 27 12 20 14 4 24 14 26 14 19 16 22 4 13 12 1 23 0 0 5 17 27 3 0 7 17 29 17 26 23 29 
17 16 18 26 30 15 29 27 14 3 11 0 1 7 21 11 11 28 3 20 27 7 8 12 21 12 28 2 16 2 25 17 15 28 22 23 26 23 9 14 10 20 15 4 30 0 25 25 18 4 2 10 14 12 21 19 24 21 2 18 14 12 20 0 21 17 13 28 2 23 8 0 30 25 16 30 30 17 26 20 28 8 13 9 13 27 29 7 12 24 23 
23 30 18 6 26 13 30 22 6 1 5 30 16 29 1 19 12 29 23 14 2 17 7 15 19 1 27 12 20 29 14 20 8 21 4 25 7 1 14 17 17 10 15 0 2 5 24 25 29 27 8 6 15 10 24 17 11 20 17 12 24 16 8 11 29 27 10 13 30 30 23 28 7 0 15 11 20 17 25 13 21 0 27 15 28 27 10 16 28 28 30 
27 24 7 1 26 6 20 7 24 2 8 6 9 2 21 5 5 27 19 17 25 24 20 17 6 9 4 6 23 22 27 22 29 15 17 28 12 10 5 2 4 1 14 11 5 5 24 16 21 4 18 19 29 27 0 25 28 10 16 18 23 27 13 1 15 14 22 26 25 10 18 0 8 24 9 22 21 17 26 30 23 29 4 4 20 13 17 21 30 3 26 
26 2 0 24 28 29 10 4 7 1 3 21 6 16 12 17 26 14 17 17 19 5 12 14 26 26 23 19 24 27 15 25 21 6 10 0 9 19 12 12 1 11 19 19 17 21 17 13 7 8 9 15 16 18 13 16 27 24 20 9 9 23 16 5 16 3 12 28 22 17 26 8 24 14 17 18 30 26 29 8 5 19 29 9 3 10 2 28 26 2 4 
25 16 9 1 14 24 17 2 2 10 19 27 18 17 4 12 14 3 13 13 25 1 9 23 8 11 8 25 0 15 6 28 17 20 19 12 30 5 10 3 3 24 28 15 7 25 24 8 17 25 24 26 28 14 9 26 0 29 5 17 15 4 30 2 27 20 20 13 19 28 20 24 15 25 21 26 13 1 6 21 29 21 28 21 25 0 17 2 26 20 20 
19 16 16 18 9 0 4 30 19 28 27 30 3 7 27 7 3 9 19 18 13 24 20 25 20 21 10 8 19 5 30 23 20 18 30 25 10 6 26 8 3 15 20 13 18 8 14 9 12 0 25 14 13 4 4 6 17 13 12 4 21 2 10 5 25 9 9 22 4 28 24 17 13 1 20 20 9 15 2 25 4 7 17 14 7 4 7 9 25 29 20 
16 12 15 15 23 24 12 11 10 5 11 7 3 5 3 9 5 22 8 24 16 4 22 0 12 8 30 9 20 11 16 30 30 15 16 11 16 9 2 21 9 18 23 21 11 6 4 0 25 3 1 12 18 20 27 15 22 29 30 24 0 2 6 14 19 20 0 26 30 26 13 10 8 19 12 15 7 23 17 4 18 0 25 28 0 25 29 15 23 27 0 
23 3 9 20 2 21 2 0 26 21 17 30 24 19 17 28 6 8 3 11 4 12 14 24 2 27 13 29 19 14 26 23 13 23 12 8 19 9 14 6 6 2 13 11 20 12 19 8 24 19 7 17 16 10 28 19 25 9 3 9 14 20 18 17 4 16 7 14 6 18 21 9 28 14 29 11 30 9 1 25 12 17 27 7 17 7 2 10 11 3 1 
25 22 16 7 30 22 11 10 26 15 20 28 8 24 26 4 14 7 9 3 8 22 21 1 10 0 14 12 8 30 13 20 11 26 16 30 7 29 21 22 13 4 11 15 3 15 29 5 27 28 19 13 26 29 17 25 23 20 28 27 9 27 30 30 1 30 3 30 0 29 9 14 30 7 19 3 0 14 14 9 24 19 27 25 15 22 27 15 16 19 3 
25 1 0 1 8 7 24 29 2 2 12 11 11 19 22 0 2 7 29 23 23 14 20 27 3 20 14 12 0 14 27 7 24 23 25 17 20 18 13 28 11 18 12 15 24 22 27 26 29 20 23 12 14 24 5 20 24 24 24 7 25 14 4 13 12 26 20 4 13 9 19 11 6 2 20 3 0 4 9 29 11 26 22 1 16 11 19 18 0 17 1 
13 13 4 15 8 20 19 27 29 11 29 30 3 14 5 4 7 3 3 8 17 3 27 4 10 20 8 25 26 9 4 9 21 9 4 2 7 19 4 0 27 28 26 21 2 13 18 19 7 16 21 17 21 5 11 10 23 15 28 6 2 13 10 20 9 13 29 29 12 23 6 20 13 20 15 5 21 4 28 9 12 15 26 20 10 0 27 1 11 18 17 
3 22 22 27 4 0 12 17 12 28 15 23 20 21 0 9 0 9 6 1 22 17 25 16 22 13 15 3 12 28 25 14 2 4 9 10 13 21 5 14 6 9 24 10 14 3 28 8 27 28 3 27 2 30 10 1 26 12 8 28 15 6 11 3 4 23 10 12 13 7 27 15 27 1 30 5 16 8 26 16 8 13 16 11 20 15 1 3 26 2 8 
26 14 19 8 24 2 29 14 18 4 9 22 28 0 13 2 5 13 12 28 4 19 27 15 17 23 27 12 22 8 19 30 17 14 21 28 30 1 1 5 11 20 10 25 8 11 20 7 25 28 6 22 13 27 0 8 6 7 22 11 30 25 17 17 0 7 10 18 28 1 13 27 17 14 10 16 20 24 1 17 4 8 2 30 24 20 12 24 6 3 7 
16 3 24 15 16 25 6 27 25 29 29 6 24 12 1 30 14 25 13 20 30 20 17 11 2 0 5 13 29 18 21 0 10 29 22 29 12 18 1 9 4 16 3 2 8 10 6 29 13 3 7 17 15 30 1 11 16 4 24 5 22 16 26 17 17 2 0 19 27 11 21 8 28 22 12 10 25 16 1 21 7 22 25 10 15 15 2 12 20 18 2 
4 18 18 25 0 3 18 13 0 11 21 22 30 15 30 14 22 5 15 2 12 20 14 11 15 18 27 28 3 14 16 7 18 11 23 24 16 20 5 14 6 24 29 30 24 2 15 20 4 13 2 18 16 2 27 6 0 12 10 12 20 7 28 11 10 13 1 17 25 5 29 21 14 10 21 17 21 29 30 3 20 29 2 29 0 2 16 19 28 21 9 
1 5 29 14 20 9 2 4 12 13 16 1 28 25 30 14 9 6 29 14 13 23 10 23 21 0 2 1 25 20 30 16 1 2 10 26 9 20 14 8 14 12 21 24 23 2 17 27 22 12 6 28 24 1 22 26 15 8 29 7 19 1 12 14 25 27 20 6 11 7 27 1 20 6 7 28 19 11 5 2 17 1 23 8 10 21 0 26 16 0 22 
30 29 2 5 15 17 18 26 5 24 3 22 26 9 29 27 26 9 13 21 13 17 21 29 28 9 20 15 9 20 8 18 6 7 28 3 22 9 18 18 25 5 25 27 30 13 13 7 22 8 12 6 23 25 0 10 5 24 25 17 9 26 30 27 3 30 21 18 14 8 2 16 12 23 27 21 28 15 29 12 19 19 5 21 10 0 12 15 14 26 2 
21 1 1 26 0 23 6 30 19 29 12 21 8 1 1 26 14 24 30 13 30 16 22 5 25 24 27 6 25 27 22 10 14 6 27 7 9 23 21 16 5 19 1 19 2 7 26 28 12 20 22 3 3 4 18 3 3 4 14 8 29 30 16 16 24 4 26 3 6 24 16 24 0 27 4 28 16 18 6 24 8 10 26 29 19 20 28 3 26 25 9 
