12
19 30 20 7 15 7 12 5 8 30 16 9 25 16 24 17 9 8 1 4 2 13 26 15 25 6 4 17 15 13 12 29 18 21 9 30 3 4 9 2 0 18 7 5 19 22 30 9 12 14 18 2 18 21 26 26 25 19 25 12 30 2 26 27 6 17 24 30 13 7 17 30 21 17 10 1 0 4 17 4 8 9 22 3 1 10 1 5 26 23 2 
7 0 23 1 25 25 1 11 6 26 0 14 6 11 5 5 11 9 7 30 4 17 19 27 16 12 9 6 6 4 24 8 27 6 4 1 14 9 20 10 18 21 22 22 5 15 10 26 26 19 1 7 4 10 11 15 30 6 10 25 16 11 30 27 5 17 0 4 25 27 8 2 8 0 12 8 27 24 18 8 0 26 2 24 0 0 9 15 10 5 3 
18 28 0 10 7 12 1 20 23 7 28 20 10 11 30 5 11 12 27 21 1 17 20 22 29 17 6 24 24 6 10 12 12 1 19 1 14 15 20 13 8 13 13 0 8 1 14 12 7 5 10 3 2 17 19 12 20 19 30 25 11 3 29 19 23 1 13 4 23 17 11 16 28 29 5 24 29 5 16 3 24 24 5 5 2 7 9 8 15 22 18 
15 29 10 2 0 23 3 15 21 12 5 9 23 27 3 20 9 11 10 10 15 5 2 3 0 29 18 9 9 0 7 29 24 29 17 19 5 23 7 25 0 22 4 15 9 21 19 9 12 4 2 19 15 0 4 12 16 23 21 26 25 30 29 9 29 10 18 4 19 28 24 23 19 4 7 24 21 9 19 17 0 27 27 26 4 11 7 22 27 14 18 
3 28 5 11 21 16 28 29 29 12 5 16 30 16 24 8 18 26 3 12 18 27 12 3 29 19 25 0 24 28 6 6 21 26 18 30 17 3 17 2 4 1 0 2 13 1 5 3 13 9 9 19 8 27 10 1 28 24 6 29 10 27 9 12 3 23 10 26 14 14 15 4 14 14 19 6 2 2 30 28 15 17 27 27 17 29 1 2 18 27 6 
28 30 16 26 11 9 6 4 6 15 18 11 3 6 30 17 13 12 15 3 7 6 4 11 9 3 2 23 7 29 4 9 30 13 1 24 22 2 7 7 21 22 20 15 3 2 23 16 17 27 0 24 26 10 13 22 1 25 17 18 12 9 7 26 22 13 26 11 3 6 30 11 7 20 15 10 24 30 30 2 11 29 3 13 14 11 22 11 5 15 8 
20 21 24 2 15 26 4 9 27 26 5 27 8 21 10 4 28 24 15 18 23 20 12 10 4 10 11 27 10 2 11 4 15 30 24 5 19 12 27 30 15 9 3 21 29 3 15 19 3 10 4 9 6 13 1 21 10 17 20 10 26 9 29 27 24 13 9 7 1 1 0 22 0 3 26 29 7 28 4 4 15 11 8 8 11 12 19 14 5 16 11 
11 24 26 2 0 16 4 16 25 15 23 22 23 22 8 30 13 28 30 24 10 26 29 12 28 7 23 12 27 30 29 21 6 6 2 18 15 18 15 2 12 23 18 0 27 15 4 8 9 22 20 5 3 20 19 20 18 27 12 12 11 21 20 18 18 11 12 22 16 29 6 1 25 1 15 21 24 12 19 3 1 23 23 5 20 17 1 7 22 9 11 
9 24 24 12 25 9 19 30 10 17 27 9 1 29 7 30 16 14 17 18 25 4 14 30 30 2 18 6 15 19 12 22 15 27 26 19 19 12 26 20 23 21 6 16 4 26 3 1 23 21 30 3 7 10 3 29 7 1 13 22 17 17 25 11 27 4 17 21 25 7 28 15 29 11 13 20 27 8 30 15 11 7 20 8 0 24 16 2 7 19 12 
24 17 20 1 11 9 7 8 1 8 14 20 16 27 25 30 16 1 1 12 17 24 17 14 18 8 10 23 29 17 10 29 30 29 23 7 29 23 21 10 1 5 5 29 0 26 15 4 27 6 14 16 30 6 28 1 16 28 29 25 25 11 19 25 29 12 20 23 28 30 13 23 24 8 14 13 30 26 22 26 28 8 2 14 29 6 15 13 0 1 4 
7 19 16 27 20 22 20 10 30 21 8 1 20 29 7 6 18 22 26 30 21 17 19 26 8 17 29 26 18 24 6 9 10 14 9 24 29 4 29 27 26 12 16 29 9 12 11 19 8 21 15 16 12 8 22 23 26 26 3 29 9 27 5 4 12 14 24 22 15 12 21 21 7 5 22 24 21 4 22 6 29 15 2 12 8 17 11 17 17 19 12 
28 0 24 14 30 16 30 12 3 26 28 24 4 15 13 8 14 18 4 26 10 13 19 25 14 22 20 16 29 10 19 6 4 18 20 25 0 9 29 29 16 23 3 23 6 13 13 9 6 5 5 6 27 0 8 30 26 14 5 10 3 2 18 13 13 29 25 27 12 30 15 18 4 20 18 11 30 21 4 18 7 17 11 2 28 24 5 0 1 7 27 
18 10 11 30 27 30 27 20 3 9 25 2 3 19 30 28 5 17 14 22 25 2 12 10 5 13 8 27 4 25 0 26 10 18 25 29 9 19 28 26 7 6 29 30 11 29 20 4 15 30 15 23 12 17 14 0 25 5 21 14 26 15 14 0 3 4 12 30 6 14 3 11 30 21 3 19 24 25 19 2 12 1 15 4 24 28 16 4 22 21 10 
25 21 9 30 19 24 28 16 13 7 22 1 28 11 4 22 15 15 27 0 12 18 27 3 4 24 26 27 22 17 21 14 28 15 5 21 20 5 30 25 18 14 17 21 12 12 0 20 18 21 4 22 30 26 2 8 4 11 0 14 0 13 12 13 11 27 15 29 20 20 25 4 0 1 12 21 15 6 25 25 14 23 0 16 27 28 22 27 18 15 17 
28 29 9 3 30 12 23 22 0 15 18 22 0 10 4 22 25 9 1 2 10 24 28 4 14 25 22 14 28 24 27 23 11 2 8 3 10 5 24 22 28 12 30 25 2 0 0 17 16 9 30 21 10 6 14 5 3 5 29 5 23 1 21 5 7 24 2 29 11 26 15 3 2 24 26 29 6 4 23 8 0 6 0 24 16 9 1 19 29 18 9 
10 4 13 11 23 3 15 6 19 9 29 13 21 18 12 19 15 27 16 21 5 13 28 15 22 2 2 13 6 16 4 10 17 14 23 21 2 24 15 20 21 28 27 21 3 11 29 21 14 30 28 2 8 19 10 11 10 19 2 3 23 14 1 8 22 13 14 13 23 1 4 11 22 3 29 17 10 5 6 6 29 17 27 5 25 29 2 26 25 5 5 
2 14 23 8 17 2 1 13 21 27 19 2 14 28 9 30 21 9 5 25 25 13 28 26 9 16 14 20 19 26 0 7 6 23 24 6 27 7 5 28 23 23 18 4 26 30 21 6 25 29 8 11 2 19 12 28 14 24 23 19 26 26 26 8 4 0 6 0 19 15 7 20 26 28 24 3 15 1 23 6 24 19 26 1 7 30 20 0 22 12 4 
16 19 23 29 29 6 0 17 2 30 20 27 6 10 18 8 8 13 3 7 24 10 5 18 15 0 22 5 27 16 30 23 12 11 18 13 29 23 30 9 15 24 20 19 16 30 23 2 9 11 22 5 5 11 15 26 19 15 16 2 7 27 4 9 18 12 10 16 27 3 18 9 1 14 27 25 18 16 28 3 27 20 9 17 20 3 27 25 13 28 20 
29 22 13 16 25 16 21 29 11 9 8 11 8 26 25 22 8 29 4 19 7 6 19 18 11 25 6 24 19 24 2 10 20 18 18 13 2 17 9 7 18 3 29 7 26 19 13 4 1 27 23 24 27 20 21 1 25 8 8 3 4 22 18 29 16 22 9 28 0 17 6 15 26 29 4 20 26 24 11 14 14 7 24 9 13 4 12 20 12 18 23 
8 9 4 2 3 6 7 4 7 19 7 3 6 20 2 0 11 23 19 2 5 24 19 9 22 23 18 7 23 19 1 23 12 5 5 27 20 16 11 3 0 23 16 4 2 16 24 27 4 21 11 22 13 9 2 5 25 20 16 23 8 22 9 1 24 0 19 1 13 13 7 12 24 0 5 22 15 28 18 15 10 27 17 8 24 2 7 9 18 25 9 
11 2 30 30 2 2 1 5 8 2 7 30 13 10 4 29 13 22 5 17 25 8 9 10 0 15 25 26 30 23 18 21 3 20 3 26 10 5 24 1 26 22 26 1 16 22 19 8 12 8 18 2 13 20 10 20 22 14 28 10 4 16 26 27 1 0 26 25 27 7 8 16 29 24 21 3 20 18 12 26 26 4 3 28 5 3 17 22 19 26 8 
18 29 30 17 26 7 24 5 6 29 1 25 17 7 30 13 10 6 6 26 22 29 27 21 28 8 8 10 26 27 1 29 20 8 4 6 19 13 20 23 15 4 11 5 9 14 27 11 4 12 3 18 11 27 19 22 16 19 10 26 20 0 30 18 29 26 29 10 21 7 23 18 13 7 1 19 1 2 24 3 13 21 12 12 18 18 23 26 22 27 21 
14 22 4 2 22 11 6 28 14 25 28 13 10 6 19 17 25 4 16 28 23 17 18 16 11 13 4 29 7 15 14 2 30 29 0 16 14 30 3 17 25 23 30 4 8 18 8 27 15 10 16 12 3 0 6 2 4 12 18 26 28 10 12 18 20 24 11 11 1 22 18 30 6 30 24 15 10 7 19 10 17 20 18 21 26 23 10 16 3 25 3 
0 26 23 9 28 25 9 3 7 13 29 18 24 9 21 17 4 12 21 5 23 6 6 28 18 8 19 13 11 13 26 25 8 22 10 4 1 16 2 7 2 12 19 11 20 19 17 8 10 24 16 29 23 17 16 8 8 13 11 5 24 23 4 17 18 15 24 28 0 22 24 12 1 1 3 11 8 10 12 2 14 10 3 23 5 20 12 9 3 28 27 
