10
23 9 23 20 13 28 4 1 22 15 27 3 0 20 26 19 1 1 5 0 6 14 4 4 3 8 21 13 2 13 21 30 23 12 26 26 3 10 0 12 13 23 29 23 15 27 19 12 19 22 30 24 0 23 21 1 19 16 9 15 8 10 23 16 18 22 
16 7 20 11 19 22 19 6 27 20 19 13 25 7 23 27 24 24 30 23 9 21 9 22 6 21 16 10 15 25 27 4 3 5 29 7 25 9 23 15 13 20 26 7 18 15 22 8 20 5 19 9 15 16 25 2 14 19 25 24 21 17 20 12 26 11 
25 1 28 13 6 16 30 21 15 28 17 23 13 10 20 6 6 15 30 16 22 25 20 25 25 4 25 15 5 24 0 12 26 7 26 7 28 8 15 5 0 13 5 18 21 24 19 13 14 8 0 2 3 26 27 25 7 25 16 18 13 11 23 13 25 6 
23 24 11 23 26 17 17 30 0 12 25 29 28 27 11 5 24 27 27 26 10 5 22 16 11 2 4 0 25 13 4 16 28 10 21 14 11 22 30 22 16 26 8 23 11 30 14 0 26 28 5 1 2 26 1 13 10 13 12 10 2 29 13 6 2 29 
21 18 6 14 20 17 25 21 29 8 3 19 16 26 23 19 23 12 1 9 4 2 10 4 15 16 28 10 16 18 12 19 23 14 20 7 17 19 10 14 26 22 6 2 22 11 6 28 21 21 8 11 29 19 26 2 8 12 27 7 23 24 7 20 13 7 
25 15 24 26 26 26 2 22 0 17 5 5 7 13 11 22 30 15 6 10 25 16 0 11 5 10 23 3 12 12 18 26 5 3 23 21 23 13 6 30 8 9 6 4 2 5 28 30 20 14 17 29 11 27 20 9 27 8 18 5 14 21 17 1 26 16 
12 23 22 6 3 23 23 16 13 11 21 24 19 7 4 18 12 23 12 3 26 12 16 6 22 21 29 4 6 23 15 11 1 14 21 25 29 20 13 5 14 24 21 15 27 7 3 22 11 15 22 7 24 28 8 24 2 10 23 8 0 16 4 0 28 11 
7 8 19 16 15 23 8 29 8 3 20 27 12 17 16 12 26 15 21 14 29 23 25 13 7 14 7 16 14 28 15 28 1 6 5 10 14 28 19 23 12 29 7 28 11 15 13 3 9 25 15 13 20 3 17 3 10 5 15 20 9 9 20 9 13 13 
15 14 11 27 27 9 3 25 30 25 27 28 24 5 16 16 15 28 19 10 19 23 8 24 20 2 14 15 11 25 1 20 2 28 21 4 16 23 5 25 26 30 3 0 1 27 15 24 22 23 27 9 5 16 23 19 10 29 11 8 10 13 28 23 14 17 
15 16 19 22 26 10 28 14 16 20 14 5 12 25 25 7 6 7 0 25 7 15 4 16 12 5 7 0 8 9 20 9 29 11 14 15 15 9 8 13 8 20 0 30 28 2 21 5 13 11 15 26 17 30 3 15 26 25 19 25 3 4 2 15 24 19 
13 19 0 3 27 8 23 27 5 27 26 13 0 13 0 20 19 13 2 23 27 24 18 6 26 21 17 28 10 29 5 6 17 22 20 12 10 18 24 24 30 8 3 23 2 14 19 25 25 30 24 18 2 20 19 28 15 25 28 11 26 21 2 4 10 19 
5 20 15 9 30 25 27 7 17 24 22 4 20 15 21 14 22 12 10 3 9 7 11 12 21 19 21 6 7 6 5 7 23 2 20 12 11 6 14 19 29 30 10 19 12 24 2 11 12 1 0 3 13 25 29 9 0 30 0 28 12 30 2 2 16 30 
17 6 21 2 6 10 19 3 20 20 21 25 22 26 9 19 7 26 25 25 14 22 16 7 17 7 22 11 12 18 19 21 19 19 22 10 7 10 15 13 7 2 9 20 7 11 13 25 17 0 22 4 29 29 8 10 17 26 6 11 9 27 14 20 22 1 
0 2 29 23 19 24 6 7 12 27 25 27 13 6 21 16 1 14 18 25 5 4 8 4 9 16 14 3 20 21 13 11 16 3 30 30 29 1 11 28 10 21 23 16 11 1 2 9 11 2 5 25 23 9 5 26 28 17 23 29 6 10 18 15 7 3 
22 17 17 19 20 24 29 3 3 21 0 6 1 1 6 1 6 22 9 21 23 26 10 27 11 13 17 24 14 8 9 11 19 6 15 8 19 15 3 17 22 3 23 15 21 2 4 19 30 3 15 9 21 5 12 21 29 10 10 6 9 19 10 13 21 17 
2 22 27 25 24 11 3 27 26 22 18 0 4 7 21 19 21 18 29 24 16 14 6 28 29 8 30 18 3 23 4 11 11 0 12 22 16 6 5 4 20 4 2 17 4 12 28 2 7 6 19 13 13 19 27 8 21 6 27 22 1 21 9 30 1 24 
14 7 21 27 7 27 27 14 15 16 6 22 24 4 4 22 2 7 24 24 30 5 23 1 0 15 4 16 6 27 8 13 20 6 27 26 3 13 27 26 16 23 18 18 16 13 18 17 27 9 1 5 23 18 18 29 21 26 2 3 24 26 7 4 30 16 
17 24 5 13 7 20 10 18 18 10 18 10 12 10 0 28 1 10 14 0 4 20 5 28 8 19 15 18 29 1 24 22 15 30 7 9 18 18 6 27 2 18 14 18 22 28 29 6 15 20 2 9 8 12 6 29 30 0 0 11 17 3 20 23 27 17 
8 10 0 2 10 26 1 20 10 2 22 24 7 26 13 5 0 13 10 4 23 4 10 3 15 25 2 22 20 21 27 29 20 9 23 9 12 23 15 10 7 1 27 11 9 15 25 6 19 30 28 2 21 2 14 19 15 21 6 20 15 13 0 29 3 5 
20 20 24 14 8 27 20 28 6 23 4 24 15 16 25 30 19 6 9 19 20 24 25 18 27 17 24 28 19 8 29 10 4 5 0 6 6 0 19 0 11 7 1 13 19 29 8 6 18 9 9 1 20 14 26 11 28 25 19 24 4 27 6 20 3 9 
