9
26 22 15 13 19 27 3 26 26 5 5 30 7 17 23 6 17 21 21 26 30 5 15 30 21 15 18 16 9 0 4 21 22 17 4 7 7 23 19 23 12 23 5 15 17 24 3 6 26 26 0 11 28 6 4 
0 25 5 10 9 23 16 25 3 18 17 20 23 5 30 13 13 22 21 3 7 15 11 22 24 0 4 22 21 13 14 10 1 21 14 4 8 25 25 18 30 20 23 18 12 29 13 21 20 1 5 15 1 5 23 
13 18 9 23 1 5 19 14 16 15 21 17 24 3 12 14 9 12 21 4 9 2 14 14 4 28 17 24 16 24 3 30 24 20 24 14 9 7 26 17 12 24 6 27 4 16 22 21 30 9 0 16 26 3 30 
27 1 23 18 30 27 0 2 9 10 6 9 8 22 13 29 15 13 4 15 13 22 3 25 4 0 15 16 9 4 19 27 20 6 2 1 22 9 5 28 7 21 29 22 15 9 26 27 13 12 3 26 28 27 6 
16 6 3 1 8 18 19 25 8 24 5 7 10 9 1 25 0 10 0 0 1 21 11 18 26 2 24 25 19 19 12 28 12 21 27 27 4 14 3 24 20 22 1 14 15 15 5 21 24 22 9 1 12 11 25 
14 5 14 29 4 23 8 16 29 11 29 13 7 11 21 4 30 26 13 3 3 15 9 29 12 6 23 23 18 9 1 7 16 17 29 27 4 21 24 19 30 21 20 9 22 11 16 7 8 6 11 13 9 23 11 
13 25 24 3 15 20 30 11 10 8 27 29 12 13 7 28 5 13 0 10 9 20 26 10 25 23 22 28 21 8 20 7 26 15 22 12 29 25 28 7 1 16 23 0 10 5 24 26 17 22 30 3 2 13 25 
4 19 3 22 7 21 23 20 26 10 11 30 21 16 12 13 30 19 24 18 12 9 17 13 20 10 21 23 12 1 15 27 9 15 7 16 29 29 27 25 21 5 26 1 12 16 26 25 18 28 21 4 16 14 21 
4 26 18 19 29 22 29 17 16 18 0 17 3 3 11 6 5 0 15 3 15 29 3 0 19 7 26 17 15 7 1 24 0 22 12 3 20 1 22 22 17 27 12 0 27 27 15 4 4 0 4 24 25 24 12 
16 15 23 3 30 25 0 27 28 29 19 12 2 25 21 8 3 3 24 16 8 29 16 18 30 14 14 8 3 27 14 0 3 27 8 9 12 15 8 16 27 13 28 23 22 2 7 0 27 22 5 16 15 28 11 
22 10 5 29 13 21 20 15 6 10 18 17 22 30 22 28 13 16 28 15 15 21 29 28 2 4 24 3 11 14 4 29 11 7 9 8 15 19 0 10 2 4 25 2 6 24 15 6 27 5 16 18 8 11 1 
11 19 7 26 10 27 10 5 6 3 10 15 29 7 3 6 1 22 21 8 6 12 8 22 17 19 9 12 19 7 23 14 13 10 11 7 20 29 21 21 24 18 15 10 16 11 21 5 19 20 14 15 1 8 0 
12 23 3 18 26 4 4 5 8 7 11 18 6 9 16 29 9 5 28 17 28 5 4 29 14 1 27 28 18 13 2 3 6 25 2 3 16 1 26 16 12 29 4 17 9 0 1 20 30 7 10 9 9 6 20 
2 29 10 2 6 21 25 21 29 23 9 8 8 22 3 28 11 3 30 0 2 11 29 24 14 4 6 18 10 3 8 20 13 1 10 13 29 1 23 23 1 2 26 16 28 4 0 29 12 21 9 9 16 13 12 
3 4 0 4 4 28 0 6 25 4 2 20 15 29 12 26 11 26 10 24 28 9 12 7 3 22 24 26 14 29 9 4 6 21 14 23 3 23 30 22 17 4 27 5 4 14 23 2 27 26 1 16 30 14 11 
2 1 23 11 1 18 3 14 26 13 22 21 11 23 1 25 17 1 0 9 12 2 20 14 6 5 26 30 10 6 13 2 3 13 16 24 13 22 5 2 3 14 16 0 24 16 29 10 29 28 25 11 19 30 18 
1 1 23 29 26 16 8 28 25 3 20 5 17 18 9 20 25 12 22 28 14 24 15 15 16 15 8 6 8 2 20 14 29 28 22 2 18 25 10 8 0 6 27 28 1 20 2 27 3 16 29 29 17 20 25 
20 0 25 23 4 10 11 15 20 13 24 15 2 2 15 28 28 9 5 1 17 16 10 13 19 1 19 28 12 3 29 16 10 24 6 4 10 13 9 28 28 29 3 3 18 19 30 20 10 23 25 28 5 5 13 
