10
20 8 29 0 26 18 9 29 0 23 4 18 12 24 16 19 26 8 29 16 8 16 5 27 3 20 22 28 3 13 23 16 28 18 5 24 9 8 8 14 7 3 19 0 20 6 29 6 5 0 26 6 1 30 6 25 27 0 8 8 0 12 30 21 0 30 
4 11 11 0 8 7 22 10 6 21 3 30 15 1 26 20 17 13 27 15 20 12 21 5 0 9 13 11 23 23 24 9 9 20 13 24 2 29 8 5 18 6 4 13 27 9 9 12 5 14 15 9 11 15 17 1 17 12 22 4 9 12 23 23 26 13 
26 15 16 16 22 25 24 4 9 4 5 13 26 29 2 6 16 1 20 11 30 23 6 26 7 7 5 28 10 30 4 7 16 6 2 14 0 18 10 22 24 5 0 24 6 12 28 18 22 8 23 27 4 8 7 22 18 21 0 18 20 29 3 7 24 7 
27 29 18 19 15 0 17 14 26 7 0 2 1 8 14 25 20 17 25 6 0 22 13 10 0 18 20 11 22 12 19 29 6 6 21 3 28 15 23 18 15 10 28 14 4 20 22 21 0 18 11 9 27 29 19 26 21 5 19 20 19 20 23 24 24 22 
13 11 14 25 11 13 20 14 23 3 16 1 1 21 6 0 18 11 4 13 12 0 6 18 10 21 27 0 29 12 22 24 4 15 13 11 10 30 7 4 5 20 26 27 22 21 5 0 9 3 6 24 1 22 9 16 0 30 13 5 17 27 18 14 26 26 
24 29 4 10 3 3 15 6 27 11 16 0 28 20 5 11 25 0 18 17 13 7 11 24 21 11 14 9 22 30 2 30 25 17 18 23 5 9 21 14 3 25 10 28 3 9 25 10 26 2 22 28 6 22 29 16 1 20 8 16 3 1 3 27 21 27 
19 0 8 29 20 17 6 11 27 1 27 0 19 15 15 0 20 15 27 23 4 24 9 6 19 16 13 30 9 27 9 1 0 14 19 21 16 17 8 30 18 0 21 26 29 10 1 1 15 28 28 24 26 3 19 30 11 26 4 14 4 17 3 0 23 18 
6 17 19 13 18 23 1 6 17 29 14 14 8 19 24 22 5 23 4 25 29 26 7 20 9 14 30 9 28 16 14 16 0 2 23 27 5 24 30 16 17 12 25 20 20 7 22 27 16 5 9 13 20 8 17 25 9 19 29 7 4 6 1 14 20 28 
14 9 1 6 20 22 6 4 23 18 28 21 22 9 14 1 2 7 22 26 10 1 9 15 23 4 29 27 27 9 2 12 13 26 3 13 12 23 24 10 18 14 5 10 21 21 2 30 28 13 27 28 5 27 26 14 22 0 20 10 21 3 0 23 22 16 
29 26 21 1 12 10 20 17 25 11 6 1 10 17 28 23 30 29 0 4 18 8 19 2 22 3 16 0 3 5 16 0 20 23 15 6 17 6 23 28 21 30 26 3 22 28 10 1 2 18 13 5 16 26 30 18 10 6 30 8 24 0 7 13 19 8 
4 29 7 7 16 27 23 22 14 18 28 14 5 7 14 0 23 23 11 22 12 14 12 29 22 23 14 1 19 15 21 6 19 5 9 26 25 27 3 5 23 22 17 10 7 1 2 19 20 0 24 27 5 5 28 30 16 3 18 2 21 3 21 22 7 18 
3 6 14 2 9 7 18 9 27 0 21 2 10 11 7 22 6 17 29 3 23 25 6 30 23 0 28 13 1 12 13 14 30 6 0 8 28 20 30 15 11 9 17 1 23 13 24 26 8 15 8 7 10 9 14 10 16 23 1 2 14 11 3 23 16 1 
6 10 16 29 25 23 25 7 14 24 7 9 24 16 7 10 30 29 26 28 30 28 15 23 24 29 6 12 10 5 9 15 8 26 16 3 14 22 13 26 26 1 23 4 11 0 18 4 13 24 25 29 14 23 13 0 6 30 28 19 16 6 20 20 3 25 
28 10 21 0 6 28 12 26 24 27 29 18 21 25 6 21 17 27 25 24 7 2 7 11 13 15 22 12 10 5 12 26 24 24 7 25 5 4 30 19 20 14 17 18 30 0 26 14 13 15 23 30 0 23 8 28 21 18 17 22 8 12 12 22 21 17 
24 26 11 5 25 11 30 9 21 4 27 21 14 11 10 18 0 5 2 10 18 8 7 28 30 19 19 2 8 20 28 21 19 28 5 21 10 1 24 11 9 13 5 2 25 19 17 22 19 6 14 21 24 10 19 28 0 29 15 2 7 23 6 3 8 20 
3 28 7 14 7 22 5 24 15 13 4 25 26 23 21 20 2 11 11 7 25 30 0 14 18 7 8 24 21 3 3 4 23 5 19 7 18 23 24 16 13 30 28 8 27 23 28 27 15 27 13 1 26 16 7 19 5 9 3 30 29 29 24 27 15 8 
11 26 8 12 5 17 18 10 15 15 15 11 13 21 21 24 20 14 0 27 27 21 14 19 20 8 13 12 7 26 7 8 19 19 13 12 17 12 17 17 4 17 16 5 7 9 13 8 28 20 22 6 4 28 0 17 9 20 21 17 29 28 13 22 26 26 
12 13 7 12 19 0 23 0 13 25 14 22 27 16 1 25 8 19 17 27 5 19 5 3 6 11 16 27 30 13 17 21 25 18 13 28 22 19 12 20 19 4 16 27 14 1 22 11 14 1 6 2 30 2 17 20 12 21 5 21 30 8 7 1 13 12 
1 8 21 29 18 1 19 30 8 21 22 14 1 11 16 2 17 26 22 21 7 9 26 15 30 26 6 11 14 23 22 2 13 26 27 11 22 7 21 19 19 28 10 27 7 7 1 8 14 28 21 24 5 12 11 11 9 21 29 15 19 19 29 10 27 4 
2 12 8 5 12 23 17 4 9 27 8 26 16 14 9 4 20 15 16 10 4 1 23 23 25 28 30 29 16 11 4 10 9 20 0 20 28 11 3 28 7 12 12 5 3 18 9 22 1 20 3 7 16 8 20 2 14 26 27 25 13 17 17 15 5 27 
