12
30 16 30 4 10 29 10 5 4 25 4 7 23 16 28 25 26 22 21 21 2 29 5 23 12 25 8 17 5 29 17 0 17 20 14 7 6 11 3 6 18 28 23 23 0 5 21 1 30 26 4 5 13 3 28 29 22 24 27 18 23 22 1 22 7 8 10 21 24 14 16 20 27 0 5 12 11 25 6 12 23 21 23 10 23 27 8 14 18 2 1 
30 25 27 27 1 12 12 29 19 10 3 6 19 6 2 9 1 16 6 25 16 21 13 10 15 21 0 16 5 16 6 11 20 14 1 22 9 14 4 24 3 23 11 1 7 28 25 21 14 26 18 1 22 10 2 23 21 27 23 20 30 15 10 20 22 26 4 0 2 9 6 23 1 12 24 10 5 11 11 11 14 23 11 25 16 26 6 15 27 14 22 
30 30 16 23 11 22 4 4 3 28 6 25 14 11 17 27 29 0 20 13 28 28 2 7 30 13 30 30 2 27 24 18 15 26 22 12 9 9 3 14 7 17 27 3 21 19 26 27 10 30 26 6 8 22 29 3 4 3 25 20 24 8 26 18 26 8 29 12 28 20 30 16 14 22 1 10 6 2 12 12 4 12 21 11 25 5 29 14 25 26 22 
5 28 14 17 12 10 5 13 24 2 30 1 17 28 5 22 8 10 26 1 30 27 8 13 19 1 22 30 18 26 13 29 6 21 5 1 4 18 24 4 13 15 4 29 16 5 4 4 29 17 24 14 24 26 30 10 19 19 21 11 24 14 22 25 13 21 26 16 3 18 29 8 28 1 26 13 28 20 6 24 5 7 3 0 3 16 18 28 13 2 8 
7 7 6 2 1 19 30 3 16 25 24 7 9 4 25 4 10 19 19 10 28 21 19 2 9 20 15 18 29 13 8 8 1 1 1 28 5 27 12 29 21 7 29 13 13 25 17 11 17 25 30 26 13 23 16 20 22 0 16 25 3 19 12 19 15 27 26 7 27 19 16 30 26 5 0 19 14 21 4 18 24 3 4 26 9 28 0 10 9 9 13 
28 11 14 30 6 5 8 9 20 29 28 0 0 28 15 18 18 15 5 11 16 17 2 0 2 27 24 29 30 13 21 18 16 6 12 5 30 4 11 6 10 12 18 5 25 23 3 3 20 28 2 19 30 14 15 4 3 18 22 12 3 5 14 18 10 19 16 12 15 16 6 24 1 14 2 10 17 12 23 5 11 12 4 5 11 11 9 28 21 16 7 
5 25 22 25 2 5 24 21 1 9 5 18 19 24 4 9 19 5 29 28 19 28 7 28 9 1 2 16 7 30 9 0 14 22 19 10 27 25 30 0 9 0 1 29 20 28 30 7 2 0 6 8 9 4 18 10 14 30 12 26 25 22 1 17 14 1 20 2 28 20 3 19 12 14 16 30 11 25 18 14 1 9 24 6 23 23 6 6 0 14 5 
0 30 0 7 19 24 2 15 16 23 26 14 20 21 24 1 6 8 14 6 18 0 10 8 11 26 10 16 6 4 15 26 13 23 17 16 4 22 12 2 30 14 9 10 0 8 24 14 16 14 22 6 3 1 0 4 1 19 6 18 6 24 20 24 23 12 1 12 4 13 29 0 21 26 26 13 5 23 23 25 17 7 14 19 6 0 8 10 14 18 18 
21 14 6 11 1 21 28 30 1 6 23 13 15 3 8 30 4 6 17 10 25 9 26 19 22 16 6 12 7 20 23 0 15 21 21 25 29 0 5 3 27 26 21 26 2 9 9 4 15 22 29 7 22 20 3 2 20 22 8 29 21 27 21 9 12 29 14 30 8 7 11 19 17 17 4 30 7 0 0 16 1 20 18 8 12 19 29 22 3 19 6 
20 2 22 6 29 22 14 26 1 1 10 18 4 27 27 24 16 18 27 29 27 27 8 25 7 26 10 28 21 10 20 10 20 8 11 16 3 19 22 30 27 15 30 23 7 9 27 13 2 3 27 12 7 24 15 5 18 24 12 18 9 18 16 27 5 24 10 4 20 19 29 6 20 6 15 21 3 13 8 24 23 5 11 12 29 14 8 20 11 28 8 
3 16 5 0 9 21 17 10 18 25 28 2 13 16 5 5 22 5 12 11 23 0 6 26 28 19 22 18 18 25 30 18 14 16 22 19 13 29 0 25 21 4 30 9 19 24 24 3 28 5 16 19 9 29 7 10 1 19 27 6 11 26 15 14 17 1 21 25 19 11 21 10 23 24 26 25 5 6 5 17 27 24 26 18 16 11 9 5 29 28 18 
17 3 16 8 28 20 11 4 0 30 16 11 30 7 18 19 18 10 5 8 21 2 17 3 28 30 1 2 13 7 16 6 18 15 10 11 29 16 30 18 25 24 15 28 28 12 19 25 0 25 3 1 12 5 13 26 12 12 6 14 10 14 23 10 18 1 28 30 6 2 21 4 0 15 28 11 8 13 21 11 1 0 6 22 0 8 16 14 11 30 19 
5 15 17 11 13 8 18 0 7 20 10 11 30 19 9 18 17 27 28 30 23 9 10 0 10 27 13 2 17 26 3 25 6 14 14 12 6 10 11 26 0 9 15 26 24 25 28 14 14 27 24 27 25 10 6 28 28 21 18 11 23 24 19 9 9 18 9 23 9 3 20 10 27 17 30 4 6 27 4 2 25 13 26 17 8 17 19 12 26 22 10 
8 14 0 6 2 9 25 2 22 28 24 25 18 11 23 29 20 9 3 2 28 17 11 5 0 17 5 15 3 23 4 10 11 10 19 16 9 21 16 14 10 4 2 19 16 7 20 15 13 8 24 7 20 1 25 11 2 28 18 6 15 13 12 20 10 3 25 10 7 5 25 29 23 3 10 24 12 10 14 10 9 23 22 15 27 26 6 16 9 21 1 
21 22 14 11 17 0 19 21 25 25 22 4 13 19 16 21 23 20 25 8 24 2 12 9 19 28 29 9 1 11 12 18 19 19 4 17 26 12 0 6 19 24 25 27 26 8 21 3 1 26 29 3 8 5 12 23 5 29 21 4 24 2 11 17 19 16 20 16 17 19 6 12 6 21 22 25 7 9 7 12 15 2 27 7 24 15 8 6 20 28 14 
6 18 10 7 2 30 18 7 13 29 15 12 12 24 28 20 4 0 22 29 16 10 17 23 3 12 14 26 17 2 21 27 7 1 28 30 4 3 27 11 2 30 23 3 19 5 30 17 11 0 17 22 2 23 28 15 15 3 10 30 2 21 16 6 26 9 14 28 0 30 12 22 29 15 5 3 24 2 14 14 2 1 20 16 17 17 21 18 24 10 4 
30 19 30 17 5 25 1 14 1 23 10 0 25 26 8 11 7 18 16 2 15 2 30 30 24 16 15 9 12 10 3 9 4 25 11 20 5 13 12 19 17 19 28 13 20 13 16 12 17 2 30 8 6 9 0 5 11 6 3 8 15 6 24 18 16 15 7 10 18 9 5 28 17 11 5 13 27 28 20 24 23 16 12 17 13 22 9 2 5 3 19 
2 20 20 16 12 2 25 2 26 13 23 6 22 16 16 19 16 9 6 29 5 20 3 16 29 0 15 18 22 9 0 14 15 28 17 13 14 29 5 15 13 24 16 5 5 5 26 16 12 21 23 14 9 22 20 16 22 29 9 23 29 25 29 15 4 26 3 16 28 10 15 17 22 6 21 15 15 30 10 18 9 16 19 24 1 16 22 25 22 11 7 
22 8 15 0 3 25 20 29 0 11 29 21 30 20 28 11 17 13 6 0 30 10 21 27 30 10 19 14 13 5 23 23 25 29 18 9 27 6 21 29 23 20 21 5 4 7 16 27 15 6 17 22 19 13 2 3 2 7 21 8 17 15 14 26 14 14 15 1 15 11 26 25 7 11 30 21 30 14 8 25 28 22 0 17 21 19 25 8 6 14 1 
8 14 8 27 28 22 0 15 30 14 16 21 28 0 18 16 3 21 0 7 26 17 2 13 22 16 22 13 15 28 13 24 16 27 3 3 18 16 21 8 15 11 27 26 23 26 29 5 17 0 22 30 13 9 16 20 11 5 26 26 20 7 4 10 9 7 26 29 23 23 25 30 23 18 4 23 6 29 30 18 19 8 15 12 28 7 23 1 15 27 29 
5 6 18 0 27 22 16 9 23 27 17 15 12 8 26 28 30 22 11 17 11 12 16 5 0 18 22 15 17 8 28 16 30 14 26 21 30 7 8 0 14 2 8 15 10 6 23 11 29 19 14 14 1 15 26 5 18 3 16 10 13 29 0 15 23 9 2 10 12 10 0 23 12 9 29 18 26 25 11 22 12 25 10 22 4 0 10 6 19 11 2 
29 20 4 1 23 27 24 18 10 19 8 10 3 30 4 11 6 24 4 21 14 26 4 26 6 5 16 18 1 21 24 23 26 14 23 22 6 24 14 10 11 24 26 24 20 27 4 28 0 4 13 15 9 22 20 22 27 12 12 6 4 3 16 28 19 21 2 30 20 20 8 19 12 24 1 24 21 11 21 13 18 21 22 8 23 12 26 22 5 16 10 
16 0 1 12 11 26 10 4 4 29 4 5 8 18 27 10 18 12 13 5 0 12 13 20 30 21 1 29 16 15 8 1 1 7 24 1 28 22 11 4 1 14 15 18 20 24 19 26 17 2 2 20 25 20 21 10 8 15 21 14 7 9 14 15 29 2 7 5 16 27 26 16 14 8 24 1 3 1 26 20 1 18 30 2 24 5 22 6 25 14 11 
28 16 1 11 22 25 7 25 27 24 0 20 11 28 16 22 18 17 24 17 30 19 28 13 25 1 18 5 7 26 2 13 1 24 20 5 12 11 0 11 14 17 26 3 23 8 17 12 30 4 13 28 8 3 13 29 17 30 11 29 3 27 29 7 0 24 10 28 19 28 10 13 19 15 12 19 28 26 30 1 28 2 12 9 8 6 5 27 24 13 26 
