9
27 17 29 23 2 19 8 8 14 17 30 6 22 4 2 30 15 20 18 18 5 10 18 16 27 24 23 17 27 24 3 12 7 25 7 28 9 25 22 4 29 4 29 26 30 19 22 9 10 15 0 9 6 7 6 
14 10 13 4 16 11 16 26 27 19 10 1 18 27 30 20 24 28 17 21 10 13 27 0 25 10 4 29 24 25 13 29 30 28 20 21 17 1 22 20 19 30 0 26 4 2 25 16 23 11 2 9 26 17 8 
9 4 10 25 22 23 14 8 5 30 13 8 15 10 13 28 23 24 9 30 1 22 18 20 4 14 19 16 25 9 16 17 27 7 25 25 20 30 28 15 28 23 23 7 21 3 4 16 28 12 26 4 26 16 9 
4 23 18 20 26 19 4 29 3 3 28 17 21 15 6 12 27 3 11 19 13 3 15 11 0 28 30 4 21 30 29 11 0 4 25 1 21 12 30 19 5 25 18 10 8 24 23 11 13 1 13 4 13 18 26 
5 9 3 24 19 8 12 27 8 10 21 0 15 20 1 0 23 13 2 30 13 21 17 3 27 6 29 6 26 14 3 29 24 18 30 8 9 11 15 28 24 16 28 20 11 20 30 20 12 7 21 17 30 15 4 
6 29 24 15 23 25 17 13 15 9 19 17 15 27 17 19 11 16 28 1 17 22 3 20 26 21 7 30 23 26 16 29 11 19 11 23 25 28 14 13 13 4 15 12 5 28 5 3 6 30 3 13 11 27 12 
17 4 1 29 17 14 24 10 0 12 25 16 24 1 4 9 30 15 13 22 13 8 3 27 7 8 25 18 24 28 19 20 9 23 0 25 3 18 16 1 7 21 11 16 9 8 10 22 29 21 5 1 5 12 28 
27 11 15 18 8 26 28 22 9 6 28 16 26 24 28 21 30 27 25 0 7 4 15 2 29 22 20 10 7 2 17 3 21 28 9 18 16 20 11 15 17 26 19 12 22 9 26 8 7 17 15 19 27 7 30 
13 17 7 11 22 7 23 20 20 19 6 24 30 26 22 16 19 13 10 16 9 24 2 15 25 1 0 18 10 4 14 11 1 4 9 20 17 14 18 9 12 14 21 3 2 4 20 16 10 8 15 3 14 6 8 
27 28 14 8 30 2 14 4 6 12 27 20 14 3 22 18 18 27 20 4 13 20 27 26 20 3 18 20 3 23 29 13 21 17 24 11 21 1 1 0 13 29 18 2 27 29 10 2 27 20 17 16 6 11 17 
2 1 30 16 30 8 14 29 17 11 1 29 19 30 29 3 30 23 25 1 16 3 13 28 1 14 22 1 25 15 1 1 21 9 0 27 30 5 5 13 9 0 23 0 9 10 7 22 27 21 22 9 1 16 2 
22 22 19 2 7 2 22 29 21 10 9 4 13 20 24 8 24 17 12 16 19 18 20 13 21 19 21 12 21 18 29 29 14 9 11 17 27 13 7 8 2 1 28 16 26 2 10 29 2 2 6 13 21 11 1 
20 23 5 12 16 18 16 29 7 2 20 29 30 28 29 13 22 26 8 22 20 2 23 7 15 0 14 20 6 2 30 19 11 9 5 0 29 8 25 28 13 23 22 3 26 4 19 28 9 11 5 18 26 14 14 
12 6 23 3 1 26 6 2 25 24 4 8 4 14 6 3 12 16 24 22 4 5 1 26 26 5 21 13 16 12 10 21 28 17 19 11 9 10 25 5 30 11 28 19 4 2 24 7 25 23 6 17 28 14 19 
6 21 23 4 2 3 14 15 15 14 13 7 19 9 10 3 5 2 9 13 0 0 3 5 26 28 16 10 25 16 20 0 26 16 4 20 13 14 21 25 10 25 4 2 2 10 25 20 16 3 24 13 23 14 18 
24 5 25 5 18 16 27 22 9 11 5 3 13 30 18 12 28 0 28 9 18 2 15 14 9 22 21 0 8 8 24 23 8 5 20 4 3 17 8 16 23 20 6 25 7 23 8 20 4 3 10 25 16 16 19 
23 25 19 14 29 0 1 5 25 3 23 26 10 7 12 4 6 21 26 18 26 9 29 24 25 6 12 27 15 9 9 14 2 1 26 2 28 10 19 3 5 2 15 5 12 13 11 0 19 25 0 24 25 15 16 
0 22 7 12 1 10 15 2 19 22 25 25 6 27 24 0 27 18 5 21 12 23 20 18 25 26 15 29 22 5 10 8 10 13 20 30 5 7 3 1 24 26 17 0 13 9 2 24 30 11 12 8 30 16 6 
