11
7 25 4 4 0 13 5 14 2 6 15 15 27 7 0 14 3 30 16 2 15 4 26 10 28 25 23 19 27 8 1 4 4 3 5 17 19 3 5 11 28 25 3 17 6 7 8 30 4 15 20 12 5 29 23 5 11 18 24 19 28 12 4 3 2 20 4 2 11 15 16 28 4 20 23 13 17 6 
28 19 22 25 20 20 7 2 9 27 13 7 26 22 30 25 25 7 14 22 7 18 21 8 22 10 9 13 4 9 14 30 12 18 17 24 4 21 17 5 21 25 3 6 6 25 27 11 14 7 22 21 22 5 30 6 7 28 22 17 23 28 26 27 24 3 13 24 12 29 13 9 18 6 7 16 7 26 
26 20 13 30 30 27 27 26 11 11 5 18 20 18 0 12 19 12 25 23 12 26 29 21 14 20 3 10 6 28 14 16 27 23 18 1 24 25 30 10 6 18 26 2 15 10 1 3 0 17 11 23 18 4 23 26 8 19 3 7 15 26 22 11 3 0 27 6 15 2 13 16 3 5 6 22 30 5 
1 19 28 4 21 4 6 8 6 17 18 25 28 30 21 11 30 9 15 23 15 30 7 24 15 12 18 20 8 10 4 17 14 20 27 1 24 24 20 22 12 12 25 1 23 23 0 11 14 11 13 11 5 9 28 2 18 3 10 18 26 26 27 29 24 17 16 4 28 0 0 13 29 16 21 23 27 21 
6 1 28 26 27 27 20 23 12 6 10 23 23 0 25 3 13 28 29 30 9 10 1 11 19 28 7 27 27 29 30 19 30 29 12 30 16 30 26 2 18 21 5 1 16 5 3 20 28 10 29 10 20 21 15 15 3 4 13 23 23 4 7 26 0 16 19 18 22 3 13 7 15 30 0 17 2 2 
15 20 4 17 23 22 22 24 27 19 28 7 11 6 8 25 10 27 9 13 9 15 9 16 3 15 21 14 5 0 4 22 30 15 14 24 26 30 29 23 3 18 17 16 23 19 22 4 22 8 8 9 11 30 17 17 29 4 14 15 13 26 22 20 5 13 20 23 29 17 4 15 25 7 29 0 15 25 
8 29 2 22 1 4 6 21 19 3 19 29 22 11 10 19 17 2 6 25 26 23 15 16 20 5 1 29 19 21 22 1 3 11 28 9 10 1 26 5 1 18 14 27 4 26 8 29 21 25 4 1 2 8 26 9 15 20 24 24 22 11 2 21 27 17 26 20 26 3 9 25 15 19 23 20 24 12 
10 25 16 14 0 26 20 16 27 15 16 24 24 4 28 7 17 14 19 13 3 22 26 8 5 1 11 13 28 17 29 7 10 26 28 23 4 15 2 10 21 7 30 11 9 11 16 12 26 21 19 18 19 1 24 17 21 21 2 4 24 14 17 9 24 8 0 21 25 11 5 10 30 8 2 23 25 26 
27 2 2 28 0 26 3 2 10 13 12 17 22 28 28 18 12 19 10 21 19 17 6 21 4 23 3 9 12 24 18 22 23 19 13 19 12 24 22 9 25 17 26 13 21 13 0 17 6 29 2 20 19 19 15 14 2 30 13 0 9 3 22 24 21 23 19 11 7 19 20 20 15 15 0 15 25 6 
0 19 25 20 7 30 5 26 30 26 13 24 27 24 30 3 7 1 3 30 1 25 7 28 23 17 13 19 26 8 23 24 29 25 16 28 12 29 11 11 15 0 20 14 2 27 2 23 18 14 19 12 17 16 11 0 16 3 13 20 30 20 21 13 20 1 27 13 1 2 8 14 15 4 20 13 7 30 
12 17 22 10 5 13 12 13 15 4 26 27 11 22 28 27 28 19 28 16 11 23 19 15 28 23 20 30 26 1 6 21 7 9 2 24 15 27 28 8 18 21 15 4 11 2 6 1 28 17 2 7 26 10 23 16 11 22 0 0 6 12 13 5 23 7 16 16 23 19 12 23 19 23 2 16 26 3 
17 3 23 17 15 29 6 10 15 16 1 3 22 5 0 14 10 27 23 14 17 8 28 24 24 14 1 25 12 26 21 13 8 18 15 21 28 3 15 28 17 30 6 11 14 17 3 6 25 30 14 22 16 30 30 21 28 22 6 11 3 30 17 28 25 30 18 10 20 21 7 28 14 16 16 9 25 30 
15 8 20 18 27 30 9 7 27 6 26 25 19 8 13 10 0 8 30 29 22 3 30 19 15 9 4 21 18 30 23 28 13 12 23 3 0 4 28 18 7 15 20 11 5 1 7 8 13 4 0 13 5 5 28 20 27 7 5 16 23 29 15 5 13 18 30 6 3 6 8 3 9 14 29 0 3 5 
10 12 11 23 5 6 24 21 2 13 8 13 20 18 8 20 25 21 19 24 27 0 12 13 26 11 9 30 26 13 13 29 26 18 22 7 2 8 23 12 19 28 0 11 0 1 27 10 16 4 18 15 13 0 18 3 9 19 12 23 3 30 26 15 14 4 13 14 12 13 12 28 30 11 16 24 27 3 
13 14 9 2 1 2 10 13 27 21 20 12 16 29 22 18 15 17 9 15 30 11 3 20 9 7 10 9 9 19 2 3 26 23 28 8 5 2 5 8 25 20 28 13 27 28 7 11 28 12 28 18 21 20 4 10 1 2 16 7 28 13 8 29 30 0 19 26 5 21 8 17 13 3 29 25 30 19 
21 0 17 27 7 20 19 17 21 9 15 12 3 10 16 8 18 19 7 19 12 24 4 8 8 17 25 16 15 22 15 29 27 18 8 17 24 14 22 19 13 13 1 25 25 27 5 26 25 6 18 5 30 20 16 27 11 4 19 25 19 13 9 14 23 17 11 27 17 2 28 27 28 27 1 12 3 13 
13 17 29 5 11 7 30 23 26 8 14 1 15 17 27 17 0 27 1 23 7 24 6 3 5 18 20 2 14 16 15 29 11 24 8 6 19 1 8 25 5 13 12 21 6 13 1 11 13 7 17 30 21 0 1 29 21 9 28 0 23 17 23 3 20 22 27 15 16 20 20 9 13 11 11 13 16 21 
14 28 4 11 22 15 5 28 6 11 3 23 19 24 1 15 24 13 20 11 30 20 5 28 18 11 3 27 28 0 2 1 26 11 14 1 27 5 11 19 8 6 3 0 12 18 26 25 22 9 19 5 6 27 30 24 0 9 26 28 18 0 4 16 6 12 5 5 25 17 29 19 29 30 1 25 18 19 
19 29 26 7 20 16 25 11 18 5 12 6 3 27 11 19 5 4 26 1 23 9 9 21 12 24 2 24 29 20 23 5 12 11 22 2 10 12 19 25 21 27 27 3 14 5 29 17 30 26 13 17 8 28 27 29 18 23 0 7 28 27 17 14 12 12 30 17 2 20 6 21 16 22 1 30 29 5 
22 17 0 0 0 0 11 8 19 4 4 2 28 9 25 6 22 16 23 28 6 8 21 7 30 22 2 6 12 27 21 26 23 28 20 17 1 24 29 29 29 22 22 1 29 19 0 14 13 20 1 7 10 14 23 11 17 29 15 22 13 26 20 23 3 30 6 27 24 28 11 13 16 21 22 16 12 17 
12 9 24 4 14 0 8 28 27 21 14 30 17 8 19 16 19 15 12 5 7 23 14 10 21 10 3 23 22 15 26 5 28 14 16 27 19 25 3 30 4 30 17 5 9 25 17 9 0 29 20 17 26 1 19 18 4 4 25 25 2 12 21 15 7 0 20 13 14 3 3 14 8 29 3 25 25 29 
28 11 6 23 13 13 4 17 24 21 26 24 23 21 0 24 15 12 6 19 25 16 24 19 30 30 23 27 20 20 21 14 21 28 16 3 4 12 0 21 9 8 7 16 10 29 9 11 16 29 10 27 19 22 21 22 7 19 22 21 27 5 21 7 15 4 29 6 4 22 11 1 23 6 2 8 25 14 
