5
15 21 13 2 10 1 22 26 24 13 19 24 22 27 21 5 27 20 21 0 24 
13 3 3 26 12 19 3 1 13 14 24 25 2 23 2 29 20 20 14 27 7 
8 15 22 4 27 12 16 5 6 20 25 24 20 0 19 5 19 21 29 11 17 
16 29 18 9 4 0 23 25 16 7 11 14 0 12 26 2 23 25 0 29 7 
9 27 9 13 28 29 26 14 22 2 11 29 29 18 12 12 8 28 4 11 3 
9 10 12 19 4 23 4 0 26 7 24 26 8 2 23 12 8 1 1 5 16 
27 25 10 13 6 18 6 15 25 22 22 19 27 16 9 24 1 30 29 3 27 
16 7 21 3 27 18 13 28 26 7 19 9 0 7 2 26 29 22 21 4 16 
4 4 22 4 27 19 20 22 8 12 22 12 1 0 14 14 12 6 18 12 19 
0 19 9 11 1 0 8 10 6 9 23 25 2 17 7 21 1 9 20 16 0 
