7
25 22 2 20 0 1 18 6 21 2 9 8 13 20 12 5 10 2 19 8 11 4 16 5 4 7 6 16 27 18 2 15 23 28 20 27 
5 2 29 29 3 0 9 3 12 23 3 18 30 26 7 3 24 27 23 15 20 28 8 24 9 9 4 18 21 14 24 26 25 2 16 20 
10 14 10 14 0 30 9 21 30 4 5 5 13 2 1 21 21 2 24 25 26 16 24 20 10 11 13 12 14 10 13 24 9 21 13 7 
4 0 9 22 2 18 10 10 21 4 24 12 21 3 25 1 25 21 13 24 19 28 2 14 21 13 11 19 25 23 5 25 26 23 23 0 
9 19 2 26 18 23 27 5 22 20 9 22 13 19 28 26 19 29 29 9 14 28 10 19 3 9 7 2 29 7 12 30 5 10 0 27 
3 25 14 21 7 9 21 18 30 9 24 14 15 10 28 0 5 1 25 19 12 18 8 28 0 4 16 10 15 30 2 2 0 9 11 0 
16 23 11 3 29 29 14 10 1 19 7 2 26 5 6 5 9 22 0 25 30 11 5 27 12 22 22 15 8 7 14 5 8 28 4 5 
11 16 24 26 5 20 14 14 2 23 1 0 16 3 12 10 28 18 9 14 13 24 1 20 6 22 16 30 21 29 11 3 7 1 21 28 
12 28 19 24 29 14 27 15 16 2 22 6 23 22 24 17 5 18 23 10 28 3 22 22 18 8 3 22 13 2 12 29 27 15 27 3 
13 1 20 28 14 1 29 26 12 8 18 28 16 15 1 11 23 2 17 16 3 17 23 8 14 30 2 11 3 12 14 14 25 29 18 2 
13 28 7 24 21 10 4 12 7 16 20 9 5 16 21 25 5 23 14 29 18 14 2 23 4 17 23 24 19 23 13 8 18 25 8 2 
14 6 30 2 28 1 0 15 24 9 27 18 11 15 18 16 6 15 11 15 1 3 18 12 24 25 26 13 2 26 13 17 15 28 17 3 
7 16 3 2 6 16 2 10 14 26 12 28 25 30 20 17 27 10 13 6 2 21 14 14 9 26 9 0 28 13 1 22 19 5 0 10 
20 5 5 22 5 9 11 20 21 19 8 12 22 2 1 22 12 1 22 4 8 22 7 12 16 24 0 13 17 12 18 26 16 19 20 28 
