9
6 24 1 28 29 0 12 19 30 1 16 24 6 12 28 28 23 15 25 1 20 29 15 25 6 13 10 28 27 5 1 6 7 1 16 8 9 14 28 4 17 23 28 0 27 12 16 0 1 23 21 28 12 26 4 
0 2 13 22 9 17 22 11 28 21 20 7 20 9 17 27 0 12 5 21 26 22 1 23 18 8 14 4 18 14 0 28 25 7 13 22 11 2 8 10 23 3 21 8 26 21 22 8 1 9 3 22 13 26 25 
27 13 8 21 21 10 14 29 27 17 26 4 30 7 17 25 30 29 3 1 9 27 15 15 16 3 16 19 27 10 30 29 23 6 21 19 15 5 14 18 1 1 23 3 8 0 20 7 24 20 15 5 28 5 7 
28 16 24 3 18 24 22 12 16 0 30 22 4 30 26 18 30 29 5 21 17 23 8 11 19 21 3 5 13 13 6 10 21 18 22 4 29 23 8 14 4 1 22 15 9 6 3 21 28 3 13 28 23 14 20 
23 6 5 30 1 18 10 26 4 10 29 15 6 17 18 23 18 30 13 4 28 2 4 17 19 7 18 8 2 3 24 7 14 29 7 9 20 15 16 25 16 8 4 0 28 11 17 10 29 22 10 6 30 14 30 
3 23 18 27 16 27 14 9 14 22 6 11 17 27 20 20 4 1 25 8 25 21 0 20 3 29 22 30 15 17 24 23 17 4 24 24 11 4 12 18 30 10 12 16 2 29 21 15 19 11 2 3 29 14 15 
3 10 18 4 10 17 12 0 25 24 11 2 8 21 11 21 25 13 22 29 9 1 13 8 21 7 4 6 8 18 14 7 2 18 12 11 16 25 24 29 19 27 11 6 4 11 9 12 12 21 16 4 25 14 9 
11 20 4 8 18 16 6 14 23 19 22 19 30 22 3 6 18 27 30 0 29 15 5 0 23 0 24 20 9 23 1 15 11 30 12 20 0 23 23 29 16 14 29 23 21 11 29 12 20 26 15 26 11 6 25 
28 14 24 17 29 26 5 4 16 19 7 19 18 18 16 8 13 7 18 22 25 26 13 23 19 10 16 21 8 19 5 4 27 28 1 27 5 21 30 2 30 9 19 19 18 20 21 30 3 18 27 14 10 14 19 
17 22 30 6 7 18 21 6 0 9 6 28 10 28 25 21 19 3 25 25 25 4 10 20 21 10 2 11 26 1 15 22 23 6 4 25 22 10 25 26 15 4 14 14 1 11 22 16 4 4 29 2 18 27 4 
29 5 4 20 24 15 28 20 18 13 16 9 15 4 24 1 16 22 18 0 4 15 28 2 29 20 26 8 30 3 18 25 7 0 8 25 18 25 19 21 22 6 7 17 10 27 10 9 2 25 18 6 18 2 27 
10 4 26 12 20 23 24 13 4 3 17 8 0 27 19 14 27 22 28 9 22 6 10 19 27 25 1 13 1 11 6 27 5 15 7 11 8 27 29 9 23 5 29 9 25 21 29 9 27 20 24 29 16 8 11 
23 10 0 2 21 25 8 13 22 28 30 20 8 20 7 14 18 6 28 2 27 15 9 4 16 14 19 30 9 3 27 12 24 5 26 14 15 20 19 22 22 24 14 28 19 10 23 0 14 30 4 29 11 5 26 
12 9 3 21 30 12 26 11 21 1 2 30 23 18 26 0 23 0 22 6 24 14 3 21 7 12 16 7 27 1 1 23 6 1 20 12 20 0 23 27 3 14 16 28 12 22 8 1 23 27 3 21 8 1 25 
21 18 4 10 2 10 27 19 2 1 13 6 3 6 20 24 6 28 17 15 23 8 3 15 18 18 8 26 5 26 5 11 22 19 27 14 10 7 2 12 26 16 26 20 17 1 23 9 8 1 18 15 25 2 7 
3 6 27 5 11 6 1 5 25 15 24 27 13 26 15 11 15 27 8 24 19 28 26 1 25 30 13 19 21 18 10 30 2 16 0 8 1 29 30 4 0 20 5 28 14 21 29 15 19 23 26 1 6 14 6 
15 22 19 26 20 15 11 16 8 21 19 18 18 20 1 4 19 1 6 2 21 8 13 22 13 4 20 2 10 25 26 2 1 8 14 14 15 12 12 3 1 30 12 5 28 13 16 19 3 27 9 4 7 29 12 
30 22 3 21 11 30 29 21 0 23 22 9 1 3 26 17 7 11 25 7 26 21 8 1 5 11 2 14 8 9 15 13 21 0 1 2 27 6 21 13 1 4 26 26 12 16 17 8 6 7 27 9 28 1 10 
