10
28 13 8 11 11 0 25 6 0 21 9 19 7 22 16 6 20 10 4 12 6 13 6 3 15 12 21 15 10 24 27 24 14 18 6 4 6 12 22 21 0 0 4 5 6 22 14 10 13 22 23 29 4 27 3 22 30 22 22 7 30 17 24 24 20 29 
22 28 19 0 22 0 14 23 2 20 1 23 1 28 24 1 5 21 0 6 10 17 13 22 6 29 25 0 9 29 6 9 19 10 19 17 12 8 1 13 25 23 14 6 1 5 23 9 0 2 16 5 15 4 27 0 16 24 19 29 7 30 10 19 5 0 
20 1 3 21 20 10 24 12 23 21 17 11 9 4 0 20 3 7 11 12 23 22 30 6 6 18 26 3 21 26 15 7 26 7 28 28 14 22 6 5 26 25 17 13 5 28 5 11 20 5 7 7 13 26 13 27 2 8 0 13 20 1 11 13 17 29 
25 26 6 1 27 16 13 22 6 2 26 12 30 10 24 20 11 30 8 13 26 7 1 11 27 29 13 0 28 23 21 17 30 7 2 15 3 13 20 0 2 20 8 4 24 17 20 29 10 26 17 28 22 27 8 20 14 12 11 29 3 2 2 13 10 5 
2 0 2 27 27 3 25 7 29 6 0 29 10 10 29 9 18 16 7 7 17 13 6 7 18 14 7 30 12 26 2 22 7 17 12 18 6 9 23 21 8 13 10 3 2 15 24 19 7 8 20 3 7 18 14 22 19 25 6 5 5 1 30 20 10 7 
19 2 21 8 7 22 27 11 13 8 26 13 14 22 26 30 0 3 9 10 18 10 6 15 17 2 25 28 26 19 26 5 7 19 18 18 5 20 30 10 26 15 4 21 16 8 5 20 23 22 18 20 12 18 0 1 28 9 22 19 3 4 27 11 5 12 
29 27 2 20 6 30 25 21 30 16 25 2 6 27 0 26 6 18 1 6 0 23 17 10 11 11 8 8 7 25 7 24 2 7 2 18 24 3 2 14 25 26 3 30 8 18 1 23 28 13 10 25 16 6 9 1 0 26 23 27 30 13 24 8 19 27 
29 24 21 22 21 12 8 8 2 27 29 19 1 13 5 6 22 17 13 2 20 16 25 9 18 30 25 25 13 2 17 25 4 22 16 25 10 17 30 18 10 16 21 24 20 15 26 13 3 12 22 7 5 3 9 29 4 9 12 5 16 2 2 15 13 22 
15 1 10 11 3 7 20 3 16 18 15 10 7 10 14 18 17 0 19 7 16 15 4 14 9 17 27 9 15 28 27 16 30 17 13 28 20 24 18 13 15 4 2 15 4 14 17 27 22 30 17 16 18 24 12 30 7 15 19 16 24 21 2 13 4 24 
27 24 16 11 12 13 6 28 20 6 15 29 3 8 16 21 21 1 28 25 0 25 16 25 21 24 15 1 22 3 18 14 0 11 12 8 28 18 30 25 2 25 17 10 13 23 27 1 24 22 18 15 24 17 21 25 8 12 2 4 27 10 27 4 3 12 
27 11 4 29 22 10 23 28 0 13 16 22 28 13 5 6 24 7 21 12 12 6 15 24 7 5 3 12 23 15 6 19 28 12 3 15 29 21 20 30 17 26 8 22 6 12 30 24 11 0 6 24 14 17 16 24 13 12 11 12 23 26 6 25 17 5 
14 8 19 30 24 3 14 10 29 21 29 21 24 26 13 4 11 6 3 26 27 30 25 26 27 9 25 29 12 0 17 21 16 4 14 17 29 28 20 23 19 0 25 23 20 15 23 12 26 23 8 4 24 16 4 3 19 5 25 14 30 7 12 13 29 8 
8 27 7 24 29 8 29 21 20 21 24 28 13 7 21 9 26 24 26 0 24 22 21 23 25 0 16 3 2 15 30 12 28 17 5 27 30 7 18 1 30 22 7 26 27 6 5 16 14 13 14 4 27 20 4 13 26 18 27 23 20 4 22 16 22 15 
10 25 22 4 23 6 29 12 16 13 18 25 26 6 3 21 30 16 17 4 29 21 28 29 24 20 10 17 29 30 22 24 19 7 1 0 11 29 0 18 0 10 13 4 28 1 27 5 20 11 7 30 23 19 1 9 7 5 14 22 7 27 16 13 13 23 
5 18 21 8 0 18 7 18 8 18 23 9 4 6 2 12 9 28 22 8 4 9 20 5 1 8 10 16 13 27 3 30 30 0 2 3 29 8 10 2 20 17 21 15 5 30 2 11 14 7 20 18 7 7 7 7 30 8 19 1 1 11 21 13 25 8 
1 30 23 13 8 5 0 5 23 11 23 20 23 29 20 0 22 27 22 2 26 3 5 16 13 21 13 16 2 27 11 12 23 2 29 28 13 15 27 0 21 28 20 28 6 13 15 26 2 8 21 27 10 17 11 29 26 17 25 6 26 26 17 21 23 7 
28 19 23 0 3 5 6 9 14 18 28 7 7 15 22 27 28 21 9 17 9 12 0 8 17 22 9 28 16 24 19 3 21 20 30 15 11 5 24 20 29 16 4 22 22 1 4 28 11 13 5 15 4 17 25 7 4 0 15 14 30 15 15 20 3 12 
14 11 24 18 11 3 17 6 19 29 28 20 5 14 4 7 5 24 17 23 22 24 20 18 27 16 3 19 22 1 24 2 28 21 1 3 13 1 0 21 6 0 26 13 12 30 9 6 21 4 21 24 27 15 3 23 5 14 4 28 16 20 15 23 24 19 
13 3 13 6 19 19 18 22 1 20 29 10 8 27 18 30 9 23 6 0 23 1 21 16 17 17 10 10 15 12 12 19 25 15 22 14 18 27 12 5 7 15 1 2 16 28 11 21 23 7 3 24 9 1 16 26 4 12 4 21 27 24 2 8 11 20 
0 28 18 2 16 22 10 10 25 30 13 14 29 29 7 5 15 10 15 7 24 26 19 10 21 4 22 12 30 21 29 6 30 16 8 10 14 28 12 3 7 6 30 22 13 10 17 12 27 5 5 23 15 3 22 14 21 8 29 9 10 21 0 30 5 14 
