8
29 14 16 23 29 12 15 5 22 25 5 4 13 14 3 20 22 30 7 26 25 2 20 29 29 25 6 27 11 24 26 26 24 21 3 17 9 18 9 18 11 15 12 11 24 
30 28 24 3 10 22 0 6 1 1 3 26 29 28 29 7 2 12 25 13 4 1 2 25 14 13 16 28 5 16 25 17 7 6 24 19 25 30 6 17 13 18 10 10 13 
24 30 5 29 8 18 21 15 8 30 16 10 13 23 14 27 6 5 12 19 22 16 13 22 19 3 2 17 12 19 25 26 20 8 12 7 25 15 16 16 12 16 13 18 21 
1 1 21 21 7 0 5 0 26 1 2 10 3 22 26 24 10 29 30 4 11 28 15 11 11 19 6 16 8 12 10 4 14 15 1 6 23 0 8 16 3 28 21 24 13 
11 16 16 3 15 18 23 8 8 25 29 26 16 21 12 6 16 15 24 1 5 16 19 6 16 29 29 7 20 23 21 15 22 27 29 19 24 10 9 26 21 29 23 18 25 
12 11 15 25 18 25 23 1 23 8 10 21 5 8 15 14 23 15 16 12 8 10 21 22 23 17 13 5 0 15 1 26 28 19 28 12 2 10 19 10 10 9 29 9 10 
29 29 29 26 27 23 10 0 9 8 5 27 9 10 15 20 2 3 19 24 6 13 13 23 5 9 13 30 22 20 23 0 15 13 11 18 1 5 2 10 1 0 25 27 5 
13 7 27 13 13 9 17 23 0 24 30 22 7 30 10 28 28 0 19 9 4 29 21 20 30 19 12 6 4 2 15 5 24 4 9 18 2 29 20 9 3 22 23 27 24 
17 25 16 4 18 14 27 18 30 0 6 29 2 6 9 1 25 7 0 4 12 3 0 15 21 15 26 16 24 1 16 18 30 1 6 21 20 3 2 6 13 27 13 19 2 
23 8 2 5 21 30 14 22 27 13 18 12 15 22 3 19 29 6 26 14 15 9 7 7 2 29 30 30 24 0 11 19 6 29 2 18 1 23 0 23 30 6 25 15 28 
26 15 11 15 16 17 2 30 8 20 24 26 10 20 1 1 25 1 25 18 16 24 19 20 6 12 23 26 0 22 25 17 20 21 28 5 30 8 7 22 6 1 16 0 1 
19 14 8 25 19 28 7 9 27 17 17 27 14 4 9 26 11 21 30 7 27 3 20 1 4 30 26 0 17 22 19 16 18 27 24 3 2 19 1 5 29 3 16 21 30 
6 15 20 26 28 21 15 15 17 20 20 25 11 13 26 17 23 5 27 12 24 29 20 30 9 8 26 30 12 13 24 22 24 12 7 24 16 20 24 11 7 12 26 2 2 
24 6 10 26 6 14 29 12 8 20 21 21 19 2 25 4 16 18 23 21 19 25 19 23 8 15 25 8 2 14 9 7 8 17 7 2 1 16 20 18 1 24 11 15 22 
4 29 12 20 2 16 16 5 13 5 29 9 28 4 9 13 7 27 19 18 29 8 14 13 11 4 14 14 15 18 23 9 14 15 9 26 25 9 2 26 19 21 2 30 6 
22 9 7 27 7 10 15 8 25 21 26 16 22 28 3 11 17 19 29 30 1 4 25 8 1 22 28 14 0 7 14 24 15 1 27 8 1 19 18 12 19 21 2 13 4 
