8
20 10 20 8 9 13 20 29 15 12 4 22 12 15 6 1 5 25 29 27 3 23 20 21 1 11 9 17 27 22 19 23 28 5 16 22 19 0 14 7 30 21 13 2 24 
29 0 26 18 4 8 12 5 29 6 24 12 12 21 8 19 10 18 13 20 26 16 22 5 28 29 21 30 24 18 26 14 20 24 2 29 0 7 1 18 6 0 3 13 2 
4 18 6 15 0 14 15 13 7 19 10 13 28 12 17 2 10 24 5 19 21 29 9 11 5 27 20 29 4 8 2 13 1 10 2 4 27 7 4 1 4 29 7 5 26 
26 27 28 15 0 7 10 27 28 7 17 15 15 9 0 2 25 14 12 16 25 8 10 13 0 19 20 25 22 23 0 22 27 16 17 25 21 30 12 15 5 2 19 28 30 
1 15 2 3 6 1 12 19 25 9 10 11 20 4 15 15 3 25 19 28 18 9 29 4 16 24 25 11 8 12 8 20 19 30 18 1 6 5 22 1 18 8 29 4 11 
20 3 6 2 9 22 17 29 17 5 25 27 0 14 11 4 8 19 21 1 8 14 7 28 20 29 19 7 0 29 26 16 3 14 23 2 20 0 20 27 20 26 6 19 28 
5 23 15 21 19 9 27 4 9 6 26 4 2 15 12 18 14 13 10 5 21 8 27 14 6 1 30 10 14 3 14 19 18 23 30 3 5 4 28 14 29 20 24 10 22 
0 0 18 1 6 27 25 28 2 26 5 23 14 15 7 29 4 4 9 21 0 14 13 30 23 24 16 29 7 28 19 11 6 19 27 19 4 23 18 10 29 11 26 2 9 
25 21 23 27 6 16 4 8 10 27 10 20 11 26 20 24 22 24 19 7 7 13 20 16 17 24 18 23 28 21 7 21 13 17 10 17 15 18 22 22 17 19 17 14 0 
8 21 8 20 7 15 17 13 10 20 16 17 12 8 13 15 4 17 14 0 14 15 26 6 2 21 15 21 3 6 8 21 23 18 13 25 5 16 28 8 1 16 20 24 28 
23 27 13 9 17 7 21 26 22 8 29 6 13 4 27 25 21 1 25 19 7 18 9 29 11 5 7 8 16 18 10 15 24 22 25 23 1 15 29 28 4 6 5 2 23 
17 25 8 10 16 4 8 26 18 21 30 26 24 18 1 1 22 6 13 12 22 27 9 8 23 7 5 21 3 19 21 23 5 0 18 8 4 22 1 26 10 26 18 17 29 
0 26 0 7 9 20 8 17 16 24 8 13 17 26 28 4 26 2 11 0 27 21 22 2 29 13 24 22 5 8 2 26 27 1 22 9 30 20 4 21 27 23 2 21 19 
1 2 19 15 18 28 26 18 9 23 21 17 9 7 21 7 1 23 18 6 4 12 8 12 28 6 2 18 10 12 25 6 15 24 7 6 6 10 30 5 14 7 4 12 4 
15 28 4 16 24 8 2 1 25 30 20 5 30 22 1 16 7 22 14 21 27 13 25 4 28 4 8 17 1 10 24 25 6 14 3 30 20 1 0 1 14 4 14 24 1 
25 1 25 14 1 24 2 24 3 18 4 21 29 25 19 10 23 6 16 22 2 6 3 4 1 11 11 18 11 5 15 16 13 19 22 16 17 4 17 5 17 17 10 12 0 
