11
23 26 0 6 15 26 15 29 22 10 14 17 20 5 30 27 15 16 16 20 7 21 2 2 22 10 7 12 2 6 1 12 30 18 26 8 18 16 5 1 9 25 14 13 21 2 29 20 6 20 13 9 18 6 15 4 17 5 29 4 20 26 13 18 17 17 5 30 11 29 27 20 21 25 16 11 22 0 
0 6 1 16 5 3 17 0 30 5 7 28 20 15 13 22 26 28 19 15 19 6 22 15 13 6 17 9 22 14 1 23 21 21 19 5 24 29 26 30 5 26 11 15 18 30 0 11 12 3 25 9 22 17 6 8 16 25 8 27 15 6 26 2 17 6 26 24 21 10 25 24 30 18 14 26 25 23 
0 5 2 9 22 7 4 9 27 8 4 7 21 7 16 15 8 8 13 20 3 18 11 20 12 28 10 7 29 4 20 2 5 7 28 10 2 19 7 10 29 13 13 18 10 2 2 24 21 13 18 9 22 26 18 29 14 22 7 14 20 0 19 9 19 18 6 29 22 3 10 21 18 6 29 11 29 7 
11 1 2 15 12 12 8 9 28 20 5 21 28 1 30 28 20 27 6 23 29 20 13 2 10 6 5 19 13 14 18 29 25 6 19 18 17 14 27 17 20 0 26 3 29 0 16 24 15 21 9 6 0 6 7 28 0 21 13 7 6 19 20 20 28 20 12 5 12 19 18 23 21 19 14 15 2 6 
10 12 30 15 18 11 17 14 12 26 24 28 27 22 16 13 2 13 12 26 5 9 12 26 30 27 0 25 15 6 13 6 13 28 1 21 6 15 5 28 5 3 20 6 4 7 27 20 15 22 12 22 14 4 29 4 22 5 27 9 1 19 16 30 3 14 12 18 23 20 4 26 18 28 15 3 12 4 
20 1 21 11 1 24 4 7 21 6 9 12 25 9 0 28 8 8 9 27 3 14 4 21 30 21 22 5 29 11 0 28 21 30 5 25 12 19 6 10 9 24 26 12 26 29 29 17 16 26 25 6 10 28 18 28 11 18 3 9 2 29 27 24 17 9 30 25 30 11 6 28 21 11 6 8 3 8 
9 23 28 25 3 14 7 6 23 18 15 6 7 16 23 15 6 11 14 6 26 13 5 24 21 19 30 15 26 19 22 12 3 19 0 24 3 15 4 10 8 26 7 29 30 26 27 29 25 26 1 21 29 11 20 22 4 14 25 25 28 9 25 18 24 12 18 22 4 15 30 28 29 13 28 0 27 21 
5 11 9 10 19 20 22 13 11 21 1 22 3 23 21 24 27 27 15 24 0 18 16 19 11 30 13 13 5 15 7 13 17 28 12 3 1 9 25 28 14 17 20 19 25 8 28 3 13 19 20 18 16 16 1 17 16 21 15 14 13 9 14 9 13 7 25 4 2 10 9 21 22 9 25 15 12 12 
8 10 7 19 8 10 1 24 25 25 12 8 15 30 16 9 4 13 30 29 26 1 5 4 15 11 28 27 21 29 19 22 29 7 6 10 26 27 21 22 23 18 25 19 16 23 8 26 22 20 14 11 6 29 30 3 28 18 23 16 11 18 4 20 29 28 14 18 28 20 6 17 14 27 30 27 7 12 
11 9 27 4 13 21 5 5 18 5 25 22 2 2 6 21 1 0 19 24 21 9 29 14 1 24 27 11 4 16 22 29 25 9 26 13 29 28 28 5 25 18 26 22 29 23 30 25 18 12 29 1 29 5 10 2 10 27 25 0 28 18 22 25 11 30 16 1 11 21 8 14 9 7 20 25 23 23 
7 24 3 13 22 8 0 17 5 14 5 19 2 5 3 8 20 17 14 3 14 2 6 7 24 5 24 16 11 4 10 6 23 9 16 20 9 28 8 26 28 13 26 22 12 0 21 20 19 22 14 10 16 28 19 21 9 29 5 26 27 23 17 23 6 4 25 26 22 9 22 8 14 27 8 23 20 12 
12 10 2 22 5 25 18 30 4 0 3 22 0 30 2 15 14 4 2 18 19 15 14 8 2 4 13 2 16 30 29 1 27 16 0 26 23 3 8 0 29 6 6 18 20 27 27 22 0 19 18 25 30 23 8 27 21 11 0 8 9 2 13 23 23 8 3 22 2 16 6 16 16 12 21 14 19 19 
28 19 11 22 6 24 24 30 15 4 23 19 17 14 0 21 19 5 17 20 1 17 10 10 27 29 6 1 17 26 12 21 2 22 4 23 10 3 10 23 19 19 28 28 8 26 22 2 14 24 13 22 20 4 9 0 16 12 11 7 15 2 1 23 22 2 17 25 23 2 22 0 23 30 3 7 18 11 
21 12 25 9 16 21 21 21 4 0 26 27 1 4 28 22 29 9 28 13 11 4 23 2 27 30 9 17 3 27 28 30 0 28 0 29 2 22 15 22 17 10 9 3 21 3 12 29 18 16 28 26 4 6 18 19 29 26 26 9 8 20 18 22 24 14 8 6 7 13 13 21 7 10 21 7 3 20 
18 21 9 15 21 24 6 18 22 6 30 27 20 18 19 5 17 0 24 6 7 0 28 16 14 15 1 10 26 16 6 0 16 24 1 6 8 19 15 15 26 25 24 19 3 11 6 16 22 23 7 9 26 19 27 19 30 24 28 19 27 15 30 12 21 19 9 1 11 21 14 8 20 18 28 7 3 22 
7 27 0 22 18 6 23 5 20 24 20 14 12 3 13 2 18 4 15 15 1 18 23 1 14 17 24 21 0 11 6 0 20 2 17 12 17 8 20 22 12 18 29 17 24 10 21 12 9 9 24 23 26 13 10 25 25 6 12 30 20 18 19 13 17 12 15 19 7 29 4 27 28 19 15 19 19 22 
14 10 6 11 16 26 20 6 23 28 16 30 20 27 22 21 20 18 12 10 19 2 1 15 16 12 14 13 17 6 25 10 16 4 17 0 8 12 28 14 17 19 30 8 4 6 24 9 19 24 11 12 14 15 19 30 3 19 19 24 1 25 5 29 20 12 0 23 14 29 22 17 22 16 16 14 1 12 
7 1 17 5 7 23 27 6 27 17 2 21 5 0 21 3 7 25 5 6 6 15 12 28 13 6 1 8 2 2 11 12 8 17 21 10 25 7 8 15 13 18 8 0 10 4 26 13 24 25 5 18 5 23 29 22 16 13 6 2 24 7 15 26 7 21 2 13 25 6 0 9 0 8 20 19 10 25 
7 16 1 4 19 3 6 1 29 13 23 5 16 13 7 15 15 21 23 19 15 8 28 28 28 15 25 26 20 8 7 28 12 3 9 9 14 28 24 8 4 30 27 23 27 27 0 21 13 24 18 6 1 1 15 2 26 2 19 28 29 28 19 11 6 12 7 25 5 21 13 23 20 23 7 12 5 23 
19 30 6 0 11 0 24 21 19 18 18 3 28 7 25 15 18 7 1 17 21 28 6 11 16 14 18 18 10 13 26 24 7 28 5 19 22 11 23 11 9 26 22 28 5 27 13 24 22 11 25 6 17 20 15 4 2 23 21 22 22 4 0 26 26 4 18 3 20 14 17 8 28 20 30 27 26 13 
4 28 10 3 25 18 30 2 30 6 20 21 21 9 16 24 17 30 2 12 10 22 24 23 12 30 30 9 11 21 19 27 10 3 13 17 29 28 14 11 20 15 13 5 5 7 15 28 8 16 12 5 11 5 13 4 24 2 13 28 10 17 11 6 0 14 0 21 6 22 8 25 27 26 7 18 21 30 
14 1 25 20 16 18 24 10 13 20 14 28 30 17 1 7 26 17 20 26 27 7 19 23 8 10 20 16 21 20 9 22 21 3 15 10 22 21 29 23 1 3 21 26 2 16 5 10 13 8 18 13 10 3 27 22 13 19 25 14 3 7 23 19 17 4 9 6 17 18 28 7 1 9 24 0 9 18 
