5
26 15 8 6 28 21 14 16 18 0 28 15 19 14 12 4 18 15 1 15 23 
14 25 11 20 30 22 17 30 24 16 1 27 13 27 23 9 22 11 23 15 6 
14 13 11 26 7 11 25 30 6 0 0 19 7 1 16 22 2 27 22 11 13 
2 28 12 4 21 29 16 9 24 28 27 1 25 5 14 2 2 6 22 8 13 
24 11 17 16 17 26 15 13 7 20 20 21 27 2 21 28 9 9 28 21 9 
19 10 27 28 18 21 29 2 4 26 24 5 3 27 1 11 5 28 30 10 24 
6 4 30 19 28 19 6 5 2 11 15 3 16 16 17 2 24 19 20 1 29 
21 11 15 22 24 21 10 28 26 8 9 23 29 8 25 20 22 20 0 20 15 
29 2 14 23 19 15 27 25 10 11 26 0 9 29 8 11 29 7 12 1 16 
19 22 16 7 10 26 19 26 0 22 7 23 25 0 26 14 25 4 7 23 28 
