10
29 14 20 25 20 4 14 3 20 0 26 25 4 20 7 4 18 29 13 27 7 4 3 10 15 1 24 18 19 7 18 23 7 8 11 17 27 0 26 14 5 27 28 25 25 15 8 0 25 22 3 23 5 8 27 8 24 19 1 28 20 6 13 9 10 14 
2 11 6 4 30 1 7 7 27 1 29 19 9 16 8 19 8 7 9 27 7 22 14 7 16 15 11 1 22 5 7 17 20 7 4 2 11 19 8 16 8 0 19 19 6 25 2 24 26 18 23 30 0 5 11 22 25 22 16 19 4 1 28 8 14 12 
10 12 0 11 2 7 16 27 2 23 7 9 24 30 7 7 18 10 16 28 1 23 9 18 16 3 5 13 13 28 15 22 27 10 20 5 10 12 13 4 9 30 18 8 11 12 6 1 28 21 9 2 13 2 12 28 30 7 15 25 9 14 3 6 9 16 
2 9 6 25 21 9 23 15 27 28 29 18 25 9 5 10 25 25 26 30 22 2 17 6 30 11 4 27 8 15 22 2 19 11 5 10 19 6 7 12 27 22 3 27 20 21 11 10 26 7 4 27 10 16 28 10 20 12 11 22 18 1 26 16 12 20 
15 26 17 14 3 21 27 7 0 21 25 21 21 20 12 16 14 21 3 25 29 11 18 5 11 23 12 16 18 1 14 3 4 30 18 0 22 28 29 28 29 7 28 10 9 21 21 7 16 4 5 1 1 21 20 26 9 2 9 24 5 20 2 25 24 4 
0 4 6 30 4 18 5 22 7 12 27 22 23 23 14 20 30 16 20 21 9 9 3 18 6 23 5 6 9 15 6 27 5 28 8 21 9 22 0 8 13 5 23 11 17 28 5 24 7 1 5 7 10 22 15 3 25 7 8 19 12 3 22 12 8 7 
20 3 21 21 8 8 24 27 24 10 5 11 29 2 14 15 0 9 14 19 18 18 29 16 3 12 28 29 5 12 17 14 18 5 26 11 5 21 21 18 27 0 3 14 26 19 1 14 15 27 12 12 30 1 15 26 28 20 26 17 5 2 15 17 17 29 
24 29 5 28 10 29 1 23 19 14 3 29 29 10 7 22 13 9 18 30 18 17 26 10 22 3 18 24 18 15 29 10 5 8 18 7 3 11 21 30 15 6 7 1 9 5 21 0 11 10 25 20 17 4 29 24 30 26 12 0 1 2 4 0 20 3 
22 8 0 8 1 19 24 5 17 17 21 10 3 8 15 6 30 28 5 26 15 28 20 7 9 20 28 13 5 5 18 15 17 20 0 20 2 6 28 21 22 16 12 26 1 14 1 3 0 8 7 26 14 7 13 24 0 13 2 9 22 28 16 12 14 24 
30 29 9 4 27 15 1 5 6 1 20 29 12 6 4 13 9 19 7 5 1 28 30 6 11 2 15 28 3 24 12 24 19 3 25 15 17 9 15 14 23 7 2 16 2 22 30 13 14 22 13 17 30 8 5 17 22 10 14 3 27 19 3 13 13 30 
22 17 26 26 28 7 28 14 0 3 28 5 19 24 10 24 13 12 28 26 13 19 2 16 16 0 29 8 24 21 9 15 15 12 6 13 30 1 8 19 24 25 17 10 6 11 1 27 4 7 8 14 7 3 11 27 23 24 28 20 28 24 14 26 25 21 
15 19 6 23 5 27 4 2 2 7 13 15 2 28 2 19 5 2 2 24 20 14 22 25 16 12 9 21 15 20 3 30 16 5 6 7 12 29 20 27 21 0 3 10 15 22 12 16 10 17 30 0 29 24 1 19 30 14 11 23 30 14 3 10 1 27 
19 25 29 22 13 11 4 21 16 2 17 12 5 9 25 7 22 9 15 1 9 1 7 19 17 17 23 16 21 11 6 6 8 16 17 0 3 12 11 29 10 0 6 30 5 9 22 9 12 2 28 15 26 16 14 22 13 22 15 2 30 6 28 1 6 23 
1 11 21 27 0 8 14 27 2 30 21 25 13 23 20 11 30 12 3 29 19 12 10 23 26 11 23 12 4 15 3 29 14 14 16 25 5 24 18 18 2 29 13 12 6 23 24 10 22 14 30 27 15 18 7 22 21 27 3 5 3 18 0 9 25 9 
8 16 20 26 8 23 25 3 30 22 26 14 26 3 22 14 10 8 17 0 7 3 24 1 19 1 19 18 25 28 3 17 21 8 14 0 4 12 30 30 11 12 10 18 6 24 22 11 9 20 7 5 14 9 5 8 19 25 8 0 20 10 25 25 27 13 
16 9 2 13 30 25 24 29 20 9 17 13 19 9 0 26 26 22 5 23 15 10 22 21 16 27 10 29 16 29 28 21 11 1 29 26 20 18 3 9 9 30 9 17 7 27 1 29 7 14 10 2 28 18 6 23 13 29 15 24 5 9 29 2 17 19 
20 24 25 21 11 3 13 29 26 0 0 25 21 10 5 25 28 0 18 23 5 5 2 21 15 12 28 0 21 24 14 1 12 13 28 25 18 18 14 1 1 6 0 24 18 0 17 5 16 12 26 0 0 23 25 27 4 1 17 5 20 24 7 27 21 15 
13 15 29 18 20 19 17 13 16 4 13 11 7 9 21 16 25 30 14 29 21 23 11 24 29 16 21 10 5 30 20 26 7 20 29 5 7 26 16 18 23 12 20 25 27 13 30 22 0 27 26 19 21 12 8 17 18 10 21 16 16 27 13 20 22 1 
22 18 8 16 1 28 16 27 11 5 14 6 17 14 19 4 3 20 24 26 29 25 7 9 1 23 25 16 30 0 16 14 1 30 7 6 19 10 4 25 4 6 11 16 13 14 9 28 13 6 26 24 2 18 8 8 0 11 6 11 25 9 12 4 25 27 
25 6 30 0 21 16 23 0 9 8 23 29 15 20 7 18 11 28 29 27 24 14 3 20 0 30 23 1 11 28 19 15 26 9 6 30 12 10 10 20 12 13 10 7 27 3 2 3 9 18 20 27 24 8 15 16 18 27 19 4 14 10 11 12 30 26 
