8
24 4 29 13 26 18 9 24 7 21 23 17 9 14 18 20 11 7 4 28 15 9 22 25 16 11 10 25 10 8 22 19 5 21 9 11 7 16 14 12 22 30 17 8 16 
20 19 6 18 16 9 28 29 3 22 13 19 6 17 21 16 16 2 14 25 19 27 1 28 10 6 8 3 1 17 15 8 27 16 24 22 10 5 27 5 20 13 9 2 8 
11 8 26 25 5 3 4 24 29 30 23 0 0 3 13 25 17 6 28 3 26 30 22 21 26 13 26 20 29 25 11 5 30 2 2 3 7 21 8 20 9 3 6 25 15 
10 8 4 1 16 19 21 8 14 25 22 10 6 22 17 11 7 21 8 30 14 21 17 19 7 10 1 24 16 29 5 1 10 14 11 17 22 3 18 24 29 1 14 4 9 
29 28 17 27 2 10 18 9 11 17 24 30 1 1 9 16 24 17 27 5 8 3 4 10 3 27 4 15 8 21 19 26 9 7 27 6 30 18 2 26 8 25 7 4 21 
11 28 22 19 28 22 14 16 1 13 26 1 30 10 12 25 21 21 8 19 28 10 24 23 26 11 19 5 2 1 8 25 22 12 5 26 11 7 26 26 20 2 19 23 17 
2 20 28 0 1 14 27 5 2 8 19 24 30 12 10 20 16 20 25 8 8 19 0 29 13 25 10 4 26 26 14 11 26 24 20 15 16 2 19 6 20 9 3 28 27 
29 17 11 9 21 19 22 2 5 28 9 11 27 21 12 12 13 0 22 22 4 10 2 14 20 12 28 9 0 14 25 24 2 28 4 9 29 11 13 16 22 15 7 2 28 
7 7 22 2 1 14 11 26 16 8 16 7 24 17 3 1 4 12 10 26 6 0 4 4 18 19 3 26 27 28 30 18 23 28 24 29 6 18 10 1 30 1 26 3 10 
5 0 8 19 12 7 21 4 23 0 0 16 12 17 18 14 12 0 13 17 17 2 29 8 5 6 1 11 13 6 30 6 19 8 8 10 2 2 9 26 30 6 21 26 23 
0 17 13 1 20 19 30 21 10 10 22 6 9 26 18 6 13 22 19 12 3 6 9 6 14 15 0 5 6 2 25 27 5 10 29 22 18 3 10 18 1 19 24 5 18 
6 19 2 16 25 26 5 28 7 14 16 14 24 28 1 27 19 22 12 0 24 11 17 11 13 26 13 2 27 7 6 6 29 20 7 23 0 9 28 12 17 0 0 14 16 
7 17 14 15 29 1 4 15 23 23 2 6 19 27 17 24 19 0 20 19 22 27 24 30 8 17 25 22 1 5 22 13 27 12 5 24 0 26 6 20 26 22 6 14 9 
12 2 28 6 1 19 15 29 27 21 9 6 19 14 16 4 20 16 2 1 21 22 0 22 16 6 23 27 29 3 17 21 27 28 5 30 29 8 3 18 24 23 15 8 5 
9 25 7 2 21 20 7 15 20 26 21 27 13 8 21 11 10 5 28 29 20 21 9 18 12 24 10 29 9 8 7 23 21 25 10 23 3 16 21 27 3 21 29 24 3 
14 18 4 5 6 24 3 20 12 28 21 15 10 14 21 8 0 5 9 15 11 5 16 6 10 2 12 16 23 14 11 25 17 6 10 11 8 15 27 15 5 7 16 16 26 
