9
9 25 24 26 13 23 12 0 4 2 2 12 25 16 4 29 10 25 24 5 3 18 17 8 5 0 29 5 2 18 11 9 18 2 15 30 24 2 16 15 6 13 1 27 14 2 19 2 10 10 14 14 7 6 15 
12 14 7 20 27 21 26 16 12 17 18 29 8 2 27 9 24 19 18 18 19 14 6 17 16 12 5 27 2 27 0 26 30 20 4 18 14 19 9 15 25 0 19 21 29 20 7 14 6 29 27 21 1 8 30 
12 15 29 13 12 6 11 6 23 16 13 28 13 10 0 25 4 30 27 4 3 4 23 14 26 13 29 18 14 30 17 5 6 11 3 1 21 21 2 29 9 10 2 19 19 5 16 7 5 18 24 29 16 2 6 
0 26 24 1 15 25 25 10 21 20 19 0 16 14 14 1 28 9 14 15 12 11 20 9 16 18 22 24 2 4 15 2 20 14 23 4 28 18 5 11 6 24 17 29 9 11 22 24 9 7 18 5 3 8 12 
30 22 15 27 5 6 14 19 16 19 13 20 6 30 12 2 13 29 18 28 10 22 7 0 15 8 2 10 9 23 30 22 26 18 30 16 24 19 19 18 20 13 8 28 27 17 29 15 16 20 25 12 14 7 9 
29 10 28 9 17 1 25 1 11 11 4 24 25 1 27 22 13 6 21 6 24 5 1 14 14 16 8 26 16 23 22 8 0 14 14 15 21 21 8 20 29 29 12 3 24 17 5 8 28 28 29 23 25 5 17 
22 19 12 2 0 28 19 20 28 11 25 6 7 26 1 16 4 27 20 7 10 19 24 30 14 12 15 14 23 2 11 3 7 1 19 7 10 7 14 28 27 13 16 10 8 28 16 27 23 19 3 25 26 18 23 
19 22 16 19 5 27 19 1 28 10 24 0 18 2 30 21 19 0 19 1 28 1 11 17 27 4 10 29 24 25 15 14 20 24 7 7 19 23 22 17 1 2 10 20 17 19 27 14 23 12 24 5 26 21 26 
26 28 0 29 17 2 2 21 25 24 30 5 29 2 7 18 4 27 5 25 10 16 8 14 3 15 6 26 22 24 3 24 13 9 29 22 10 28 14 18 12 26 3 18 12 11 5 12 6 2 16 13 30 0 4 
15 18 26 27 14 24 27 2 30 9 1 14 12 2 11 24 10 8 8 20 27 6 29 30 1 26 4 1 10 19 4 7 19 20 16 22 18 10 29 5 10 20 24 28 12 19 29 12 22 2 20 27 9 14 16 
11 7 25 16 4 18 6 14 1 0 5 29 11 2 27 23 6 13 12 13 26 25 5 9 11 9 4 15 17 7 20 14 28 18 2 25 27 16 26 3 27 15 26 17 4 0 10 21 10 6 5 25 26 19 30 
4 15 14 10 11 28 17 7 9 15 7 28 16 22 28 22 8 1 28 13 20 15 11 27 16 17 5 14 0 15 11 9 15 5 27 2 6 29 3 1 0 27 7 5 15 15 12 30 9 17 15 28 16 22 16 
13 30 23 11 2 14 28 4 1 11 1 25 7 29 30 19 29 3 2 25 9 24 10 20 18 19 4 18 25 16 3 1 8 22 18 22 28 12 3 27 6 16 15 22 16 17 0 3 17 25 16 1 23 2 21 
0 24 14 29 10 2 6 12 15 3 29 29 30 9 3 24 27 23 21 23 20 4 18 22 8 24 16 19 20 7 29 8 20 7 1 10 15 10 15 9 19 6 21 30 12 0 7 8 17 20 13 4 22 16 21 
0 29 26 4 4 5 7 29 11 11 6 18 23 1 8 23 27 8 7 13 15 6 1 4 30 11 1 18 1 1 1 21 17 16 5 0 6 6 23 23 6 5 26 6 13 19 8 22 2 29 27 18 25 25 0 
4 1 9 17 24 10 27 28 7 0 23 12 2 0 9 26 18 12 21 21 3 0 14 11 18 29 18 11 16 11 3 28 17 22 15 7 26 7 1 27 15 24 14 16 2 30 7 21 4 27 28 22 17 0 16 
24 22 17 25 11 26 16 29 8 22 22 28 9 21 5 24 15 27 21 14 23 26 15 1 17 22 23 6 16 4 19 24 8 25 2 14 23 19 27 24 19 7 9 26 9 16 4 14 18 12 16 26 7 24 18 
23 11 6 13 10 15 4 14 25 10 6 28 12 15 23 26 22 13 1 23 0 0 25 8 28 14 16 7 29 21 21 22 17 24 8 4 9 5 15 3 29 0 4 18 6 1 20 12 30 18 0 0 12 30 1 
