9
21 27 30 12 10 30 3 21 0 28 27 1 11 16 3 21 17 22 26 21 16 1 29 26 15 13 22 22 26 1 27 12 9 9 22 29 2 19 7 8 6 3 23 4 29 12 15 15 6 13 16 14 18 28 0 
17 8 7 5 11 25 22 4 6 20 21 24 15 14 13 17 24 3 10 2 17 9 14 17 9 23 13 22 26 29 24 25 28 13 11 5 18 29 25 29 6 26 27 22 9 5 3 12 2 3 16 23 28 3 2 
5 7 1 28 26 24 21 6 2 6 25 30 16 27 29 17 26 16 18 0 17 21 0 23 14 13 20 3 1 14 18 16 11 29 15 0 1 20 27 21 19 28 18 9 12 28 30 6 22 5 9 21 29 6 8 
24 30 9 25 7 18 20 17 6 12 16 1 22 7 24 16 18 25 19 9 18 21 10 13 9 17 14 14 1 17 26 17 19 1 21 7 17 18 3 7 12 20 10 8 3 22 27 1 15 22 10 11 10 24 8 
2 25 20 27 19 2 5 26 1 18 27 12 2 19 15 30 4 14 17 24 28 14 22 3 29 17 27 27 12 11 25 25 6 16 19 28 6 21 24 27 1 26 14 21 6 14 27 10 3 1 7 29 28 19 29 
4 27 15 14 19 6 30 3 25 17 23 14 21 2 24 17 16 7 12 4 22 8 21 20 9 24 1 0 10 3 20 13 27 2 18 9 18 5 19 26 19 23 21 16 28 8 14 24 1 28 22 22 28 5 28 
2 8 19 27 4 19 15 7 14 7 28 0 24 17 4 23 8 23 0 16 23 23 10 13 25 1 8 16 19 12 6 8 5 3 3 12 0 14 25 24 26 26 3 3 30 14 4 4 9 17 4 9 10 7 17 
28 27 11 5 22 18 17 15 28 8 8 19 6 29 10 12 7 12 24 17 17 17 17 9 13 7 8 13 12 27 16 3 28 7 2 6 10 10 3 12 2 21 9 3 9 7 17 28 17 18 20 11 0 4 0 
15 15 24 22 13 5 7 25 0 14 27 23 0 0 14 15 13 11 21 11 4 21 3 5 21 29 27 16 4 22 14 16 3 2 8 11 22 17 23 12 14 27 29 5 6 3 0 6 14 5 11 7 17 0 5 
12 8 3 30 8 11 10 9 2 29 18 18 26 17 8 14 23 6 16 29 22 28 14 28 3 28 25 18 29 27 16 2 23 28 8 29 8 10 20 16 10 15 14 5 25 28 24 3 22 9 16 24 26 5 29 
2 22 14 21 15 24 20 20 27 20 15 20 8 23 1 4 15 12 23 24 4 9 19 24 16 5 11 20 10 7 13 24 21 30 20 13 8 18 19 1 14 25 4 13 4 0 25 2 25 17 23 5 8 21 3 
5 19 21 2 0 26 29 24 14 26 30 3 25 28 25 27 9 17 17 0 18 29 9 26 9 16 26 3 7 30 7 16 11 7 15 18 24 6 11 13 26 7 9 17 17 19 17 16 21 10 13 13 2 0 8 
12 24 30 5 13 22 25 20 12 1 6 8 24 16 15 19 15 10 2 0 24 13 21 13 8 9 14 5 13 28 12 1 25 30 15 26 12 27 18 21 17 3 29 2 30 25 22 16 26 23 27 5 0 22 20 
14 19 12 13 2 14 20 21 23 24 23 0 9 24 9 28 28 0 23 6 19 26 5 12 16 17 5 20 30 27 16 5 14 3 19 26 19 26 25 18 23 6 1 10 22 25 18 7 15 11 24 3 8 23 25 
0 21 2 23 30 25 22 2 18 26 26 13 22 2 18 7 10 20 26 22 19 3 29 1 19 11 11 1 12 17 16 4 29 27 6 23 23 19 15 9 0 18 6 16 11 16 13 24 7 14 12 4 1 19 14 
24 23 8 28 2 5 13 13 0 15 15 28 18 23 21 8 6 18 20 29 28 28 20 17 21 5 13 22 16 29 16 7 22 15 9 6 7 13 14 4 6 19 1 12 27 13 5 26 25 26 29 25 2 24 15 
13 24 6 14 20 29 9 22 13 5 26 23 5 21 22 16 18 21 18 0 6 15 14 14 26 17 6 28 5 1 10 12 27 5 25 23 26 2 6 25 5 5 0 11 29 22 24 10 7 14 13 8 3 24 29 
12 27 6 23 2 7 30 26 28 3 8 26 21 25 24 29 30 17 11 0 18 9 7 28 4 22 24 12 0 10 5 11 6 25 15 1 18 21 2 12 21 16 28 2 10 27 26 17 28 7 13 26 9 11 29 
