12
4 3 23 15 11 21 7 6 28 25 5 27 16 3 13 11 28 15 25 7 28 15 25 0 11 2 15 17 1 26 22 28 26 0 9 2 16 13 10 14 12 27 18 0 10 21 12 6 29 14 18 5 19 29 13 8 17 17 14 26 5 7 4 18 1 11 22 26 9 26 5 15 8 29 15 7 5 26 3 7 24 2 24 22 19 11 7 26 22 30 0 
0 6 6 18 8 21 24 1 24 9 7 24 24 8 8 29 1 8 17 10 29 1 29 24 3 30 17 1 22 11 22 24 28 21 2 7 23 11 26 29 16 20 16 18 28 4 5 14 11 14 3 19 6 27 21 26 6 0 10 22 4 9 18 2 5 3 30 10 2 12 25 18 18 14 3 8 6 27 24 1 17 15 30 8 10 30 15 1 29 1 18 
27 30 17 4 4 2 7 27 19 15 19 23 23 2 16 25 3 12 3 22 12 20 5 28 0 22 15 5 13 1 17 13 1 14 23 4 25 18 2 15 8 20 29 28 22 2 29 1 1 17 3 7 2 28 13 25 9 8 23 15 30 3 3 22 21 19 28 25 11 27 8 25 7 17 24 14 18 12 16 14 12 23 30 24 28 17 1 14 28 10 25 
23 15 17 2 26 16 10 18 23 17 19 18 19 17 20 17 3 3 6 17 25 18 16 30 13 23 25 14 4 20 11 4 8 28 0 10 7 15 8 6 14 1 20 18 16 22 17 10 13 9 22 11 5 4 14 22 20 15 6 22 28 20 30 20 10 10 25 11 23 0 19 20 27 25 22 7 22 4 2 12 10 13 18 30 8 3 13 23 7 3 22 
25 19 2 29 6 4 29 12 29 10 19 7 30 11 6 30 3 13 26 20 13 28 3 15 0 13 0 29 20 21 23 3 30 21 27 14 22 26 20 24 30 15 2 22 24 19 8 16 29 22 16 20 15 24 7 19 5 9 14 18 24 7 20 9 19 22 18 18 14 25 4 20 23 25 17 1 24 18 29 11 11 30 23 7 25 30 24 24 2 18 8 
3 14 18 12 14 0 10 10 2 21 4 7 27 13 12 15 11 3 19 14 16 1 29 6 5 5 6 25 13 6 24 25 2 15 4 30 3 11 16 4 24 5 7 25 0 21 3 10 17 29 11 13 18 26 4 18 10 28 17 12 13 20 12 3 24 3 8 25 29 7 8 8 12 23 18 13 11 29 30 21 21 23 7 15 17 20 27 21 3 29 1 
5 9 11 11 25 14 13 10 11 4 28 4 9 6 13 26 9 25 28 6 2 18 23 16 4 0 8 27 24 3 20 17 15 21 17 12 3 6 26 8 21 3 21 21 10 11 21 18 3 26 22 4 23 0 3 4 11 2 17 12 7 0 16 17 7 30 30 28 3 2 6 18 21 25 19 15 15 3 21 6 18 7 9 23 27 30 2 15 1 8 30 
29 11 0 20 6 13 23 24 6 6 17 5 22 9 18 0 24 11 29 7 9 21 17 26 7 14 7 9 7 28 9 22 1 25 11 0 19 18 28 23 14 11 13 23 4 22 29 14 21 27 29 11 20 6 26 21 10 5 27 15 27 0 1 7 19 26 16 10 3 6 4 23 18 30 26 6 4 3 25 24 13 13 10 13 30 28 23 11 12 5 26 
9 4 3 2 19 8 24 10 21 5 14 0 25 7 19 29 1 0 23 29 20 10 22 26 9 13 16 1 23 27 28 3 4 4 3 2 30 13 25 16 17 24 23 23 10 17 4 19 7 27 15 6 30 25 17 12 5 28 4 4 30 1 17 15 29 13 23 26 20 2 2 15 14 24 19 22 7 17 23 19 0 2 12 3 29 11 10 10 26 15 14 
7 0 29 2 19 16 17 28 14 7 10 5 6 3 23 23 7 15 7 16 2 7 0 29 2 28 0 22 26 21 23 0 23 25 15 12 16 22 12 13 22 25 12 12 30 25 17 21 25 22 1 3 30 17 10 25 0 10 22 16 3 15 10 5 23 23 2 24 6 14 30 5 19 1 15 12 12 10 5 8 17 19 5 21 23 24 3 19 10 27 11 
13 5 21 7 29 4 26 16 28 2 9 18 11 8 29 29 25 20 18 22 5 12 23 4 8 11 26 5 15 28 24 14 1 25 29 18 2 7 8 6 18 20 18 18 27 9 3 16 6 22 15 16 20 30 28 0 12 19 10 9 9 30 8 2 22 11 26 1 15 20 28 26 24 12 2 8 1 9 9 24 1 9 9 26 0 22 21 17 24 7 10 
22 28 1 14 6 9 2 16 6 11 8 0 14 14 13 1 1 8 7 29 8 9 0 27 23 30 19 20 27 3 5 4 10 29 27 8 20 22 10 10 8 22 7 7 27 0 19 16 9 15 22 2 25 11 24 25 22 6 6 25 24 30 10 0 27 27 5 4 1 5 2 28 7 9 27 7 14 10 24 0 10 13 12 6 26 22 9 1 24 2 2 
6 20 21 26 22 1 8 28 0 21 18 5 14 8 25 30 21 23 29 10 0 18 4 15 4 28 15 15 20 15 17 1 28 9 12 2 27 29 19 30 22 7 17 18 13 12 7 29 8 18 30 11 16 18 29 7 18 7 25 18 8 12 12 16 3 26 1 12 11 11 20 11 22 11 20 4 17 2 29 14 23 25 20 22 21 16 0 30 3 27 13 
25 28 16 17 0 7 20 16 6 18 24 7 5 8 21 0 28 26 28 28 18 1 16 26 3 30 23 29 23 19 22 26 25 9 30 12 22 7 10 25 21 26 8 11 12 20 30 27 28 21 6 15 28 20 3 21 1 2 24 24 12 6 9 1 6 6 10 14 6 17 28 22 17 14 0 30 30 26 13 19 25 28 7 4 28 19 10 25 16 3 13 
3 26 30 8 24 27 17 21 15 16 0 26 1 26 1 2 1 17 16 23 0 7 26 10 15 7 24 9 11 30 24 8 17 12 26 7 28 7 24 29 12 7 18 7 14 14 9 23 11 6 16 13 7 27 6 4 8 15 2 17 7 30 15 11 19 25 30 10 27 1 2 24 27 7 4 23 18 15 0 2 17 16 2 20 29 14 11 20 20 2 14 
14 11 23 27 16 15 15 8 15 22 2 19 19 2 11 20 28 22 9 30 10 25 10 0 29 8 5 24 1 13 20 16 25 22 10 27 7 7 29 22 29 23 27 23 27 19 22 30 30 28 16 29 6 28 15 8 17 22 0 14 14 27 8 20 27 16 2 27 16 13 25 23 13 21 7 0 14 17 5 27 8 21 15 1 4 25 8 27 8 18 4 
14 18 27 11 23 7 19 18 30 11 18 15 0 12 18 7 20 3 6 11 29 29 25 22 1 18 2 11 2 24 7 19 22 2 22 26 30 28 9 5 29 29 16 5 17 14 12 0 21 12 10 0 24 30 10 12 25 16 12 20 14 15 14 14 18 4 14 30 21 5 5 13 15 8 27 1 25 21 18 5 8 21 5 10 25 25 26 10 12 5 10 
22 18 25 2 25 13 16 29 29 4 13 9 30 23 21 30 17 17 24 14 19 19 17 3 5 30 1 17 26 20 6 0 17 12 26 21 28 9 12 18 14 3 3 12 25 18 12 14 6 16 20 20 12 25 13 0 6 3 22 7 2 17 14 19 24 2 4 12 15 23 7 12 24 3 3 25 9 16 27 2 19 6 7 12 17 28 19 2 8 24 12 
27 1 27 29 7 2 12 26 19 28 17 28 6 24 24 0 0 23 1 3 29 6 29 24 24 2 3 12 28 1 1 29 29 30 6 10 16 22 0 4 1 18 23 3 23 20 28 29 29 13 5 16 21 22 6 28 18 5 23 7 29 13 11 23 29 30 2 27 29 30 24 2 9 17 4 24 22 23 26 16 27 3 17 27 15 21 9 10 10 26 10 
23 13 8 14 2 18 9 25 9 15 4 24 16 20 18 3 12 12 20 11 6 13 27 3 5 21 20 2 29 17 0 13 3 2 5 27 6 26 20 1 26 8 28 19 14 13 24 11 27 21 22 20 6 25 8 4 7 30 21 17 10 29 30 0 2 26 7 24 10 25 18 8 23 19 2 25 13 7 0 29 24 7 4 1 2 13 28 25 28 5 8 
8 15 2 28 17 12 7 12 0 0 18 14 12 6 27 2 9 16 6 14 2 23 3 27 20 25 19 4 24 26 18 1 27 28 13 20 5 28 12 22 11 24 22 14 27 4 13 23 26 15 8 8 21 6 10 11 12 16 1 1 10 0 15 19 28 27 8 17 9 19 26 24 28 10 27 4 0 0 6 19 13 13 28 0 8 5 5 4 16 27 4 
5 17 25 0 20 0 10 20 3 19 28 9 19 23 21 21 6 11 13 21 7 6 14 5 5 19 16 17 11 26 2 23 30 8 29 4 13 11 21 30 15 10 24 21 18 15 13 10 28 20 20 15 19 9 26 3 12 12 24 16 26 1 1 19 3 11 19 24 24 30 28 7 0 17 30 24 8 21 4 4 5 5 15 18 26 23 7 26 29 3 27 
15 26 30 1 14 25 9 17 29 20 14 23 27 8 3 30 13 6 19 16 25 9 20 26 1 25 30 27 30 9 19 11 25 4 7 4 23 6 29 30 29 21 0 24 22 19 20 24 18 3 4 4 22 15 3 14 3 17 15 11 9 23 28 3 2 1 11 7 1 21 22 25 5 7 12 10 17 3 17 27 7 27 8 29 12 30 26 3 27 6 20 
21 9 6 26 18 3 12 26 22 8 16 0 27 6 14 26 27 29 20 0 25 9 30 28 30 2 4 17 21 13 4 4 23 10 29 29 6 18 5 19 3 0 27 26 22 29 16 6 4 28 24 27 30 8 30 18 13 30 2 21 12 29 16 22 26 17 22 0 6 14 30 22 1 22 22 28 28 11 0 11 30 14 18 21 3 16 12 2 11 26 21 
