10
22 16 15 29 18 1 10 7 24 1 18 4 8 2 5 22 26 4 1 8 10 24 13 1 12 18 11 3 25 29 27 18 2 30 16 19 16 21 11 9 15 18 13 28 12 1 25 3 13 10 10 11 10 15 23 11 18 22 7 8 17 7 9 29 7 2 
0 9 4 21 8 25 28 29 1 13 23 21 13 20 8 13 27 7 26 6 17 4 20 5 4 16 21 12 8 16 3 27 15 28 29 3 5 2 12 29 27 13 28 16 13 6 13 11 21 2 1 4 2 9 3 18 5 14 11 25 17 26 5 20 4 26 
16 15 30 11 29 28 13 20 29 15 8 17 10 12 23 6 27 20 7 11 18 29 6 25 21 7 0 4 30 19 24 9 1 27 11 14 19 26 20 28 2 3 2 11 24 21 11 0 19 11 14 30 28 4 12 13 9 6 29 6 8 20 10 14 7 20 
7 16 27 28 7 2 4 27 0 18 8 20 26 12 28 27 7 1 28 5 19 8 2 0 10 13 26 12 17 0 4 14 23 25 19 17 0 25 5 1 0 22 26 1 30 7 7 21 28 5 7 21 9 14 14 25 2 15 29 5 25 3 12 5 17 24 
17 14 13 30 16 26 1 10 25 13 15 14 6 26 4 0 29 15 9 25 0 12 23 16 14 27 28 28 27 7 6 0 10 25 20 0 28 17 17 28 22 12 13 9 12 30 2 30 15 10 7 4 19 2 29 21 21 26 1 24 30 7 0 29 28 5 
23 0 9 29 26 26 17 4 25 20 22 13 18 28 29 19 23 13 9 28 30 8 12 30 20 14 12 29 24 8 11 11 7 21 27 26 27 4 7 19 9 18 18 23 5 11 27 25 7 0 16 11 29 15 19 1 22 2 19 0 2 8 3 30 25 17 
26 6 24 10 17 27 26 24 15 17 0 20 20 23 1 13 14 5 26 14 9 12 7 4 4 16 1 29 14 2 3 14 22 9 29 5 26 28 0 15 30 7 15 9 11 19 9 22 26 25 9 18 3 4 8 15 7 7 2 22 13 27 2 29 23 1 
16 15 13 7 18 15 21 20 0 9 9 7 29 9 28 20 12 9 14 8 20 0 18 8 23 4 24 13 5 30 16 27 12 18 4 4 18 13 26 14 7 3 19 10 25 17 22 5 25 19 17 23 4 11 26 25 29 7 3 24 6 25 30 9 1 14 
7 20 15 15 4 1 10 29 10 24 20 8 8 2 24 12 14 3 27 23 18 2 4 15 17 18 17 20 29 2 4 13 8 3 2 8 0 0 4 30 25 20 24 28 21 13 28 11 22 25 21 7 27 30 6 14 0 10 16 2 2 13 15 7 19 16 
15 26 23 0 21 1 11 23 22 11 26 5 14 0 5 21 6 20 1 11 4 17 19 2 7 26 9 11 16 17 5 9 16 2 29 16 27 4 1 25 19 14 16 20 25 16 23 24 4 22 12 22 27 17 0 4 22 30 24 28 15 16 12 15 12 12 
0 13 22 9 23 16 0 16 18 2 19 25 19 12 18 15 13 18 6 13 18 12 19 10 27 16 0 11 3 30 23 21 30 23 11 0 10 7 11 13 21 17 12 1 1 25 1 15 26 17 19 30 7 27 18 23 14 12 25 15 25 24 9 18 15 10 
30 5 21 9 23 16 5 10 9 13 25 10 22 0 30 14 7 16 19 8 28 6 24 3 0 0 25 25 27 11 10 22 8 9 18 15 2 0 15 7 26 19 3 27 12 2 10 29 22 18 30 10 13 9 27 22 18 0 17 0 27 10 29 9 12 27 
0 15 26 12 21 17 20 28 17 12 5 10 27 6 17 15 15 9 0 29 6 14 21 1 17 8 26 19 1 25 2 0 17 21 6 29 0 21 24 1 19 18 14 26 1 0 4 27 22 22 19 26 26 3 21 4 10 9 5 26 30 11 18 25 22 1 
15 9 1 30 5 5 24 12 27 29 24 24 30 1 5 7 28 20 30 11 10 1 1 12 10 29 12 13 0 17 24 16 16 4 30 11 29 6 24 14 25 20 1 11 20 25 18 21 10 15 25 7 2 15 12 10 18 15 1 11 23 6 0 21 26 2 
1 18 2 2 10 20 26 4 15 27 27 6 10 4 15 28 0 6 18 28 29 11 28 19 4 11 12 19 27 5 0 14 16 24 3 8 29 22 11 23 27 24 14 2 24 12 9 14 30 7 10 14 4 8 14 29 12 15 28 25 18 17 30 4 4 0 
13 29 18 4 9 7 6 8 14 25 22 11 10 6 29 3 17 27 9 10 2 25 27 1 0 16 14 23 17 28 20 14 17 2 15 30 20 14 20 30 5 7 23 13 2 12 2 3 11 14 23 2 28 30 16 23 27 4 8 0 23 11 13 28 0 18 
15 29 20 16 11 6 8 18 23 1 8 8 26 24 25 19 11 6 23 2 18 10 22 29 12 1 23 0 26 21 8 0 0 28 0 15 0 9 3 5 1 0 21 24 18 19 30 9 20 1 23 14 27 9 20 22 29 11 16 24 25 16 24 11 11 15 
28 21 14 28 30 0 1 2 21 17 6 17 2 13 18 27 22 10 20 24 3 19 14 17 2 17 26 26 19 16 25 21 29 14 3 27 13 27 2 8 1 8 3 24 20 26 19 27 0 9 29 8 10 12 24 15 9 5 1 10 2 22 16 7 29 21 
29 30 27 6 27 20 10 20 19 17 29 18 25 24 30 22 7 25 3 14 22 17 12 16 29 0 8 5 11 27 3 5 29 8 7 2 28 23 5 4 13 26 5 25 23 3 10 9 12 24 29 22 22 28 18 28 6 20 26 26 7 5 26 26 3 9 
17 30 17 7 29 29 11 24 17 7 17 22 27 5 14 7 29 27 22 10 23 22 21 9 11 24 12 25 26 21 1 2 16 13 10 26 22 20 29 22 14 3 30 23 16 9 22 22 19 30 19 13 25 20 9 12 14 19 28 28 14 2 28 18 21 20 
