8
2 23 7 7 23 21 15 23 20 30 27 15 13 25 22 12 0 0 11 27 0 27 16 4 19 2 12 0 21 30 3 6 27 29 29 29 27 8 10 28 27 0 20 18 8 
4 15 20 24 10 13 19 13 7 3 15 12 0 6 3 23 3 15 4 3 29 27 21 24 30 8 10 29 14 8 6 30 2 16 18 7 1 24 22 19 30 9 2 14 21 
15 16 19 5 21 24 2 11 11 2 24 14 16 2 8 25 12 8 13 7 12 13 15 29 10 30 13 1 29 25 15 11 27 16 21 16 17 6 1 12 6 7 24 23 16 
25 24 8 9 26 20 29 19 25 25 23 3 30 21 2 9 6 14 26 3 6 24 21 11 17 17 15 13 6 17 14 29 22 10 26 14 8 27 3 7 16 0 19 14 24 
8 30 23 21 6 1 0 10 19 8 18 2 7 7 13 8 24 13 28 20 13 21 29 22 29 24 8 8 23 0 11 15 22 3 13 23 0 3 28 21 9 21 8 2 15 
27 5 26 28 25 10 29 18 13 4 26 29 6 23 9 25 17 10 16 4 8 14 11 21 15 28 30 30 14 6 9 27 4 16 2 7 9 22 14 22 4 2 26 14 16 
0 9 14 16 16 14 11 18 1 29 0 29 20 29 7 3 24 8 15 3 14 12 7 18 1 28 8 13 12 19 19 15 26 11 10 3 3 16 12 23 4 14 0 30 20 
8 20 5 27 26 4 4 26 10 21 21 21 3 18 26 14 4 23 30 16 29 1 3 20 12 7 1 20 20 30 7 2 29 22 25 23 4 13 27 6 17 23 24 0 30 
27 24 20 26 4 6 21 18 26 11 8 21 5 25 22 9 27 13 18 21 0 28 2 22 6 23 26 25 4 21 19 5 5 21 17 6 21 18 26 18 7 18 18 11 8 
20 10 14 23 13 29 7 18 29 27 2 16 22 26 13 11 25 22 12 17 6 18 12 9 26 9 1 21 7 23 22 10 16 19 9 3 23 4 9 1 14 25 13 12 25 
0 5 24 5 21 8 19 14 13 9 19 2 17 10 25 21 8 0 23 8 28 28 1 13 18 14 24 0 18 6 8 4 18 4 22 7 3 7 29 9 7 8 30 14 1 
21 11 30 7 22 12 4 25 14 6 15 20 29 6 29 20 28 23 21 17 16 22 5 30 13 1 30 17 2 30 0 12 28 30 6 17 22 12 15 22 10 5 11 28 20 
24 14 15 11 6 1 16 10 28 25 6 13 1 18 23 5 20 28 3 8 9 19 14 30 21 12 0 22 11 9 14 21 3 15 9 8 14 29 14 17 20 19 27 18 12 
4 5 9 6 26 28 19 30 3 30 26 16 29 1 5 6 10 1 23 18 4 4 14 26 13 30 27 13 26 19 13 18 5 9 2 21 18 14 2 15 6 2 4 29 22 
21 2 14 0 9 28 28 9 27 14 12 27 6 24 17 17 13 18 1 15 8 12 20 11 9 30 23 16 8 2 22 14 1 9 29 18 21 11 7 28 14 0 30 29 29 
6 2 3 24 7 6 13 24 21 25 29 19 30 6 29 3 29 30 21 10 20 25 18 30 14 6 13 18 17 19 19 29 11 5 25 6 11 25 13 30 24 26 12 20 29 
