10
28 20 19 17 7 16 12 0 14 0 11 16 18 11 2 6 6 12 19 22 1 22 8 7 29 23 19 15 10 11 17 23 28 1 13 11 28 24 20 8 20 26 7 21 27 17 23 8 3 0 21 22 16 8 15 12 12 15 29 7 19 27 5 9 7 7 
30 2 6 12 29 15 4 7 16 21 10 8 17 0 17 30 21 24 5 10 13 7 21 28 22 14 17 3 6 26 23 20 18 3 8 5 4 5 18 24 13 16 0 5 16 19 3 19 27 10 23 13 12 6 20 5 28 3 8 8 26 10 18 27 18 26 
2 25 12 1 20 14 29 29 0 3 9 30 3 3 19 24 23 3 1 7 9 10 21 21 18 23 27 28 30 27 28 27 16 23 2 8 25 9 6 25 19 18 27 19 14 14 14 5 11 2 17 10 0 13 19 11 10 17 22 13 22 19 6 23 23 8 
25 10 7 24 5 21 14 17 20 23 30 19 7 29 11 12 24 18 3 24 14 7 27 11 9 4 17 16 2 20 21 30 5 15 23 27 0 1 15 6 24 25 9 17 7 17 20 16 12 22 3 29 16 24 27 1 1 0 11 20 2 22 29 21 0 8 
29 26 9 28 11 30 17 21 1 2 16 3 10 9 16 10 17 0 3 5 2 27 3 9 3 2 25 25 20 26 23 15 24 5 22 29 26 13 11 2 19 6 24 20 27 7 16 1 2 30 20 27 15 22 22 29 30 15 18 9 10 21 2 16 24 17 
16 7 26 5 5 26 5 19 26 8 0 30 26 2 21 18 28 27 24 3 16 14 14 1 4 3 14 15 20 27 0 15 12 1 22 10 19 20 30 6 17 28 29 30 8 19 10 0 17 21 7 13 8 10 19 27 2 11 23 5 1 27 19 27 16 24 
28 8 8 1 17 9 11 11 27 28 0 7 12 7 27 6 30 20 18 9 3 10 20 3 29 14 1 3 30 23 0 8 27 26 25 3 3 8 4 17 21 19 16 7 21 14 29 7 8 17 14 18 5 0 7 21 19 18 13 1 18 9 18 0 3 19 
26 9 30 27 0 7 23 19 28 17 29 9 22 21 28 4 12 30 18 0 19 9 15 12 25 25 23 22 11 24 11 14 2 2 17 28 20 16 8 28 3 19 2 0 18 20 14 15 24 16 8 21 16 16 27 24 14 5 11 5 21 20 23 0 29 9 
13 10 9 5 30 6 1 8 2 22 12 1 6 23 18 9 11 9 26 0 3 22 4 28 26 8 27 5 9 17 25 18 5 15 8 22 8 14 9 15 0 1 6 12 23 23 14 29 7 13 27 15 6 22 15 7 13 2 17 18 21 14 2 12 28 21 
20 6 24 3 6 13 6 21 19 15 10 11 26 4 1 0 29 4 30 18 21 22 5 21 7 15 25 1 9 16 19 25 1 21 9 24 25 23 11 12 20 25 28 21 17 13 12 11 1 0 1 26 7 21 27 19 17 23 8 10 27 23 20 6 7 22 
12 30 6 10 10 23 14 2 25 16 0 26 10 9 10 16 17 21 21 1 5 7 29 11 8 19 3 4 26 16 18 16 5 6 1 7 14 12 7 26 14 22 18 19 2 24 1 7 17 10 22 21 10 23 16 19 28 21 12 9 7 28 26 18 6 6 
28 13 19 15 29 10 14 20 11 18 18 17 27 7 29 21 22 19 17 23 21 20 13 12 28 5 2 0 14 9 23 13 9 6 17 28 25 2 12 12 15 23 5 15 3 0 9 15 30 19 25 29 13 27 10 20 29 27 7 17 22 2 18 0 16 15 
19 21 5 8 29 19 4 5 27 15 9 8 10 8 4 8 18 14 11 23 19 29 15 23 0 26 17 14 10 20 9 17 9 1 26 19 20 6 15 12 15 9 15 30 19 6 17 1 21 17 3 29 2 26 26 8 4 18 16 27 13 12 11 5 28 7 
4 30 10 11 17 5 17 30 10 3 20 30 13 14 0 10 5 3 29 22 13 30 15 5 12 9 28 0 5 18 13 24 30 30 11 2 18 27 26 8 6 29 3 21 9 29 19 9 18 26 5 24 8 29 11 28 9 25 14 11 7 2 21 7 17 15 
6 22 4 4 29 12 11 22 19 12 30 3 6 30 4 10 15 21 8 22 0 19 3 4 12 30 6 6 16 12 28 21 12 21 29 6 9 6 29 9 13 29 23 14 2 11 1 15 30 23 18 7 16 24 21 25 30 5 22 30 5 20 24 25 6 2 
13 15 20 4 0 20 30 5 6 15 8 1 15 23 25 16 30 14 19 3 27 18 24 19 22 27 10 30 25 13 15 6 29 28 8 26 23 27 15 0 11 15 21 22 13 29 20 1 1 9 25 24 6 25 2 2 22 20 15 2 16 1 25 1 17 25 
12 9 23 27 16 14 8 6 3 11 0 27 16 14 16 7 26 3 11 25 1 10 19 17 13 13 12 0 30 29 4 5 25 20 30 12 8 7 19 5 22 8 28 27 15 4 11 1 13 27 18 8 30 1 17 23 17 28 9 3 6 3 30 16 4 8 
22 11 2 17 23 8 15 13 12 0 3 17 24 6 12 21 0 16 30 11 1 11 2 21 18 24 16 16 29 27 9 2 13 29 20 29 22 27 19 17 22 8 26 2 29 27 10 5 1 23 12 25 6 0 7 8 3 4 17 10 4 17 9 11 17 11 
13 5 22 1 12 26 26 7 19 0 24 20 27 6 15 12 28 13 12 19 1 27 20 3 13 16 7 8 3 5 28 14 4 6 13 25 9 29 8 25 28 19 2 25 9 11 19 26 19 14 8 24 23 27 3 30 4 9 6 17 14 13 10 26 15 24 
16 8 17 4 7 22 22 2 4 5 21 13 2 6 17 7 13 29 1 13 3 8 3 3 13 22 8 14 9 26 13 28 14 13 20 0 2 11 7 26 12 30 8 2 10 1 23 22 25 21 16 15 5 3 30 3 28 18 15 13 9 1 7 28 28 28 
