7
7 11 5 9 5 26 25 6 10 18 15 13 21 16 28 5 0 25 25 24 25 3 1 19 15 15 16 29 24 10 3 7 15 28 24 21 
11 5 6 2 0 1 0 25 10 2 14 26 21 16 14 2 6 24 17 1 3 4 7 19 13 7 0 5 14 11 15 26 14 9 22 24 
27 8 19 7 7 26 21 24 9 23 12 6 30 16 29 10 15 27 11 10 5 5 20 28 19 21 20 5 21 2 11 14 28 17 9 1 
17 14 28 21 4 6 7 15 15 11 29 2 11 10 24 10 22 12 30 18 11 18 6 7 22 15 18 25 20 16 12 17 23 0 8 27 
15 0 5 7 0 25 29 16 16 4 29 26 8 16 24 20 8 16 4 4 13 28 5 6 29 26 29 28 0 29 26 0 11 29 25 0 
10 19 10 22 21 11 6 28 3 11 23 16 20 22 20 23 25 25 27 26 11 19 2 4 10 1 15 22 1 20 17 2 3 2 24 4 
14 7 29 28 16 10 29 15 24 21 24 11 10 25 24 28 20 11 9 5 4 15 28 27 26 1 3 3 2 20 25 8 7 12 24 12 
10 2 4 1 28 6 23 9 4 7 21 8 0 11 3 10 8 6 22 30 1 1 1 20 29 27 5 15 17 13 5 29 11 2 13 16 
8 23 22 10 28 2 18 15 2 7 12 6 11 1 16 8 15 13 28 26 30 17 21 29 16 18 4 29 4 29 26 7 1 12 6 17 
17 8 2 12 20 10 18 20 20 7 10 11 28 27 2 3 22 9 9 12 23 26 15 2 14 18 6 30 30 13 23 2 4 13 4 12 
2 1 18 8 17 19 5 23 14 7 9 29 2 23 30 0 17 19 30 14 29 3 6 0 26 27 8 9 1 2 26 7 11 6 18 23 
10 3 4 20 30 12 15 10 5 9 23 24 24 2 7 12 12 6 19 11 14 1 9 19 26 5 6 10 9 23 0 0 6 1 20 2 
24 1 1 8 16 17 0 26 20 7 11 9 26 18 25 5 3 20 18 8 15 3 1 0 18 15 9 8 13 0 6 9 8 24 6 27 
3 21 20 9 23 17 29 10 26 4 24 7 25 10 9 14 13 24 0 22 9 16 23 1 8 29 13 20 12 15 24 17 13 15 12 12 
