7
23 3 1 27 17 16 8 14 9 12 5 27 11 0 10 30 8 3 4 19 15 26 3 15 1 16 1 30 9 14 8 5 1 15 2 2 
1 15 5 22 26 24 23 18 22 26 22 13 30 2 13 1 25 26 1 13 20 5 21 3 12 4 26 29 10 6 4 12 13 20 1 8 
12 26 5 0 0 4 15 1 13 14 5 22 22 6 26 17 17 13 27 16 13 9 3 20 3 29 22 24 3 17 19 2 3 21 29 1 
7 29 29 5 29 0 5 20 25 8 22 22 19 0 9 4 4 4 8 30 11 1 27 11 27 21 28 13 22 2 15 23 12 2 12 23 
4 19 16 3 28 6 25 29 3 30 19 30 13 17 10 25 8 6 8 10 25 0 24 26 19 5 19 2 22 7 1 29 28 13 9 3 
20 4 2 9 2 28 19 13 1 4 16 16 11 9 28 8 21 6 30 6 25 11 7 20 16 18 30 5 4 18 17 11 9 8 15 21 
25 2 22 25 2 15 12 22 11 1 22 15 22 23 28 1 0 2 17 18 18 20 22 19 15 19 28 30 21 30 13 1 4 26 7 26 
22 15 19 19 2 9 18 4 19 27 12 17 4 4 28 30 20 7 14 7 24 9 15 30 9 12 8 6 19 18 19 28 1 16 10 18 
5 0 22 20 30 11 22 13 27 23 4 4 19 22 4 8 10 13 2 29 0 7 3 2 16 25 28 28 22 0 24 3 24 16 1 19 
7 12 16 29 20 15 8 20 21 11 23 28 23 14 20 20 1 8 4 9 26 12 7 28 4 28 10 23 16 6 21 2 23 5 3 2 
9 23 7 16 14 8 29 17 28 7 15 1 0 5 6 29 29 7 15 18 1 5 21 19 15 21 21 16 30 18 0 3 28 15 18 25 
8 21 24 26 5 29 21 6 14 25 0 27 12 14 23 10 3 29 13 22 17 10 3 26 24 16 4 3 21 4 28 18 22 25 21 29 
7 0 18 26 20 23 22 16 13 0 8 26 13 15 25 12 7 18 13 16 18 8 25 18 12 11 7 8 24 12 13 30 19 28 17 6 
8 12 28 22 21 27 0 29 10 25 11 28 8 7 10 22 9 2 21 3 6 19 12 26 18 19 14 28 7 10 24 16 3 22 8 24 
