8
23 11 24 15 27 29 29 27 9 20 7 3 18 0 25 30 22 28 1 23 9 0 10 17 22 1 24 15 19 22 29 9 1 17 24 3 7 23 9 9 3 23 11 21 30 
21 3 24 23 1 22 19 22 27 6 6 5 28 7 11 28 17 29 10 6 2 27 25 10 0 8 18 25 8 21 24 29 21 0 23 10 15 23 1 7 11 8 19 2 13 
13 3 28 27 5 10 3 21 27 14 24 14 24 1 28 20 9 13 26 18 27 14 28 29 24 23 21 8 24 1 11 7 30 4 22 23 29 11 17 26 8 24 21 11 0 
21 1 1 5 10 0 16 20 7 21 0 8 0 23 2 2 25 3 0 21 10 5 6 19 26 29 9 16 26 1 13 23 19 12 9 19 26 15 10 27 3 7 15 0 20 
30 0 30 24 26 15 11 26 6 9 1 0 21 2 10 24 20 28 28 11 26 8 16 7 24 3 22 12 28 24 14 9 20 7 17 12 9 2 11 17 9 5 30 10 3 
19 29 11 8 2 2 17 13 23 4 13 0 13 26 23 9 10 15 29 15 17 5 1 0 4 12 3 22 24 7 23 2 16 0 21 0 1 10 25 4 9 18 7 11 7 
9 4 27 0 14 19 1 25 9 7 2 24 15 15 10 21 4 1 2 11 8 20 27 25 2 0 26 2 10 30 0 3 21 27 19 20 28 6 14 7 2 15 19 13 18 
13 21 1 19 20 29 12 23 28 14 28 14 14 14 5 7 26 4 3 0 1 17 0 24 21 7 23 0 7 19 16 13 23 21 18 8 18 30 1 26 22 29 30 5 29 
28 10 18 4 13 18 24 8 7 23 26 27 11 21 22 29 12 11 8 8 12 30 22 18 7 12 23 30 10 3 12 4 6 28 3 0 28 24 6 29 30 24 27 24 2 
15 14 12 25 26 26 0 29 26 8 1 30 13 13 11 25 2 17 30 17 2 11 19 2 29 22 18 21 24 9 7 10 3 9 22 5 0 3 12 11 29 27 4 21 28 
4 12 1 10 25 8 9 21 14 12 6 7 3 16 14 1 25 7 1 18 29 30 18 2 11 4 0 3 14 2 30 23 29 13 16 18 28 24 14 19 3 3 13 0 19 
11 6 5 5 24 25 29 19 4 14 13 7 15 21 8 1 28 27 27 7 3 19 18 17 21 25 3 17 16 5 14 10 13 19 4 29 28 1 27 27 11 28 13 19 2 
4 21 9 11 5 20 15 30 4 21 12 12 4 0 28 2 22 10 23 23 9 19 24 12 0 6 14 28 15 21 0 16 19 22 8 9 14 4 27 10 5 0 12 28 9 
6 29 26 29 8 10 3 6 30 9 19 7 28 16 19 18 25 19 10 21 9 20 0 30 0 24 25 3 15 14 2 10 9 16 17 5 13 11 29 27 1 13 15 20 19 
5 4 5 24 22 9 28 28 4 14 26 6 27 15 2 4 14 5 24 27 23 3 11 9 12 9 1 12 0 22 9 11 13 17 15 17 3 27 19 13 20 18 24 19 15 
23 26 11 6 26 23 17 29 8 7 16 18 6 4 23 17 2 7 21 7 25 7 16 12 5 2 5 0 25 17 27 30 23 12 29 29 12 2 0 0 5 14 20 23 30 
