10
24 30 5 6 15 11 26 22 22 4 9 25 15 4 24 23 24 17 15 23 24 23 26 8 29 24 12 8 20 6 29 30 2 7 29 29 24 18 25 26 7 5 5 19 16 28 12 23 21 20 25 30 8 26 28 1 29 22 16 27 3 24 14 10 27 29 
11 1 3 3 4 20 14 20 24 11 24 7 14 21 25 15 9 26 5 25 9 11 24 25 18 27 15 20 29 4 10 18 24 10 27 6 27 23 18 24 4 27 24 17 17 20 6 10 28 10 20 16 6 10 28 15 27 11 27 21 27 23 0 3 20 6 
2 29 21 0 2 12 14 25 13 8 23 27 14 5 11 2 13 19 23 17 20 23 4 5 19 25 0 6 1 3 24 18 24 25 30 25 2 8 23 2 5 14 4 7 23 1 19 18 15 21 5 24 11 12 4 18 2 3 15 5 9 23 0 9 0 26 
13 15 12 29 20 15 12 19 19 14 15 9 16 4 16 1 0 2 16 26 8 7 0 20 11 20 13 28 24 23 24 5 22 19 2 3 13 13 10 23 4 22 26 7 9 28 3 17 24 3 28 8 3 5 3 17 11 5 8 14 24 24 24 25 29 15 
10 12 1 21 22 25 30 17 24 8 17 16 27 29 18 20 18 11 14 10 27 13 0 26 2 11 26 13 9 16 2 7 5 29 26 7 0 23 12 23 20 3 28 13 11 8 21 17 30 18 5 3 4 22 14 10 6 27 17 7 17 2 3 4 5 1 
14 24 17 29 26 0 13 15 11 19 16 15 16 23 5 7 27 3 24 5 7 26 18 14 0 15 18 26 12 10 19 27 21 5 9 15 22 30 26 16 26 1 30 22 19 15 19 24 25 13 7 15 30 22 6 10 28 17 15 24 24 20 0 6 3 6 
29 27 27 5 21 24 28 13 0 25 8 6 3 9 0 25 5 0 24 6 10 2 29 10 10 19 30 20 19 25 6 14 8 28 19 21 13 6 20 11 15 25 18 20 21 5 4 10 26 16 12 22 23 18 23 12 6 18 28 29 15 22 29 28 25 28 
10 18 3 23 21 14 0 22 9 1 20 20 9 21 8 1 29 28 1 5 29 29 17 12 26 30 1 23 29 5 27 30 22 19 2 4 14 23 11 9 24 30 11 1 16 18 28 22 10 6 8 6 22 13 26 10 30 24 13 15 18 22 17 9 28 14 
12 14 23 25 1 6 26 26 20 14 13 2 30 17 30 23 7 29 17 7 22 5 21 10 7 10 3 25 8 28 18 9 14 19 16 22 10 1 10 15 21 1 2 2 11 23 5 27 16 23 1 11 22 24 17 15 25 22 4 29 23 10 30 16 24 28 
13 22 16 1 22 26 15 15 17 1 16 1 8 7 25 8 16 19 23 23 6 7 13 17 10 18 8 30 29 8 23 5 2 22 11 19 1 18 19 1 11 13 27 8 6 22 22 20 8 25 22 27 28 28 11 29 3 1 7 22 25 24 15 14 20 15 
22 30 8 7 14 22 30 9 30 22 5 2 19 3 5 6 22 13 23 22 3 30 21 9 22 7 20 26 18 16 9 13 7 29 29 10 12 11 24 29 9 6 17 16 16 29 24 29 30 18 1 16 19 11 19 2 8 3 3 12 29 7 30 9 4 18 
1 28 5 23 6 1 18 23 15 12 16 5 11 22 12 1 22 14 25 9 10 8 7 27 2 18 25 18 9 15 5 11 8 14 1 2 8 13 1 14 19 28 29 13 27 13 23 0 0 6 10 22 8 28 18 17 9 29 6 15 29 10 21 27 0 19 
26 24 14 25 17 20 12 27 22 4 15 22 14 20 15 16 4 13 26 10 27 13 4 19 20 8 17 12 29 27 0 29 29 3 4 18 17 10 25 9 4 9 24 9 16 14 14 18 22 5 22 7 24 1 9 20 2 30 9 20 12 8 22 25 11 13 
18 12 17 10 26 20 22 11 25 26 13 29 24 14 0 8 21 23 26 16 7 27 26 29 13 22 24 10 14 2 17 1 15 12 21 27 3 18 6 8 22 18 28 19 7 12 15 12 28 6 25 22 7 13 23 18 15 27 13 30 22 3 6 20 6 12 
18 11 17 22 13 27 23 6 13 16 1 24 24 14 18 8 21 18 6 4 23 22 21 23 3 1 12 6 24 7 15 3 25 2 14 10 10 26 16 27 27 5 24 3 5 25 21 18 7 9 3 13 19 14 4 10 22 6 22 3 4 16 11 21 4 11 
13 25 27 18 9 8 20 22 13 9 22 3 29 27 25 9 29 4 30 7 7 19 3 24 15 18 2 27 12 25 9 19 1 27 2 21 2 7 10 20 29 28 12 2 4 6 12 24 2 27 3 16 19 0 18 19 6 17 12 12 30 13 19 22 4 12 
24 18 20 22 16 19 2 23 7 26 13 2 7 1 2 10 8 21 4 13 9 5 19 20 13 9 4 21 23 23 17 18 28 25 21 29 15 29 0 29 26 22 10 18 20 29 30 28 29 8 5 2 12 11 21 15 28 11 14 20 3 12 17 16 22 4 
10 29 9 9 27 26 12 11 16 25 23 6 23 3 18 17 9 22 14 9 24 14 22 30 22 11 5 17 0 25 28 10 21 17 3 27 24 16 14 25 20 26 29 16 2 14 10 18 16 1 5 19 17 14 18 4 24 15 6 30 22 7 9 14 13 28 
27 14 0 8 29 25 6 21 12 27 0 3 28 23 3 6 11 22 13 7 2 17 17 29 16 28 24 27 27 28 7 13 7 28 15 10 13 8 26 14 24 16 8 22 8 17 26 2 20 4 24 25 8 3 11 24 12 7 6 12 14 16 8 15 23 23 
8 15 17 25 19 9 21 18 8 21 7 9 1 13 13 10 21 1 16 20 3 2 0 10 6 19 27 17 23 28 15 10 14 27 11 30 30 14 18 7 9 26 21 17 12 20 23 3 18 28 11 25 4 1 4 5 21 14 16 0 14 0 29 25 22 15 
