10
12 4 19 24 17 9 2 27 27 18 27 7 22 23 25 4 7 16 2 10 23 0 11 1 5 18 20 2 25 9 18 28 14 14 30 9 11 16 11 9 10 24 10 3 25 29 8 3 4 3 26 23 12 1 8 27 12 12 11 27 29 28 26 5 2 14 
16 6 13 23 30 0 17 5 1 1 2 14 1 19 19 29 30 0 27 6 21 4 3 19 19 6 21 22 1 6 28 19 28 28 27 5 29 18 10 16 4 9 16 27 14 29 21 27 29 10 12 17 2 25 26 29 25 1 7 0 28 30 21 8 11 19 
29 4 15 1 19 21 25 12 9 25 1 25 7 23 11 18 5 29 26 12 6 20 12 16 10 15 19 14 12 2 12 18 13 27 3 20 24 22 12 23 3 5 9 23 0 5 8 8 14 6 18 9 28 2 21 22 4 4 5 13 18 22 11 8 1 13 
28 14 18 30 10 12 14 15 9 14 19 1 21 16 16 17 9 5 26 3 3 17 21 28 9 8 8 24 28 28 8 10 12 23 27 13 14 17 16 4 19 20 27 23 18 8 3 17 22 28 4 30 10 0 21 2 12 27 21 23 26 22 27 8 27 28 
2 0 27 11 26 23 24 16 27 1 20 27 7 7 17 1 5 5 19 29 28 17 1 10 14 6 20 25 28 16 4 16 24 20 19 21 6 26 6 17 1 6 2 5 11 18 10 19 2 10 24 1 2 14 23 2 30 21 27 29 11 23 1 26 10 27 
10 24 14 15 27 10 8 26 5 17 29 5 15 1 21 7 17 16 25 18 30 14 20 29 21 10 15 8 13 16 8 18 30 8 29 11 23 18 22 12 2 6 23 18 9 19 6 9 14 8 26 25 26 14 18 14 22 23 18 0 6 13 12 21 14 21 
30 19 16 13 29 13 16 19 11 27 14 10 6 24 16 5 26 20 7 10 8 27 3 28 7 14 19 19 16 29 29 26 22 26 24 7 8 11 28 17 28 17 23 10 25 22 22 8 30 22 14 30 18 13 26 25 19 14 25 17 29 27 22 14 3 20 
5 14 7 13 11 22 20 10 9 3 22 24 0 19 17 28 3 14 12 19 15 3 20 24 0 4 25 18 22 21 5 18 29 30 6 17 5 22 4 25 12 0 10 9 14 11 23 4 21 10 16 29 24 25 22 4 21 19 5 2 29 7 8 18 7 27 
5 3 27 1 11 6 12 1 19 20 27 17 9 22 13 6 29 25 2 12 10 30 13 17 21 27 6 4 0 24 30 5 27 7 25 22 16 1 4 14 1 5 6 2 27 19 30 27 27 9 20 27 9 11 10 9 12 16 11 15 14 17 12 16 12 16 
15 24 13 0 22 23 27 7 11 22 20 27 7 29 3 2 5 0 0 24 22 19 4 17 7 8 0 10 16 7 30 18 10 29 26 22 2 27 15 19 28 28 30 28 4 23 12 13 16 28 14 2 28 15 29 26 24 24 12 11 27 23 12 8 4 10 
11 8 22 8 30 28 8 1 23 22 11 4 21 13 6 0 3 21 20 10 27 21 1 3 8 4 29 20 12 25 7 21 7 25 8 10 20 2 15 2 17 25 25 29 14 2 20 29 25 17 15 5 24 15 25 21 22 26 7 28 11 27 19 4 10 10 
14 8 2 3 12 12 29 25 20 2 13 6 16 2 21 19 17 17 25 30 17 29 14 0 3 11 16 10 17 19 11 16 22 16 21 27 24 14 27 4 22 15 15 16 22 11 19 15 26 22 1 16 6 25 19 0 22 9 27 10 9 28 8 0 27 4 
16 1 3 6 15 8 19 16 9 12 7 21 22 16 8 3 10 11 12 4 0 2 5 10 27 18 9 26 5 10 3 12 14 29 23 5 27 11 24 26 21 2 8 11 10 16 21 10 26 19 2 3 3 12 14 17 15 23 14 12 21 18 13 12 30 28 
30 26 14 7 9 13 29 19 1 25 7 9 29 10 2 22 25 8 8 7 14 6 17 9 8 27 5 1 20 4 7 21 29 30 10 5 26 11 8 2 5 29 7 25 25 6 6 15 10 29 16 5 2 24 29 30 9 29 18 17 15 2 13 14 29 27 
10 11 22 17 17 27 9 25 21 25 13 1 17 11 16 1 22 0 11 25 6 3 12 23 8 2 6 7 7 28 25 19 17 18 30 27 26 15 15 1 6 8 18 23 24 15 19 19 15 18 6 26 3 25 28 9 28 0 23 29 29 18 2 11 23 9 
4 25 6 23 4 5 26 11 5 26 12 7 17 4 11 24 21 8 0 13 24 12 12 29 21 11 22 11 5 28 24 1 18 28 9 30 6 14 10 15 23 28 8 22 23 30 23 14 18 2 14 1 3 16 3 11 23 18 9 4 9 4 13 0 8 13 
21 25 18 3 24 24 11 9 23 27 20 0 6 30 5 14 6 28 5 12 23 26 13 20 19 15 3 30 1 16 13 23 21 9 6 29 17 12 29 15 10 20 24 2 3 1 18 3 10 8 1 1 9 14 13 4 28 8 4 11 13 9 12 25 22 25 
7 28 24 20 12 13 30 17 15 7 13 6 8 11 19 20 13 0 30 4 14 20 5 11 13 28 18 3 26 11 6 23 4 24 16 9 10 25 19 28 22 10 5 20 14 3 18 14 3 8 28 12 3 25 21 30 6 23 12 19 27 14 6 5 8 17 
6 19 23 25 17 19 22 18 21 8 12 15 20 29 1 26 4 18 17 14 17 27 28 0 7 19 13 15 17 0 25 6 6 3 19 8 4 20 3 5 13 26 23 14 23 16 4 30 29 7 8 4 17 14 29 13 26 2 3 14 0 1 15 15 14 29 
23 30 8 21 24 30 0 3 29 1 10 28 13 9 12 23 3 25 11 18 0 21 22 25 16 22 8 1 19 7 29 2 29 11 1 5 13 11 5 4 15 22 15 24 2 15 5 5 15 0 29 28 8 19 10 17 20 8 19 8 14 25 12 8 24 25 
