12
0 6 10 0 16 20 9 12 15 7 28 2 3 9 14 5 18 11 5 18 18 4 1 0 28 18 24 3 27 4 27 6 8 20 10 7 15 26 2 12 28 11 19 29 11 21 23 14 21 30 15 2 27 9 13 17 4 23 13 16 26 21 9 11 22 1 18 24 11 26 25 9 15 6 26 22 5 16 4 16 11 12 7 9 21 25 20 27 29 6 19 
13 15 3 6 18 8 23 24 23 9 5 2 23 26 26 20 30 29 24 15 29 4 6 13 19 7 19 1 30 8 29 17 18 4 21 1 16 20 20 18 12 10 25 6 16 5 15 14 23 11 18 8 20 16 20 9 5 13 2 8 22 26 22 24 14 18 2 25 15 28 11 12 28 4 24 17 20 24 28 19 3 20 1 3 26 12 21 22 27 7 3 
14 9 28 16 4 25 11 13 29 12 1 20 7 20 4 6 7 19 30 21 1 15 28 1 9 4 21 7 23 14 5 21 5 19 11 19 8 4 10 19 20 6 1 0 12 12 29 16 12 6 15 26 5 28 15 9 9 28 24 21 6 7 4 27 14 24 16 18 8 24 1 11 3 17 14 14 24 12 11 5 14 8 9 27 27 12 4 1 8 24 26 
25 21 30 15 13 27 2 7 10 1 22 0 14 14 9 8 0 23 0 3 29 8 3 9 1 14 0 19 19 19 5 9 29 7 0 12 7 1 16 1 24 6 5 13 6 6 26 26 11 9 16 18 24 20 16 16 2 14 11 25 14 14 20 29 0 13 16 7 5 14 21 2 9 9 29 12 8 27 4 28 4 24 27 15 15 11 11 23 23 28 30 
0 11 21 8 14 30 8 27 15 9 19 10 29 22 6 0 27 4 22 8 18 12 21 9 24 18 2 8 14 12 25 15 28 11 19 28 0 9 20 29 10 18 12 27 1 6 9 26 0 26 26 23 20 10 6 8 21 18 1 12 6 2 25 26 18 26 1 11 1 5 21 18 7 19 1 1 5 13 9 20 3 12 20 25 25 22 4 14 8 12 13 
4 22 5 24 22 16 25 2 18 29 15 23 14 14 10 25 5 20 20 26 21 22 13 23 2 29 30 24 0 28 22 1 15 5 20 25 12 7 8 20 13 10 28 23 20 12 28 25 6 30 6 26 19 5 6 13 24 7 24 27 2 8 23 25 25 29 12 10 18 5 7 28 17 2 18 9 18 27 27 26 28 14 27 18 27 17 17 16 28 28 15 
11 14 8 23 21 7 27 24 7 7 28 1 12 13 22 4 5 1 25 3 15 15 6 6 22 20 9 6 28 25 5 9 10 28 5 18 2 16 23 3 14 5 28 12 18 19 26 6 3 20 4 2 10 21 18 3 10 0 2 12 15 7 5 3 25 23 30 24 3 18 30 0 1 28 9 11 1 12 25 6 6 4 17 29 17 11 7 9 30 4 15 
2 12 1 3 18 1 29 27 18 3 22 8 23 26 12 11 15 7 21 12 14 6 29 27 25 27 21 27 24 11 3 9 11 28 4 11 2 2 29 7 21 24 28 14 30 25 30 27 14 21 13 11 16 26 25 1 22 16 6 6 2 24 13 22 10 22 20 12 20 9 13 11 22 16 18 16 12 4 23 23 26 8 28 21 3 6 2 26 27 14 15 
14 0 27 20 10 22 6 20 27 21 29 25 4 19 15 2 0 17 18 20 0 24 3 10 30 10 25 14 18 24 19 19 21 18 20 26 13 23 9 27 17 4 12 3 27 14 12 17 20 27 11 0 18 10 4 18 7 20 0 16 14 10 20 19 13 14 13 11 18 20 10 18 4 2 18 5 0 29 26 11 14 17 8 21 18 14 7 18 4 2 22 
18 20 18 2 12 16 27 6 21 8 20 23 12 19 14 30 20 5 25 8 18 12 16 9 18 25 24 10 23 16 18 27 23 2 24 26 28 21 3 12 9 22 15 27 26 9 12 9 27 27 16 29 7 6 14 5 23 19 27 21 29 30 21 17 30 21 11 26 28 25 24 16 24 9 8 3 27 13 10 27 20 19 7 0 10 9 11 3 15 6 17 
12 3 12 28 27 16 9 30 4 22 10 25 19 8 30 11 21 20 3 4 17 19 27 25 1 13 3 19 6 11 0 11 0 3 29 29 13 2 28 16 16 3 28 9 22 18 22 11 13 14 22 11 28 10 4 15 29 18 23 20 11 25 27 2 20 18 0 23 18 12 8 20 6 28 18 25 30 4 8 13 15 27 27 28 29 15 10 23 24 12 18 
5 25 17 4 19 11 9 9 17 30 14 29 10 3 30 20 19 3 15 28 13 10 22 5 13 25 23 1 23 1 26 7 26 22 4 30 30 7 30 5 3 24 28 9 13 17 4 17 14 30 24 3 20 26 14 2 15 17 21 15 17 18 18 13 10 1 19 2 4 0 24 4 28 9 7 20 20 15 14 17 17 10 2 25 18 22 25 4 10 29 11 
12 6 3 7 27 23 17 4 16 23 19 21 20 29 2 30 21 14 19 27 9 27 9 28 16 0 9 23 3 17 3 10 2 18 17 3 22 11 14 8 25 10 24 25 15 23 15 26 19 6 18 7 7 28 16 28 4 10 30 14 27 8 19 13 29 16 9 12 11 8 22 27 7 16 0 29 28 13 9 16 29 15 25 3 26 18 29 4 2 5 21 
0 20 12 23 13 27 6 5 3 20 25 27 21 18 24 24 7 15 30 17 9 23 9 7 2 4 12 22 29 30 0 10 1 30 5 21 24 18 2 7 7 4 8 20 21 2 10 23 15 18 25 10 21 3 23 22 24 25 5 20 25 5 8 29 28 25 30 27 25 24 7 16 18 24 2 12 25 28 17 6 3 30 10 8 28 30 19 4 9 7 17 
24 14 3 11 18 0 25 1 3 4 30 20 28 27 17 26 0 26 20 10 29 16 24 22 3 16 15 20 16 20 25 24 7 26 27 11 2 20 4 25 13 3 7 25 13 4 2 20 8 27 8 1 29 29 1 9 22 1 25 19 28 2 11 17 20 6 2 19 4 10 0 1 29 21 20 26 15 20 20 14 4 25 0 24 29 15 9 6 5 28 11 
25 8 19 13 8 6 9 22 9 30 9 16 2 6 7 8 26 29 7 1 16 5 26 27 3 8 10 15 9 28 2 17 17 1 13 9 20 13 14 30 14 20 15 5 8 8 12 2 30 10 5 18 18 1 21 15 23 5 18 21 1 29 5 26 4 26 11 2 16 18 28 0 12 30 16 30 21 20 13 23 13 17 7 15 8 6 5 17 16 3 0 
10 2 24 21 28 14 7 3 11 23 29 7 16 30 23 23 8 9 25 3 10 2 25 5 22 11 20 19 24 2 2 6 30 13 4 18 3 22 10 2 9 10 30 24 28 28 11 23 4 4 12 19 23 18 16 21 19 20 22 27 0 11 29 28 20 4 29 30 27 5 27 11 21 29 18 2 19 11 19 19 27 2 24 25 27 4 3 5 1 19 6 
16 15 16 16 23 28 28 26 9 26 23 27 30 23 21 30 8 18 16 29 22 18 8 13 21 6 27 6 25 22 22 27 15 19 24 7 18 17 11 6 6 14 16 2 1 13 25 18 19 8 22 0 18 8 17 21 19 5 16 4 22 9 30 6 25 1 13 0 0 13 26 8 11 11 11 25 11 11 25 3 2 17 27 19 13 7 0 14 6 21 30 
9 13 3 16 21 17 15 6 27 11 14 16 0 5 13 21 19 25 23 12 14 16 10 12 14 6 2 21 11 23 27 27 25 9 28 23 16 11 16 4 18 5 23 1 5 0 20 17 24 7 27 7 22 28 18 12 15 15 2 18 18 3 20 7 10 10 14 24 6 19 24 22 8 7 20 14 1 9 30 13 29 15 8 12 10 29 14 26 9 10 21 
13 0 15 24 28 6 26 22 25 24 3 26 0 19 29 20 2 10 28 28 26 29 27 16 13 15 11 18 19 12 24 14 14 18 7 14 14 9 19 20 12 25 0 16 23 20 15 10 5 9 6 27 3 18 25 22 8 7 23 13 25 13 1 30 2 8 13 5 25 8 10 4 2 18 11 21 23 4 2 22 11 4 15 11 8 1 19 5 9 5 2 
23 29 21 13 29 22 6 27 14 0 25 2 1 8 8 7 20 23 28 11 30 10 10 15 12 6 16 21 3 26 4 11 30 11 16 1 27 18 6 4 22 21 4 4 26 9 20 6 11 21 25 24 20 25 22 13 25 25 3 16 5 5 26 14 10 30 8 9 18 7 29 13 8 6 10 6 12 17 20 3 10 28 5 21 23 13 8 17 12 19 0 
1 10 14 5 29 23 6 14 28 20 20 26 12 17 24 21 23 21 12 6 29 30 29 10 4 25 2 20 23 22 28 15 28 1 2 10 26 11 12 5 28 29 13 3 26 21 26 1 26 11 26 12 2 14 20 22 16 2 6 30 6 9 20 20 17 13 5 27 2 11 26 9 6 21 24 3 25 23 23 29 3 0 22 19 28 7 22 7 7 14 0 
28 11 0 0 23 5 17 22 16 3 15 18 20 27 22 20 26 29 18 15 28 26 16 5 8 24 28 13 8 25 17 3 21 25 11 22 10 4 17 2 30 9 13 12 26 29 18 23 24 16 5 6 4 30 29 22 16 2 22 28 3 8 28 8 18 24 14 0 28 9 10 23 13 23 5 15 11 20 29 6 11 3 17 12 23 18 0 22 2 12 9 
25 12 28 1 14 8 4 0 20 20 12 20 0 7 16 5 10 1 23 27 6 23 21 20 0 2 16 9 17 22 5 22 18 1 24 20 28 9 20 7 24 11 8 11 13 23 13 20 7 12 17 13 9 5 21 5 10 12 4 29 18 2 30 13 13 26 24 11 5 13 11 10 7 3 11 25 30 26 4 7 28 25 27 19 29 22 14 6 2 30 12 
