8
17 17 6 13 17 26 4 23 7 18 4 22 24 14 13 5 6 2 30 17 7 15 16 5 10 22 4 0 0 16 21 14 18 25 9 29 24 27 10 9 26 7 25 1 22 
28 30 2 30 17 17 26 3 27 30 14 28 21 21 15 11 13 22 27 2 10 18 2 12 2 4 22 26 28 21 14 12 4 22 3 24 7 15 9 29 29 22 28 6 25 
4 6 9 27 9 10 9 17 2 16 3 2 0 20 18 8 16 9 21 14 14 13 20 16 29 12 29 11 9 10 9 25 24 30 17 24 29 11 11 2 12 7 14 18 27 
17 22 10 11 27 29 3 12 9 25 25 14 14 22 11 21 16 18 20 4 24 30 17 2 8 21 19 21 11 24 2 2 29 10 6 6 14 14 4 14 5 4 27 23 26 
23 30 25 17 25 0 8 10 15 1 9 21 10 29 13 11 23 11 21 1 7 6 14 0 0 19 0 0 0 10 11 28 20 1 19 29 22 22 24 2 18 14 12 24 24 
10 22 18 12 8 9 4 28 30 5 1 0 28 8 0 12 1 6 0 22 8 3 9 24 1 28 24 10 30 22 4 22 8 0 13 16 16 21 11 7 15 18 26 16 15 
9 10 29 2 19 22 8 28 21 15 8 28 2 15 23 17 20 11 25 4 22 12 22 4 5 29 19 5 28 25 15 25 5 30 11 14 14 2 25 14 18 5 29 10 4 
15 6 0 14 29 1 22 24 12 7 3 3 15 14 23 20 3 6 6 11 11 30 28 4 20 28 7 18 27 16 4 15 14 29 26 23 7 11 16 23 5 13 12 13 24 
10 26 14 3 18 0 10 14 30 4 2 23 0 28 3 15 25 23 6 14 21 6 25 0 28 2 3 29 6 29 12 5 1 15 1 24 25 21 11 18 8 19 25 10 10 
5 28 24 0 28 15 0 8 14 25 17 3 22 30 1 1 18 11 28 26 8 19 17 11 2 22 20 16 2 23 0 9 18 5 6 7 28 28 21 26 12 14 30 20 2 
20 25 16 2 7 12 17 17 10 24 20 29 20 11 21 6 7 22 2 20 9 2 16 29 19 10 0 1 2 0 3 24 5 14 22 26 5 21 21 4 3 6 1 0 25 
3 19 20 23 9 2 8 1 7 24 3 19 7 21 17 2 27 28 4 5 21 11 3 12 17 10 9 4 25 9 20 14 16 15 22 22 8 1 30 3 3 15 16 28 4 
24 5 17 26 2 16 24 23 3 1 28 29 1 22 2 14 1 26 16 6 20 25 17 10 10 29 2 14 0 21 13 20 19 17 9 1 22 22 23 11 27 3 18 28 9 
2 19 27 9 24 16 14 23 7 6 26 19 28 0 3 13 18 30 11 27 19 7 23 10 3 11 7 29 17 16 8 14 15 30 15 2 10 22 24 27 7 22 25 22 27 
0 4 5 6 12 9 25 17 20 13 25 0 25 4 13 22 19 18 14 0 28 21 24 25 23 11 6 20 20 16 6 20 0 2 30 19 7 14 7 28 19 29 19 5 28 
18 1 13 10 18 16 4 0 30 28 7 19 26 25 28 22 0 13 22 1 26 3 1 10 2 4 4 20 14 22 29 4 11 14 17 30 21 15 27 30 15 16 21 25 26 
