11
23 12 26 15 30 2 25 7 5 10 19 8 3 22 8 20 12 10 28 19 26 9 29 22 12 26 8 21 12 0 30 14 26 2 0 29 2 15 12 24 9 27 16 19 19 4 23 18 28 3 15 12 3 26 24 17 7 22 20 7 3 20 20 13 11 12 24 19 15 19 13 15 23 10 10 8 4 10 
20 5 27 5 22 22 26 5 20 9 23 22 18 11 19 1 26 8 2 12 2 14 1 17 8 18 24 19 23 12 16 14 14 14 24 27 6 9 27 22 17 24 26 8 20 23 14 14 14 3 12 26 0 7 24 12 30 7 28 9 17 15 27 2 23 16 26 10 11 1 28 27 19 25 7 25 0 8 
18 21 14 19 1 14 11 16 5 7 29 17 7 0 28 14 29 14 6 11 7 25 27 23 21 1 16 21 16 22 23 6 17 24 13 21 1 24 19 14 4 25 15 6 6 4 13 19 2 5 30 12 20 12 20 10 22 5 4 21 19 18 22 4 5 20 29 16 12 13 10 29 19 7 8 8 19 29 
16 10 5 24 19 16 5 23 23 30 29 13 6 18 27 4 17 0 7 3 1 6 20 7 16 6 18 0 26 7 29 18 19 3 4 19 10 7 21 16 24 16 13 19 29 8 11 24 5 11 23 10 10 7 4 14 8 19 9 4 1 9 27 17 13 6 26 17 23 13 12 24 26 1 18 7 14 20 
11 11 21 22 3 26 23 16 9 20 18 14 20 11 24 4 27 30 16 12 25 24 15 27 15 22 12 16 10 29 5 7 3 29 26 23 15 19 6 22 29 22 7 9 27 19 3 5 5 9 27 18 20 13 9 0 6 27 30 14 19 23 30 23 15 8 24 18 27 23 15 21 10 5 26 16 7 3 
20 30 0 28 5 0 5 25 26 25 3 4 4 19 30 2 29 16 20 17 16 19 13 27 14 20 23 7 12 17 1 19 21 8 14 22 14 9 16 28 29 0 21 5 30 20 27 26 3 6 24 0 3 18 12 16 1 21 3 18 4 13 6 21 19 0 26 9 19 10 8 1 13 26 14 19 0 6 
16 6 13 22 28 27 18 12 14 20 14 24 16 6 14 4 3 7 9 9 11 8 30 16 16 27 13 22 20 18 26 22 1 15 5 0 3 17 24 6 19 23 23 8 16 6 7 21 22 10 18 2 24 2 5 6 25 14 22 17 30 5 24 25 3 4 11 3 9 4 10 7 15 13 15 27 1 8 
6 14 13 6 0 12 10 13 5 17 10 18 12 16 3 28 15 20 23 19 23 18 8 0 17 5 13 30 26 6 10 24 15 11 18 10 2 29 8 14 15 23 0 19 15 13 14 6 29 29 12 17 2 16 22 13 5 10 21 18 16 17 2 18 0 6 28 13 7 18 6 15 9 30 21 21 0 25 
9 13 1 6 20 29 9 2 0 20 8 2 24 4 15 30 1 5 14 12 14 11 1 23 21 27 10 19 27 29 25 19 14 22 22 1 5 7 8 22 1 13 22 12 15 13 15 5 24 10 17 16 11 26 13 24 20 12 2 18 16 15 12 21 0 20 29 21 7 21 16 12 30 25 4 19 3 26 
7 30 30 20 5 29 30 8 22 14 4 20 3 13 24 24 7 2 10 2 29 10 25 20 30 29 0 15 6 11 28 23 16 24 13 2 29 0 13 14 25 30 28 28 14 3 13 30 6 16 26 21 10 2 0 0 8 2 21 30 15 10 10 9 30 16 17 11 0 12 6 14 10 16 27 26 26 15 
23 23 30 19 6 29 5 12 30 14 0 8 14 28 20 16 8 22 0 17 26 6 30 30 28 3 16 18 10 4 30 12 5 6 28 10 25 5 2 12 16 20 9 9 1 30 4 1 12 30 17 3 18 6 25 11 8 11 5 28 8 27 17 25 4 17 11 9 8 28 9 6 11 13 4 11 27 5 
28 8 11 6 6 8 12 4 6 12 3 3 4 15 14 13 30 22 19 9 7 3 3 10 27 15 15 26 15 7 29 20 5 3 12 28 13 12 13 13 19 5 10 10 23 6 8 13 13 16 6 27 8 7 11 1 24 18 7 23 8 9 30 23 13 21 29 18 15 18 19 14 30 29 17 28 29 18 
30 19 24 3 30 30 21 24 1 29 14 2 23 4 22 11 20 16 13 25 23 27 26 22 0 1 9 28 21 7 23 20 8 29 29 27 9 26 14 7 29 19 5 14 6 1 23 19 12 2 24 27 30 2 22 22 9 10 24 22 11 4 22 10 13 22 5 23 20 30 3 13 7 3 6 16 25 17 
5 12 23 5 3 13 29 7 27 15 25 1 14 5 18 21 21 18 5 22 15 23 9 16 13 27 7 21 1 3 25 5 21 16 3 29 4 7 12 9 22 13 21 27 7 13 21 7 17 15 20 9 21 14 21 12 5 25 25 17 27 26 30 19 29 6 17 10 15 5 12 22 8 27 23 8 4 17 
14 8 19 26 12 15 10 20 18 28 24 2 10 9 3 30 13 30 28 7 4 27 3 27 10 30 21 5 23 11 18 10 30 4 5 8 23 20 11 4 21 10 21 1 12 12 15 7 11 17 25 21 27 1 16 3 2 0 30 24 23 11 17 21 6 25 9 29 11 27 27 10 0 20 27 25 19 11 
14 11 2 24 19 0 0 24 23 18 9 2 28 21 25 29 24 18 28 14 16 26 5 20 30 20 5 22 28 14 29 25 22 9 25 16 9 26 19 16 23 1 18 23 2 10 27 28 13 14 13 9 2 21 12 10 22 30 0 2 25 20 8 25 6 17 6 2 22 10 8 11 10 7 23 20 11 28 
12 5 14 19 6 10 25 16 8 12 1 24 8 23 17 12 18 30 28 9 19 16 1 10 16 13 23 13 2 11 17 1 18 18 2 24 12 13 22 1 26 28 21 10 0 6 4 8 4 18 3 23 14 24 23 23 26 25 29 8 19 10 28 18 0 2 2 20 14 3 30 0 0 0 30 12 9 5 
28 28 11 20 21 30 11 8 8 24 30 10 26 14 3 21 11 30 26 16 25 19 12 20 20 3 18 16 23 9 8 19 27 1 12 3 9 29 16 30 19 6 10 24 3 28 24 0 13 16 18 16 8 0 14 26 22 12 1 21 17 12 26 3 3 5 20 0 21 20 20 22 28 9 19 28 11 7 
27 19 9 18 22 20 19 29 24 21 28 23 2 7 16 11 16 3 8 11 25 16 16 23 22 26 3 20 2 2 10 0 12 14 18 14 7 22 18 23 4 19 26 21 25 14 19 18 7 25 17 7 22 7 20 21 20 21 12 29 7 1 30 18 10 8 4 29 3 27 12 26 26 7 11 16 1 18 
0 20 13 25 16 9 30 28 10 8 30 17 9 2 4 22 8 16 3 10 22 18 16 27 30 1 18 6 7 1 13 12 28 10 28 3 19 2 18 1 14 11 11 13 24 4 5 10 1 15 23 25 18 0 19 27 22 19 30 3 29 11 17 27 3 2 24 23 1 12 16 15 4 3 24 24 1 20 
10 7 30 28 17 20 23 12 1 12 21 2 8 12 0 26 10 1 19 13 24 25 14 21 10 10 11 24 13 18 11 24 22 20 22 1 29 27 26 19 20 3 4 16 2 9 17 18 0 20 18 17 1 0 7 1 7 12 10 0 10 21 14 0 26 13 11 2 26 29 5 0 13 13 22 16 9 5 
29 20 15 16 1 16 9 25 29 0 6 19 7 24 6 14 10 18 24 21 25 17 2 18 7 25 7 29 30 0 9 24 25 15 5 3 12 10 20 12 18 2 2 10 30 12 29 29 26 6 25 22 30 12 27 26 13 12 24 11 8 11 26 6 1 21 23 14 17 1 3 23 22 29 24 12 16 17 
