8
6 30 8 12 7 4 21 3 19 21 10 18 19 1 29 4 15 4 17 25 9 4 0 1 2 23 3 7 30 12 24 5 26 30 28 0 27 16 24 12 12 8 10 10 10 
7 26 26 16 9 17 23 8 5 8 10 0 23 12 28 23 5 20 8 7 2 21 26 23 20 7 27 18 25 24 24 19 9 6 29 16 9 23 20 27 14 23 13 23 16 
13 11 19 11 15 8 4 16 7 15 13 9 11 28 13 11 28 18 0 0 8 0 8 6 27 10 20 12 20 11 2 5 25 30 0 26 24 28 1 16 6 3 3 26 2 
19 18 21 5 7 2 12 13 20 28 7 0 19 13 26 3 26 23 8 29 23 19 14 4 21 0 3 8 1 25 27 3 27 21 11 3 20 3 19 5 11 0 12 19 22 
23 13 19 6 2 16 4 15 26 4 15 12 18 0 4 24 20 4 17 3 5 10 14 4 17 21 26 16 25 24 19 12 4 11 5 11 13 16 9 11 26 30 26 16 13 
2 12 13 0 12 14 8 2 30 7 10 16 0 12 10 19 1 7 23 8 8 14 3 25 13 30 14 15 5 22 4 8 27 13 13 13 8 12 11 17 14 28 2 28 20 
11 2 5 14 23 21 24 3 28 18 14 10 9 29 14 11 18 20 25 9 23 4 3 21 5 4 1 30 23 17 13 7 21 3 15 13 11 21 20 23 27 8 10 7 18 
19 10 18 20 30 0 17 9 13 13 7 25 7 6 3 18 2 19 4 20 12 21 19 0 0 18 23 18 1 8 6 29 22 21 27 21 28 19 19 14 28 26 12 7 4 
21 5 29 22 22 18 10 29 24 1 27 9 8 2 19 19 10 19 15 21 28 22 13 17 2 27 13 11 7 23 9 24 26 27 3 12 17 10 1 0 6 22 16 21 28 
6 30 5 0 29 23 16 16 17 27 5 7 5 22 21 27 18 20 10 5 2 7 21 22 15 23 25 26 18 16 5 15 1 4 20 29 12 14 22 5 14 21 13 2 1 
7 30 11 13 7 28 22 22 6 23 26 21 16 4 8 11 27 6 6 6 2 22 8 29 29 4 27 25 29 4 27 20 25 1 21 24 10 19 19 25 20 6 8 4 14 
16 1 30 10 25 20 27 2 16 10 13 22 14 6 11 18 19 6 10 25 3 24 13 23 4 12 1 21 17 11 15 21 13 6 26 20 10 15 30 19 4 19 18 6 6 
28 18 14 22 10 27 1 5 11 22 9 6 24 4 28 30 8 29 4 13 17 12 29 0 28 26 1 10 30 6 27 17 19 16 18 4 16 20 26 8 18 0 28 9 20 
22 17 10 25 5 3 8 6 22 7 26 28 14 26 20 29 25 21 13 7 8 11 20 28 6 29 2 11 11 12 12 28 11 21 8 7 11 13 4 9 10 27 22 19 24 
12 14 10 2 19 15 29 1 20 24 8 15 10 7 2 22 5 1 13 0 0 16 26 20 22 8 22 25 20 29 29 28 20 13 27 1 0 30 29 16 24 16 25 13 30 
12 1 27 11 16 15 30 19 4 12 13 9 11 30 2 25 26 5 8 7 12 21 3 17 22 11 16 14 5 26 15 23 28 16 3 7 21 30 8 1 12 26 25 2 8 
