12
24 26 1 21 18 30 18 5 16 30 30 18 25 16 26 29 18 23 7 19 22 24 7 8 29 30 0 4 30 12 11 25 10 20 4 21 27 0 14 10 17 10 10 9 24 15 16 10 21 14 30 29 24 1 14 13 3 24 22 23 29 9 4 9 3 22 3 15 7 28 13 4 12 22 17 29 1 20 10 10 7 16 10 1 30 13 12 16 17 27 20 
8 29 25 5 15 22 2 17 16 10 12 30 20 29 25 24 8 5 18 18 25 5 3 20 23 16 18 15 22 23 7 8 7 13 29 24 10 19 13 21 24 4 21 30 16 5 1 13 26 14 19 16 19 1 6 18 23 0 10 13 3 18 7 8 27 3 29 6 14 19 29 0 26 25 30 7 22 18 12 25 24 9 3 3 13 26 28 9 27 24 27 
3 7 4 1 27 9 15 26 18 23 4 16 6 24 28 7 7 18 23 15 19 24 12 14 0 12 28 23 26 25 12 9 22 21 6 1 30 21 12 6 13 18 9 8 18 24 30 15 21 9 16 2 9 1 20 4 25 29 26 8 24 15 24 12 13 7 3 20 20 2 21 24 0 2 8 28 26 28 11 4 20 0 16 30 9 22 25 10 1 25 0 
6 27 13 23 18 7 27 9 3 17 13 21 30 0 19 22 2 9 1 1 15 29 6 10 16 15 26 21 5 25 4 22 24 20 20 7 24 15 0 10 11 17 30 28 4 26 16 29 1 17 21 1 3 13 1 15 17 6 12 21 22 20 13 13 8 21 11 19 0 5 2 14 12 14 15 23 13 30 7 1 6 8 12 30 28 3 14 0 21 13 5 
11 17 23 25 1 24 1 9 13 5 22 10 16 26 5 7 8 6 4 26 8 24 16 11 24 2 27 27 12 8 23 12 6 6 9 18 24 5 24 24 21 2 3 21 22 5 15 20 9 29 26 15 22 15 17 14 24 30 18 7 27 17 17 2 26 3 7 6 16 28 11 6 24 30 29 29 14 14 18 18 16 26 8 2 18 23 25 23 27 16 14 
6 26 23 25 15 12 15 4 3 23 3 5 17 5 0 8 2 9 13 9 9 14 16 14 19 22 15 16 1 9 25 6 19 6 20 18 30 6 9 4 14 2 17 2 16 22 23 18 6 25 4 5 24 19 30 24 12 5 23 15 20 2 17 7 4 1 6 1 18 0 26 22 21 9 4 14 13 3 20 6 27 12 17 29 18 0 22 16 12 4 23 
12 6 29 8 1 9 19 19 4 11 2 12 11 1 5 18 30 25 8 29 30 24 16 3 8 19 13 11 10 4 27 18 3 2 22 30 30 19 2 22 15 26 27 29 28 26 4 14 29 30 21 3 21 28 29 25 24 26 29 29 24 4 1 6 29 16 11 25 20 15 12 25 17 0 15 12 29 25 28 1 25 24 11 20 18 1 8 24 30 6 12 
17 0 19 13 18 27 22 4 0 14 29 14 3 13 2 7 29 5 11 20 9 1 3 15 9 2 12 9 12 12 8 19 7 25 23 12 0 18 24 13 17 3 7 18 25 10 14 2 6 12 9 27 29 3 28 25 14 19 17 2 17 28 10 19 5 19 29 14 20 10 2 0 23 29 21 0 22 29 19 13 4 13 15 10 27 8 23 18 11 21 9 
13 20 7 3 4 18 14 13 20 8 16 6 28 6 19 6 9 15 11 30 13 21 10 15 16 8 5 22 2 22 3 30 0 0 1 13 5 22 18 12 10 25 11 26 9 14 25 16 16 7 10 9 12 22 21 22 22 6 18 3 7 6 2 26 6 6 11 13 23 18 19 15 1 8 5 6 17 18 23 19 19 15 3 23 28 20 9 21 20 9 10 
18 2 14 24 6 13 18 29 19 2 7 16 12 24 23 23 26 5 5 9 29 22 24 26 6 7 21 9 17 30 12 30 23 22 5 22 25 19 18 28 15 2 12 30 9 12 2 30 19 20 12 17 27 19 7 28 15 20 0 4 26 24 11 21 7 9 15 12 23 3 15 18 11 11 0 20 20 1 29 10 15 13 8 25 12 25 1 10 30 11 12 
16 22 7 24 23 25 3 15 28 28 27 14 17 20 26 23 29 13 26 0 12 25 30 25 24 16 12 30 6 8 7 1 25 9 22 22 2 8 1 3 23 16 26 1 21 28 12 9 11 10 17 25 15 20 13 2 0 19 0 11 30 16 19 25 30 1 16 30 0 6 22 12 9 23 29 6 17 14 8 3 4 23 28 9 15 5 16 21 21 12 0 
11 25 30 5 21 27 17 0 2 27 26 8 14 16 10 19 9 12 4 6 18 30 28 20 15 5 24 8 25 9 2 20 14 28 5 1 30 20 19 28 2 9 13 22 15 12 19 12 24 5 5 11 18 14 14 15 15 0 24 28 23 10 19 13 2 22 23 25 27 29 0 29 15 8 9 2 12 15 2 9 14 22 21 10 20 17 2 7 12 27 19 
2 18 29 22 3 29 29 22 24 9 7 11 5 30 15 4 2 22 6 5 24 0 4 23 25 28 14 1 23 6 15 16 10 0 3 15 0 20 20 24 19 1 26 23 18 27 0 17 30 19 26 28 16 9 17 8 6 9 21 7 18 14 10 17 24 18 21 3 7 1 2 23 4 10 14 1 6 19 0 9 6 20 17 30 27 0 10 13 23 21 15 
2 14 23 18 0 26 4 17 10 12 11 24 13 20 21 5 3 21 13 24 22 16 29 12 28 29 12 7 8 15 19 0 26 9 2 5 6 16 18 29 27 15 14 27 1 14 3 15 28 13 23 9 12 12 26 5 25 10 19 20 12 13 0 23 1 12 21 8 20 3 28 6 1 21 0 29 7 11 26 25 9 29 1 26 6 13 13 15 19 7 1 
7 24 8 30 6 24 11 15 13 8 30 0 16 27 28 19 24 9 2 27 9 24 30 20 17 12 16 10 18 9 0 8 6 7 10 9 10 6 14 21 22 23 24 19 27 14 17 0 10 23 11 14 28 15 4 29 2 5 28 15 11 8 27 13 4 22 17 13 6 19 12 9 28 12 4 23 21 0 26 22 25 18 16 22 6 5 21 20 4 6 9 
0 27 0 22 24 26 9 23 14 16 17 26 1 4 9 22 29 21 23 29 20 30 28 14 10 17 24 17 10 8 28 22 0 28 1 28 12 7 13 26 22 18 20 26 4 28 0 6 13 26 28 29 21 26 28 8 27 19 19 6 22 20 13 15 27 1 9 13 20 16 16 20 2 21 16 24 10 25 26 4 21 28 4 12 7 28 20 6 16 9 9 
27 23 19 13 12 29 25 10 20 21 9 19 16 9 11 9 19 0 30 8 6 18 30 20 6 29 30 18 28 9 21 23 27 0 14 23 19 19 18 19 30 6 3 25 17 3 3 19 10 9 14 10 12 14 2 20 7 9 26 1 25 12 9 28 8 14 17 26 1 30 23 17 1 24 30 27 5 20 13 3 4 17 29 20 11 27 19 9 7 9 0 
25 11 25 23 3 6 26 27 1 5 14 5 15 3 2 7 29 7 6 30 14 17 15 4 0 26 13 13 6 6 15 30 6 27 3 20 20 12 6 4 0 0 8 27 0 9 8 14 17 5 18 1 24 15 2 10 24 13 22 30 22 21 22 3 20 2 16 30 13 21 20 15 17 22 17 15 3 23 22 0 14 12 1 8 25 29 1 1 18 6 26 
3 10 18 27 27 18 26 26 3 21 23 24 6 26 19 24 6 3 26 25 13 13 23 15 25 22 23 6 9 4 5 9 11 2 23 24 25 12 18 14 29 30 30 1 29 13 23 2 14 5 27 26 24 11 4 4 14 1 16 19 7 3 16 13 25 14 17 12 11 21 2 4 19 12 21 16 29 28 9 19 12 27 16 28 4 6 8 23 0 23 16 
17 3 18 4 30 23 4 0 16 27 3 0 17 23 19 18 8 1 26 12 8 10 1 16 26 1 10 7 23 18 11 4 6 1 13 27 28 27 7 29 9 25 26 7 16 26 8 28 6 8 13 14 24 29 9 7 24 0 23 12 3 3 9 24 24 19 6 2 13 2 29 23 20 17 11 16 3 21 3 20 24 7 28 0 25 0 26 19 26 6 11 
0 4 27 7 10 19 28 23 23 5 3 23 10 29 29 9 19 28 0 30 20 25 2 29 22 12 28 9 2 6 6 24 25 3 3 27 5 11 16 7 16 15 15 21 24 6 14 16 20 28 30 27 19 13 9 22 16 15 5 29 20 30 20 29 12 27 11 5 9 26 10 5 19 18 15 5 7 11 20 3 18 15 17 21 20 11 9 29 16 29 16 
22 16 28 24 21 7 8 23 6 27 24 0 28 16 22 7 22 20 28 6 5 6 22 3 7 6 29 27 5 0 29 5 14 11 2 2 12 27 30 25 19 22 23 26 13 7 3 14 18 8 18 25 8 11 15 17 5 27 9 24 30 27 24 9 27 26 1 12 19 0 29 3 20 11 30 30 21 15 14 30 14 13 3 5 22 26 4 30 21 13 8 
12 25 11 23 1 11 25 17 3 11 0 29 15 28 24 9 6 29 25 20 25 5 28 0 1 21 28 14 13 23 11 14 19 13 11 2 16 9 1 3 22 1 2 4 29 8 20 10 30 0 18 6 23 10 27 23 26 18 22 23 30 20 15 12 26 19 15 22 18 27 23 12 7 7 8 22 29 29 12 9 10 6 23 13 3 20 2 8 4 14 10 
2 4 2 21 16 28 2 26 25 30 24 30 29 8 8 26 0 19 12 23 24 3 26 9 12 14 30 7 15 29 23 1 22 7 12 2 20 24 22 21 17 15 29 21 14 19 14 11 15 1 4 3 18 17 1 29 21 6 12 11 19 27 21 28 23 14 8 14 6 12 3 23 29 1 4 27 16 7 26 24 8 22 24 7 21 8 28 0 12 7 12 
