10
1 18 28 24 24 9 3 25 30 28 14 25 9 13 2 14 30 22 17 6 10 30 25 19 16 25 13 9 3 28 27 12 21 18 17 10 8 23 15 10 3 4 29 28 19 28 24 29 3 18 12 7 1 15 6 19 24 10 30 23 4 11 6 18 28 11 
7 15 7 5 12 1 1 13 21 17 24 14 25 23 1 26 18 29 12 1 19 12 19 17 4 3 30 11 26 15 27 25 9 26 7 10 9 29 21 23 20 11 15 2 17 5 30 23 15 19 19 2 28 20 23 9 30 19 20 23 2 16 10 30 15 19 
3 9 4 15 0 12 24 17 16 23 28 21 14 21 29 30 27 4 28 25 10 2 5 7 16 28 20 6 20 9 15 28 28 1 9 5 22 1 13 23 17 21 2 19 3 3 28 0 19 15 18 20 19 12 10 26 14 12 4 6 14 10 6 6 15 13 
9 9 14 19 2 8 1 5 7 12 29 7 10 24 14 1 23 9 3 13 22 4 12 10 10 24 25 20 12 14 5 6 16 0 16 21 16 30 25 26 7 22 15 24 9 23 30 28 17 23 12 6 19 10 13 19 0 7 29 4 10 19 2 1 28 19 
1 0 28 3 8 7 12 18 26 23 28 6 27 11 4 29 24 29 8 5 23 26 24 28 10 4 24 29 3 15 27 18 7 1 13 28 14 2 5 0 16 29 17 20 22 17 22 24 3 10 4 23 22 15 16 17 21 7 18 14 11 26 10 3 28 18 
16 20 8 4 0 27 11 9 7 3 10 25 18 2 20 12 1 27 29 30 28 28 15 16 18 10 20 22 4 10 8 29 19 26 20 21 18 17 4 28 0 16 7 18 4 21 1 0 21 13 25 19 22 0 30 22 5 16 21 26 29 26 19 9 16 1 
20 11 9 21 20 24 17 0 10 27 11 23 19 28 1 27 25 29 23 12 26 7 1 16 6 30 6 28 17 25 28 15 3 22 16 4 26 1 9 17 16 10 16 14 7 20 24 27 20 20 10 8 17 8 30 25 5 15 17 1 30 10 9 17 25 3 
0 13 2 28 1 2 4 19 1 30 12 23 1 24 18 12 28 6 1 0 29 3 26 4 27 19 15 0 0 17 28 22 3 7 8 6 20 20 12 0 9 17 1 14 4 5 17 22 28 20 12 22 26 25 2 6 1 12 7 5 21 20 10 24 24 16 
21 14 2 14 15 4 29 29 24 1 13 27 27 14 4 0 23 20 20 23 16 6 12 11 21 8 15 19 8 14 24 14 29 4 16 15 0 0 6 3 27 27 26 1 3 11 5 15 17 4 3 2 5 20 27 19 24 4 29 30 27 28 8 12 28 29 
21 17 11 8 26 24 10 5 25 4 23 2 1 20 12 21 21 22 26 2 29 0 14 29 9 28 18 23 21 23 0 21 27 1 4 7 0 16 20 13 5 5 4 5 28 25 12 24 20 28 23 26 19 17 28 11 29 2 25 7 15 2 21 11 22 25 
23 28 30 24 16 29 20 22 2 3 25 13 8 23 19 29 17 25 13 17 10 7 5 1 23 11 30 3 28 10 18 4 4 8 1 6 0 29 20 6 21 5 11 14 5 8 12 5 14 12 20 8 22 25 20 17 29 15 21 28 3 8 26 17 26 30 
10 29 13 10 0 4 26 24 25 7 9 30 17 7 3 12 9 28 9 13 19 23 8 10 14 29 16 17 3 25 5 27 13 5 8 3 1 25 4 30 24 5 7 2 28 3 14 14 10 28 2 30 11 8 11 19 11 21 28 18 12 27 30 26 9 26 
0 13 28 16 25 23 2 27 27 6 26 2 12 1 30 11 30 25 0 7 17 13 10 11 16 14 20 23 10 29 7 11 20 6 5 28 10 6 3 4 18 9 1 14 24 14 7 11 26 19 5 12 22 2 28 20 12 17 14 29 24 27 3 12 12 25 
30 4 22 22 27 13 10 29 9 21 22 11 21 25 27 19 0 15 24 29 19 22 18 5 29 8 8 21 27 5 5 24 30 16 3 15 7 25 15 3 3 18 12 30 21 27 28 11 6 22 1 15 14 10 8 26 20 27 28 12 19 10 4 18 5 2 
1 6 29 3 29 24 10 26 23 28 19 3 17 5 19 6 7 11 29 8 27 9 25 2 20 30 5 12 3 16 13 21 2 14 29 9 21 6 12 29 17 25 18 12 2 20 3 22 23 30 1 28 30 11 25 10 30 2 22 18 0 21 5 19 8 28 
25 26 4 21 7 25 24 27 12 4 25 25 10 30 8 8 0 21 13 3 4 4 26 10 3 23 20 22 28 27 15 16 9 4 24 2 13 29 25 24 14 4 22 13 14 18 9 30 19 20 20 2 20 29 9 20 12 29 1 2 24 29 25 8 28 15 
25 28 12 21 26 10 24 28 8 23 12 9 28 1 8 16 8 27 20 14 17 0 19 15 7 26 18 23 13 29 11 1 22 27 11 23 9 8 11 29 9 2 10 13 26 10 9 6 24 14 0 22 0 1 14 17 5 12 12 27 29 23 5 3 20 1 
8 23 2 10 18 6 23 28 3 29 7 14 12 11 7 18 13 16 0 27 2 8 25 11 8 25 19 6 10 20 29 2 19 1 2 6 28 20 27 4 12 18 1 12 27 6 10 26 18 5 18 18 8 10 20 22 11 10 0 16 22 4 14 20 23 1 
21 4 1 14 16 5 10 18 13 26 11 21 11 26 18 9 21 21 13 15 24 14 29 5 2 12 16 10 9 13 27 23 24 19 5 15 19 8 7 25 13 17 5 6 3 21 0 5 7 2 0 22 25 6 15 25 3 30 26 22 29 14 12 9 23 4 
8 15 7 27 18 0 17 29 23 4 5 28 1 19 4 3 6 9 1 7 4 2 1 30 20 28 29 19 24 29 28 27 17 20 9 16 3 8 18 10 16 12 24 7 2 12 3 24 17 1 7 11 26 2 15 3 11 1 19 1 13 15 13 27 10 27 
