7
8 26 21 23 23 26 30 3 6 1 12 5 25 7 23 9 10 0 15 17 18 5 10 21 20 15 14 29 7 7 14 28 29 27 29 11 
21 20 19 18 20 13 10 2 7 29 5 21 29 29 28 21 10 5 8 11 20 13 4 15 3 22 30 6 12 22 9 18 17 12 6 6 
1 25 29 24 26 22 3 30 0 14 4 9 4 14 13 23 13 16 13 27 5 21 7 8 21 4 28 7 19 15 4 22 12 25 10 11 
6 28 30 20 20 29 28 7 21 30 21 16 27 9 13 14 14 0 28 11 28 19 15 5 29 27 9 20 24 5 2 29 18 6 0 14 
13 20 26 3 3 23 28 11 28 12 11 6 28 27 26 0 19 4 29 12 8 26 29 27 0 30 0 6 15 0 12 8 1 11 13 4 
30 4 21 2 30 22 16 18 21 25 2 7 26 21 4 23 17 18 18 23 14 11 22 25 14 30 24 24 9 19 3 26 28 18 0 27 
4 4 29 10 23 2 20 22 10 4 2 4 2 0 9 21 7 23 8 12 24 16 11 11 20 25 5 15 12 11 0 30 27 30 6 1 
11 19 12 17 24 9 19 22 20 30 0 2 20 16 20 12 26 13 18 13 23 14 3 3 1 7 18 0 26 27 30 8 27 28 25 18 
24 4 1 12 24 9 24 24 18 0 14 0 28 2 14 0 22 16 24 1 15 24 3 9 13 25 17 2 24 30 14 19 6 25 4 12 
26 14 24 20 27 26 28 6 29 15 19 25 9 22 25 25 4 8 5 8 26 22 30 8 0 13 9 3 27 20 17 7 6 20 28 13 
21 21 2 0 7 12 19 22 25 4 21 9 0 3 9 24 16 0 8 12 25 4 29 20 5 21 1 11 2 16 26 22 26 29 15 6 
12 16 8 7 21 23 8 8 6 2 11 12 7 13 25 9 6 9 26 13 29 26 8 11 4 12 10 5 2 3 14 0 26 7 15 12 
18 17 20 23 11 21 26 6 2 29 7 28 2 15 29 3 17 5 12 25 22 29 20 24 25 27 6 27 6 12 21 28 18 27 29 28 
27 4 2 1 21 8 4 2 4 0 21 1 8 1 9 6 3 6 4 6 19 0 10 16 20 27 16 22 14 2 11 3 15 6 12 30 
