10
1 25 1 12 30 30 20 15 10 20 4 16 7 5 24 23 9 27 4 15 3 10 21 29 22 1 27 0 5 10 20 5 23 7 0 6 12 1 1 21 17 19 23 23 24 4 22 25 7 21 1 18 14 1 11 6 24 15 15 0 29 24 6 0 6 1 
3 24 13 8 22 25 7 4 12 20 12 1 6 2 21 9 1 13 28 19 17 13 27 3 20 14 4 2 7 29 19 4 27 24 5 21 0 11 8 2 19 19 25 9 29 28 4 15 13 30 4 19 7 11 13 12 21 23 25 29 6 29 28 9 17 18 
8 29 13 20 4 22 7 6 19 5 20 28 20 27 19 0 21 29 29 28 9 27 2 24 13 22 25 30 2 26 26 1 8 4 26 30 23 12 23 17 5 3 15 13 8 16 13 22 20 22 26 24 24 27 25 21 28 10 21 5 15 23 30 18 20 4 
18 2 16 3 17 4 15 21 30 13 23 29 29 29 8 25 29 24 3 3 5 29 19 23 1 11 21 12 16 11 13 1 8 8 28 8 3 14 25 24 20 30 27 22 9 19 20 20 16 1 9 27 10 20 27 11 26 16 21 12 10 22 13 5 24 25 
20 18 10 17 19 7 29 26 14 9 25 22 24 0 6 18 18 1 23 8 27 17 1 18 12 10 14 9 22 28 9 11 14 11 11 17 19 25 22 15 11 7 15 12 11 29 7 12 20 6 26 19 9 3 13 10 2 2 12 4 1 19 9 19 13 23 
18 2 23 6 20 13 7 8 30 17 19 20 24 6 15 9 30 4 13 5 0 26 14 18 15 16 7 27 6 15 13 20 5 1 14 14 17 20 5 18 8 20 21 17 28 2 15 29 29 17 30 29 10 28 22 4 30 24 1 1 21 11 9 30 0 22 
18 12 23 8 21 29 22 26 16 14 4 23 11 30 18 11 5 22 0 2 28 24 1 7 8 13 30 1 20 15 0 13 13 13 17 14 21 9 14 14 28 28 23 13 27 16 4 6 26 1 30 12 6 21 28 4 7 23 6 29 22 18 4 23 20 24 
10 19 21 8 30 19 6 13 2 21 18 12 24 16 11 29 12 6 4 1 10 10 12 1 17 14 30 10 22 29 8 22 18 9 23 19 30 20 22 3 12 17 25 5 16 17 8 7 19 28 10 16 17 21 8 1 11 24 5 27 12 21 25 22 10 20 
29 16 28 26 28 6 7 2 17 20 29 13 30 26 22 8 21 4 26 19 8 10 18 2 19 13 19 15 14 25 23 10 9 26 12 8 12 12 4 17 4 1 23 26 0 8 19 24 5 0 26 30 23 5 29 1 21 15 9 22 21 9 3 0 23 23 
26 25 21 18 12 11 25 21 2 25 26 0 27 10 21 8 8 23 23 5 6 6 28 28 23 22 20 11 12 0 23 8 28 17 13 28 19 9 16 4 23 26 14 9 29 7 22 30 4 17 30 4 10 0 8 0 14 0 23 3 20 9 3 30 28 12 
29 1 29 22 30 25 27 5 30 16 7 3 7 1 10 5 17 19 0 0 2 27 6 28 18 17 30 15 15 30 3 20 5 1 12 3 3 27 6 23 3 26 26 11 12 19 26 4 5 28 16 7 17 4 4 6 29 2 4 16 18 13 3 21 3 27 
22 8 12 4 27 12 30 13 30 15 1 0 24 12 22 3 5 28 1 18 29 18 18 7 25 3 17 30 18 5 10 22 6 18 10 9 9 24 6 25 16 11 19 9 25 22 5 25 21 21 18 2 4 2 25 30 16 18 16 19 7 26 26 19 15 11 
11 17 23 5 17 24 17 9 18 19 1 18 23 14 1 23 4 11 4 7 25 21 7 7 0 17 16 2 11 25 21 2 18 6 2 23 21 17 26 18 4 2 27 2 11 24 5 6 30 27 3 14 20 8 11 13 2 19 28 30 30 20 17 11 1 30 
14 27 27 8 25 15 0 11 1 26 2 20 3 6 14 18 30 15 4 4 14 10 13 12 8 14 4 2 7 10 21 5 30 26 20 24 13 28 23 17 25 12 8 9 19 23 0 20 16 29 23 7 7 21 17 14 16 17 8 2 22 1 21 29 21 1 
9 13 14 17 6 6 10 14 14 14 26 8 8 7 26 22 23 10 29 1 3 19 26 5 13 6 21 6 27 29 25 8 4 8 12 27 12 25 2 14 3 13 20 9 0 14 30 13 23 28 20 19 3 17 18 8 15 28 18 17 0 0 4 22 10 25 
13 6 19 21 8 3 23 13 9 7 30 0 25 16 27 6 13 12 1 18 4 11 6 8 23 9 4 29 27 9 19 18 20 4 18 23 23 19 26 27 5 28 22 11 3 18 28 23 10 2 18 29 13 15 26 20 14 21 23 4 20 17 24 13 2 10 
6 0 14 29 27 21 11 14 22 4 4 19 25 5 10 8 0 30 15 15 7 11 21 16 0 16 24 20 14 23 27 7 2 0 21 10 5 26 9 10 5 15 14 18 26 1 15 27 17 15 4 2 10 14 0 26 5 25 14 15 0 28 23 21 4 13 
25 28 7 7 8 4 29 7 4 11 7 29 23 6 13 11 14 28 22 17 12 15 4 3 18 29 26 2 0 30 26 4 9 17 2 3 0 25 9 28 16 23 23 6 14 26 18 19 4 5 6 1 14 28 6 13 6 5 12 11 9 26 27 21 2 27 
14 14 25 7 1 8 30 0 25 23 26 11 11 7 26 26 7 8 20 1 17 19 5 6 16 29 18 23 7 25 13 26 12 8 29 10 27 15 11 5 20 20 9 29 14 4 0 17 28 4 7 13 14 20 28 30 2 19 5 26 15 22 24 7 26 11 
3 11 29 19 17 24 18 18 11 6 20 24 21 1 8 17 17 28 14 2 18 22 7 29 17 13 29 11 12 22 27 1 29 17 28 26 2 13 25 20 6 1 30 1 30 12 25 28 13 27 4 17 23 17 6 16 15 3 6 27 4 27 2 16 8 19 
