12
20 29 24 2 20 25 10 16 3 12 5 11 25 9 6 23 21 6 28 2 12 4 22 25 22 6 22 22 7 6 26 16 16 21 25 27 5 14 8 18 3 14 17 2 9 8 7 10 24 19 0 6 12 29 29 1 0 5 6 6 19 2 6 27 4 23 7 14 28 16 23 16 10 10 19 1 14 18 28 18 1 17 18 8 27 11 3 25 19 11 2 
0 10 29 3 7 29 1 22 21 27 13 12 23 9 13 27 26 26 24 8 21 11 30 13 29 11 22 20 11 22 22 1 26 11 21 1 12 28 8 2 6 4 22 14 8 15 23 18 10 19 0 19 12 7 9 21 9 28 7 2 28 0 29 17 14 20 13 28 25 13 4 27 19 6 22 21 19 4 1 3 2 21 1 20 3 1 23 8 5 24 12 
1 22 18 27 29 10 16 21 4 16 30 29 13 25 3 15 22 23 4 12 0 1 3 4 1 24 1 24 6 2 10 16 14 0 1 9 23 26 17 3 28 15 19 17 27 23 17 27 21 13 22 24 19 27 30 30 15 30 11 21 12 17 5 22 26 24 21 5 22 23 6 5 14 7 9 30 11 10 9 20 18 23 22 13 14 14 16 15 7 11 8 
27 26 23 12 7 25 3 3 20 18 15 0 2 5 3 11 16 16 7 30 12 24 8 3 4 12 30 20 8 27 16 22 26 27 25 7 6 8 15 17 11 23 22 28 2 23 10 22 25 7 20 25 5 11 11 16 0 7 25 22 11 8 16 0 27 7 25 28 13 30 17 0 21 13 2 17 6 3 10 23 22 29 11 7 13 10 6 0 19 6 10 
5 23 20 10 17 25 1 8 6 14 10 19 24 14 8 19 25 23 28 2 8 25 11 26 5 22 10 1 28 15 17 2 18 28 19 23 2 9 16 26 14 4 4 20 19 12 26 18 21 2 14 2 27 2 25 19 27 28 17 19 6 9 30 24 12 13 12 15 15 3 23 4 16 8 18 9 2 28 23 3 10 28 23 15 25 0 29 0 9 17 3 
14 20 8 29 23 14 7 29 17 10 17 19 16 5 24 25 26 24 2 6 20 4 2 25 29 20 15 27 1 28 27 18 19 29 2 13 6 15 27 20 27 17 22 27 20 11 16 29 10 17 1 26 16 25 29 8 13 15 25 7 16 11 8 25 1 16 4 19 27 26 10 22 18 19 13 26 3 14 23 12 20 5 9 14 23 20 7 6 30 6 27 
6 26 16 20 13 12 14 1 30 23 13 25 5 20 22 29 9 27 14 22 3 11 15 27 11 18 5 12 28 6 9 16 22 18 15 22 7 10 6 17 11 28 16 4 26 15 7 23 17 14 10 17 24 21 13 27 13 7 0 17 28 20 2 21 5 6 25 2 18 19 15 16 18 6 28 23 25 5 30 10 24 3 29 20 15 20 10 26 0 12 2 
28 28 18 30 4 19 30 16 3 11 4 6 20 5 3 16 25 10 22 27 7 7 5 21 28 6 23 4 19 23 27 16 4 21 18 29 30 22 24 10 12 18 19 19 18 3 26 28 3 29 26 26 22 13 16 25 12 6 6 20 28 14 17 23 13 24 5 10 9 29 14 17 9 23 7 4 29 6 24 13 11 0 2 11 16 16 2 27 9 22 8 
27 29 17 14 1 4 30 20 5 14 14 5 17 17 2 20 22 0 3 7 3 11 7 11 3 10 19 6 23 21 26 30 8 1 1 7 23 18 9 0 3 28 6 27 5 2 22 28 2 15 3 15 18 11 1 11 27 10 20 4 3 25 14 16 21 3 24 0 11 27 18 13 5 26 26 22 12 14 0 12 27 1 26 30 7 4 18 9 21 19 18 
21 22 21 17 1 29 2 5 8 30 8 20 27 9 25 9 14 18 20 27 5 24 25 6 5 11 15 20 0 18 29 17 14 25 9 5 1 22 0 6 13 22 2 16 19 22 8 11 5 10 9 21 15 19 22 22 3 17 8 19 9 27 16 4 19 0 14 17 8 8 28 8 13 9 19 27 6 1 20 19 14 30 18 29 2 16 12 14 9 23 13 
18 28 1 14 6 20 21 12 11 0 26 8 0 17 0 27 20 13 11 1 24 23 16 7 24 20 4 2 19 0 14 21 25 8 21 23 1 17 16 15 16 8 2 1 2 16 13 27 12 4 26 0 28 6 18 12 26 17 12 30 22 16 6 17 8 9 19 3 22 25 9 27 26 17 30 4 0 7 9 22 21 23 19 19 15 18 30 9 13 29 16 
10 15 6 27 22 6 6 2 12 16 25 29 16 23 7 20 30 5 8 7 6 19 25 4 12 7 29 21 3 12 21 24 24 11 23 24 10 20 10 6 15 1 19 4 11 26 6 19 4 22 23 25 11 16 27 5 2 26 19 18 18 28 12 1 26 22 0 0 28 4 7 26 3 20 21 26 5 18 21 8 7 11 21 23 18 1 16 9 4 28 5 
13 17 23 2 13 27 5 11 5 17 30 16 10 13 20 12 0 11 5 25 7 20 13 7 14 20 25 28 0 24 22 23 26 18 5 15 14 15 9 20 9 27 19 11 22 30 25 24 17 28 18 25 11 27 19 30 26 14 21 29 7 13 22 9 9 16 14 24 16 7 19 19 8 1 29 6 5 25 20 28 15 6 16 19 12 5 9 30 4 23 15 
25 6 12 2 5 10 3 29 20 9 24 28 6 28 11 13 14 30 20 4 22 9 29 15 0 18 21 6 9 3 23 19 26 11 13 27 3 15 9 16 14 20 12 19 20 12 9 4 14 0 14 25 21 29 2 23 14 7 11 24 20 23 14 9 24 25 22 10 18 9 19 20 9 24 0 3 7 20 23 22 27 21 30 29 5 30 14 30 4 21 21 
22 2 15 22 18 18 5 14 11 12 0 1 1 5 9 0 6 1 4 19 12 0 2 9 23 26 17 21 0 12 30 0 27 5 7 28 18 5 0 30 7 1 11 27 15 18 14 18 24 13 3 0 16 2 24 16 11 27 16 3 19 11 23 28 14 28 23 3 11 19 28 25 4 7 20 7 0 8 27 15 4 9 7 4 14 10 3 22 0 16 17 
25 21 27 22 16 14 17 27 13 11 25 8 19 18 7 28 17 3 4 8 22 8 11 29 7 22 28 7 5 27 27 28 6 17 15 14 30 30 9 12 14 17 21 29 24 7 12 30 14 15 14 21 25 2 29 8 0 4 21 20 10 27 7 22 18 8 20 4 14 28 19 4 8 26 17 26 7 1 3 18 12 7 11 19 28 25 1 1 4 16 9 
13 21 23 7 3 18 26 11 25 26 26 27 5 18 27 9 16 9 10 25 0 5 11 13 19 0 15 19 15 1 7 6 12 20 12 26 11 26 3 24 14 5 22 17 1 7 19 17 12 17 15 13 4 28 20 24 2 16 20 10 27 0 26 25 19 5 9 16 26 22 28 15 14 24 29 17 17 0 25 30 7 1 9 16 11 8 11 23 1 10 27 
27 4 4 17 6 30 21 20 12 26 16 16 4 25 24 6 2 13 15 0 30 3 1 16 26 11 20 26 6 12 14 21 0 9 26 12 25 1 22 7 20 16 4 18 9 18 28 28 1 12 24 24 24 1 26 16 19 21 18 8 9 20 3 14 1 20 22 30 24 2 27 27 14 15 12 27 16 16 29 2 18 28 4 2 18 6 12 0 18 27 17 
30 17 18 4 15 14 20 3 14 28 13 13 26 22 19 0 24 5 8 3 5 9 3 2 30 26 2 14 6 21 1 20 20 9 18 15 0 30 6 12 17 16 9 22 0 7 1 9 30 21 19 16 27 4 1 29 29 22 23 17 10 28 25 16 13 13 23 10 9 29 4 14 26 20 15 20 27 29 10 10 3 26 3 12 8 30 12 4 28 10 18 
30 19 1 27 17 9 28 22 1 7 7 23 10 19 27 17 27 18 30 17 23 24 26 11 12 24 21 21 16 19 24 13 1 14 12 8 1 26 1 12 12 22 4 27 22 20 10 4 9 20 10 17 13 5 15 2 18 20 2 25 5 16 15 22 13 25 19 14 17 23 12 20 13 22 20 12 14 25 20 23 17 1 20 6 5 10 8 14 11 16 14 
16 15 28 24 7 9 26 22 26 8 24 17 0 28 7 8 19 12 0 23 6 21 0 13 7 17 6 23 2 2 30 9 1 9 24 9 9 25 25 21 21 21 29 23 9 12 8 18 20 1 29 10 15 18 10 12 10 24 13 4 22 10 16 21 28 19 13 10 29 18 24 0 11 14 7 19 8 30 1 13 25 19 7 19 6 2 30 9 27 20 20 
20 17 5 23 7 4 24 28 4 11 28 7 0 25 21 26 26 13 18 28 30 6 11 17 20 23 22 24 0 18 16 10 30 0 5 22 26 10 8 28 22 27 19 23 10 9 1 24 29 13 8 11 19 6 10 30 30 4 19 6 24 30 7 22 24 13 15 25 3 9 14 17 27 25 21 27 21 29 21 27 13 3 27 17 13 27 27 30 24 15 23 
2 17 19 5 23 9 30 21 28 14 28 23 7 19 22 4 3 28 14 20 13 26 3 20 6 9 9 15 29 28 1 22 30 20 19 16 5 12 5 9 1 2 10 28 15 1 14 0 25 19 26 2 15 25 1 22 23 15 1 15 19 21 9 26 22 25 20 30 15 13 14 14 22 3 1 28 14 20 12 26 1 23 21 10 10 28 1 16 10 7 20 
22 23 25 27 23 8 12 7 19 28 2 12 18 19 14 16 6 19 19 5 26 18 3 5 2 27 18 9 1 10 3 10 25 7 0 21 12 9 12 5 26 18 28 14 16 0 7 8 9 8 1 14 17 6 5 3 5 19 25 17 26 23 13 25 26 12 13 7 1 12 26 4 12 28 2 21 6 14 16 2 29 19 25 3 29 10 7 17 21 7 7 
