7
24 25 8 27 5 8 16 5 12 20 10 27 12 3 22 27 30 14 16 5 17 8 29 15 27 28 22 22 1 16 1 8 28 17 8 19 
2 26 7 28 27 18 24 22 23 2 26 8 14 21 0 30 2 13 0 4 2 26 13 11 11 13 21 15 16 11 16 1 4 25 24 20 
17 27 5 16 1 10 21 30 30 21 13 12 22 22 24 18 2 17 3 23 3 1 12 21 26 14 11 19 24 14 19 26 7 3 17 16 
10 12 19 24 4 4 23 27 6 27 7 27 8 8 6 6 17 21 14 2 25 24 26 6 12 24 11 26 7 15 22 25 14 26 10 13 
26 6 29 16 25 28 7 0 4 29 26 16 15 22 1 25 30 1 19 1 10 16 30 24 16 0 6 7 27 23 18 0 16 21 2 20 
12 8 28 12 5 4 26 24 11 5 5 9 12 6 15 8 19 16 27 1 27 25 12 3 17 23 8 13 14 12 18 21 19 26 13 13 
3 6 13 18 23 21 22 28 0 2 10 7 22 8 9 16 19 14 15 1 27 18 26 29 5 21 18 3 13 23 21 10 28 14 28 1 
9 19 16 5 0 18 14 6 21 6 5 3 19 18 26 21 5 1 12 21 1 26 26 28 20 19 9 7 5 14 10 26 6 21 23 0 
21 4 25 23 11 15 26 0 2 2 18 23 27 23 21 12 7 7 25 0 19 27 20 9 23 4 25 0 30 12 24 22 18 26 11 9 
20 22 21 3 18 23 29 21 21 26 29 6 30 10 22 0 8 17 30 21 15 20 4 23 3 30 7 1 2 13 30 19 21 20 13 12 
5 9 30 2 14 4 20 23 3 10 23 3 28 28 14 8 27 14 18 30 1 28 16 9 14 8 4 12 3 3 29 15 24 5 19 30 
23 11 0 18 11 3 9 12 10 17 16 15 27 0 22 13 26 11 21 10 29 2 2 11 17 26 8 16 26 28 21 24 2 3 9 7 
5 25 8 30 26 17 1 10 15 21 13 11 9 21 8 27 19 28 5 3 17 1 16 11 10 13 13 4 14 7 3 21 22 20 11 28 
29 9 29 28 14 10 5 21 4 2 19 14 3 24 8 4 28 19 30 7 5 13 17 27 6 25 10 17 3 15 9 9 7 2 29 28 
