12
18 18 20 30 14 0 9 19 4 11 3 9 18 26 15 23 12 16 7 17 20 30 2 16 17 21 23 16 20 10 19 4 27 25 16 22 26 24 10 24 15 30 23 3 5 18 30 17 11 17 14 14 1 18 1 4 28 28 7 21 24 7 2 29 17 28 2 14 6 3 25 13 5 0 30 29 1 30 23 11 4 27 19 26 27 26 27 23 10 27 19 
11 12 28 5 16 14 28 21 10 13 1 8 5 28 29 5 26 2 11 27 5 23 26 6 23 8 18 28 0 29 18 29 6 18 18 19 20 13 30 21 5 26 16 28 11 30 11 14 22 25 0 24 10 0 20 10 11 30 21 30 1 16 27 2 7 26 5 22 7 25 26 21 30 3 23 10 15 4 20 7 6 15 21 19 5 13 30 16 7 7 30 
17 18 1 5 1 13 24 25 29 7 5 12 9 0 30 27 23 10 24 21 1 29 19 27 10 23 3 21 1 0 16 27 30 0 1 23 15 28 17 17 24 17 8 10 5 25 22 6 27 18 24 29 21 14 11 10 30 27 3 4 21 9 13 13 15 9 26 13 29 23 15 25 15 9 4 13 1 27 30 1 23 14 22 27 3 16 7 12 11 23 27 
3 1 21 23 8 23 12 24 19 18 20 23 28 28 29 23 9 16 9 22 0 1 1 12 28 8 24 25 11 21 28 7 2 8 17 19 21 20 20 26 6 12 28 6 28 8 9 26 23 26 12 26 28 6 25 20 19 26 1 1 30 2 2 18 25 4 7 12 3 18 20 11 4 3 5 15 2 18 24 9 9 29 1 9 17 6 4 20 12 26 11 
1 19 28 9 15 17 3 13 20 3 4 20 7 16 29 4 5 23 13 15 11 10 12 20 16 24 6 30 16 0 5 7 6 1 29 1 22 18 19 21 25 30 4 29 27 14 21 29 25 28 25 3 15 30 15 7 1 26 20 6 11 12 11 9 8 5 30 8 11 23 26 28 25 24 24 4 24 12 8 0 23 11 10 27 12 4 22 16 30 4 8 
22 28 3 24 0 16 22 19 20 28 3 19 18 23 1 16 29 30 16 29 18 13 24 13 0 26 29 3 8 23 0 11 23 14 0 26 26 21 27 21 22 14 13 10 18 12 23 4 7 11 12 20 18 2 22 10 14 0 25 16 21 25 3 19 30 4 15 13 25 5 3 22 28 19 29 18 15 21 22 25 17 3 6 15 12 0 28 19 16 16 7 
28 15 2 4 20 26 5 7 29 22 17 12 17 13 13 3 16 18 30 29 22 8 4 17 25 22 1 23 20 30 27 18 21 26 16 13 26 25 21 9 20 20 26 28 6 28 22 19 15 22 11 29 1 21 9 7 25 10 26 8 29 16 19 23 1 19 26 9 25 26 4 4 2 19 15 2 11 2 26 28 0 27 13 9 14 26 14 1 8 7 24 
6 24 12 10 27 12 23 13 6 12 25 2 23 14 18 6 15 20 26 14 7 0 6 21 11 11 17 27 27 17 18 21 24 21 6 14 30 8 1 25 29 29 13 12 17 13 26 5 16 0 3 25 5 10 2 23 2 4 24 30 11 10 9 25 24 11 12 28 1 29 5 19 14 9 22 6 27 22 30 16 24 12 14 4 7 18 10 6 6 12 21 
15 16 9 23 10 28 2 11 16 26 17 19 27 4 18 12 26 3 30 15 10 0 1 30 8 17 4 21 20 19 15 28 22 25 20 19 19 10 28 21 6 22 10 12 30 0 1 21 4 2 6 4 16 5 20 27 8 12 1 21 11 26 1 19 13 26 13 7 5 8 2 29 20 16 16 12 0 29 24 30 30 24 13 28 0 18 18 6 9 8 27 
19 16 6 25 10 23 5 13 3 5 2 0 19 15 19 0 3 27 18 25 26 9 14 19 19 28 4 3 28 27 18 10 9 21 27 18 19 5 29 7 22 13 28 24 9 20 3 30 1 8 25 4 11 17 5 6 3 3 30 25 30 24 8 8 19 18 28 27 1 1 13 5 29 21 30 22 29 1 27 27 18 2 2 26 22 4 14 8 11 3 5 
21 7 5 21 19 17 28 16 4 12 2 26 29 14 19 7 29 21 15 20 8 13 29 17 28 16 18 29 15 10 21 11 16 10 30 11 10 22 27 22 27 18 7 19 5 18 13 6 12 2 4 7 23 20 28 14 26 7 2 9 23 0 15 11 28 17 29 23 19 0 11 29 26 1 15 11 4 24 15 24 10 19 29 24 8 1 1 24 23 4 30 
1 19 9 11 24 10 15 4 0 0 29 3 20 29 8 25 1 21 25 25 12 16 16 25 29 1 9 1 7 29 20 16 25 2 18 18 8 5 22 4 30 19 13 29 8 26 2 7 12 0 28 17 3 0 21 30 8 0 21 12 8 22 6 29 10 19 24 30 26 30 1 2 14 22 29 12 16 27 20 2 17 17 30 9 4 8 3 21 21 16 29 
7 14 4 17 1 16 1 2 5 9 5 9 24 20 9 13 8 29 20 9 28 30 22 22 9 29 13 22 28 14 9 3 30 7 2 10 7 4 4 7 6 1 4 12 8 21 0 19 21 25 18 8 24 3 22 18 6 29 5 6 1 30 22 29 2 20 3 1 9 10 7 10 10 1 16 6 26 16 3 22 10 2 26 5 4 23 28 9 4 24 27 
11 24 22 17 20 29 26 8 12 20 24 14 10 11 4 29 5 4 11 26 8 20 0 20 19 3 11 20 4 2 15 0 6 24 14 15 26 30 11 19 9 18 23 19 19 12 5 5 16 19 5 21 3 26 25 10 27 12 27 18 24 4 15 26 15 1 10 18 6 9 18 23 10 17 9 17 12 18 6 30 29 21 19 4 5 24 14 23 1 30 13 
28 7 15 5 23 2 24 17 29 23 12 18 21 3 20 11 15 18 5 25 17 14 18 2 20 29 22 12 8 10 4 29 24 18 28 20 4 18 11 10 16 18 30 23 15 24 1 19 6 16 16 9 15 0 15 3 16 28 1 25 11 16 11 11 6 20 11 0 26 8 23 16 1 25 28 14 7 0 21 20 8 3 12 17 23 24 26 24 29 18 27 
11 2 23 11 8 7 21 14 6 5 27 11 25 3 9 6 13 19 16 8 6 23 1 27 19 22 27 4 10 23 30 10 29 7 5 20 21 5 2 2 2 14 17 1 11 14 7 22 19 12 23 24 16 4 14 8 20 28 20 2 24 10 25 19 2 21 18 13 25 13 1 12 17 16 11 6 12 15 25 9 26 18 4 5 1 13 3 11 15 19 5 
3 8 17 15 25 16 25 29 28 16 18 8 8 19 10 8 24 0 20 13 8 3 9 17 17 24 21 12 16 27 3 10 26 3 10 12 18 0 1 19 17 21 21 30 5 4 20 27 4 13 10 28 30 25 17 25 7 19 24 17 12 5 0 1 14 15 12 8 2 15 9 12 10 2 14 22 27 5 28 14 16 25 21 4 9 11 10 14 26 30 17 
12 5 11 10 29 11 6 0 0 14 12 8 14 4 8 13 4 7 1 20 1 25 18 4 4 8 28 3 24 23 20 0 21 21 16 10 6 4 19 4 8 16 27 14 26 15 28 1 16 4 30 30 12 4 23 13 12 6 20 1 4 14 24 18 13 28 22 9 24 0 30 6 14 5 4 9 7 20 0 28 18 4 27 22 8 16 5 28 27 4 24 
23 30 21 15 15 6 0 7 28 13 22 23 29 25 13 19 17 19 22 26 5 4 12 1 16 6 14 29 29 4 13 28 26 4 13 9 7 25 28 7 20 4 11 3 1 6 14 24 9 0 8 2 17 0 5 10 8 23 25 6 3 8 12 10 8 5 1 18 2 30 20 2 1 19 11 30 1 19 1 11 6 7 20 18 2 16 26 11 9 1 8 
4 7 29 14 8 16 2 13 16 10 30 26 17 12 9 2 1 3 27 10 22 5 25 30 28 13 2 5 7 13 24 22 6 27 17 30 27 25 14 23 6 27 10 14 15 5 25 11 3 18 29 3 18 28 20 5 4 8 28 7 24 26 26 19 16 14 29 21 22 13 24 4 1 2 4 24 6 16 9 14 5 4 13 29 7 2 27 21 23 17 23 
11 16 28 9 23 9 24 20 19 17 6 24 19 0 19 5 18 18 11 15 8 10 7 28 12 15 19 0 23 26 30 2 12 12 11 28 11 25 12 11 16 12 27 19 9 19 14 16 13 5 12 16 23 27 7 30 2 9 11 2 15 2 22 8 23 27 15 13 18 5 10 30 24 6 8 19 22 3 23 1 1 0 15 29 21 6 15 18 14 7 20 
3 15 12 29 27 16 1 12 17 23 14 15 19 3 26 17 19 29 11 16 24 9 20 19 14 18 0 24 10 24 1 25 20 5 11 9 0 13 18 1 12 6 2 1 0 18 26 27 7 14 26 15 21 23 12 11 18 26 28 8 14 22 23 8 29 14 21 23 25 13 23 0 17 20 25 15 25 17 23 5 29 6 18 17 18 25 15 24 9 22 24 
6 29 9 25 26 6 15 10 10 18 24 28 13 4 5 1 3 22 5 9 16 26 23 21 21 19 4 7 9 22 15 22 7 29 22 10 1 21 22 19 20 23 22 28 30 30 11 5 15 14 18 4 2 16 20 7 21 24 26 7 19 19 29 22 15 13 10 27 20 21 1 27 27 2 7 18 16 16 15 12 10 1 23 6 5 23 25 30 7 15 30 
27 5 4 30 4 11 2 10 9 9 27 14 24 2 17 21 26 4 1 13 7 21 29 18 13 27 16 14 17 12 13 23 10 9 1 10 17 7 28 13 25 28 18 5 25 3 27 0 20 19 29 5 19 22 5 28 15 10 3 3 30 4 2 29 28 5 5 15 25 13 29 18 16 12 25 2 2 30 26 7 11 12 22 14 8 11 15 24 25 18 2 
