11
24 7 10 7 19 10 3 24 24 6 13 17 3 13 9 7 13 29 13 18 26 13 21 9 23 26 13 4 30 3 23 26 29 13 22 22 21 9 20 5 25 4 19 6 25 7 7 16 17 19 20 13 4 10 10 19 10 19 23 12 14 19 27 8 12 30 30 17 17 21 2 15 2 7 8 27 28 6 
15 7 25 22 21 7 27 29 25 19 13 9 17 7 0 10 3 10 23 20 19 16 17 9 8 20 22 11 22 6 23 14 18 18 29 23 4 7 18 20 21 15 10 4 1 12 3 14 0 1 29 11 21 8 28 30 6 16 14 9 20 3 22 14 14 30 23 18 12 16 10 15 7 7 30 29 10 13 
22 11 1 20 8 18 15 18 12 23 15 7 18 8 27 15 25 14 8 4 19 22 21 8 22 18 24 28 4 11 17 17 6 7 23 4 29 20 14 18 19 21 18 23 14 0 17 30 11 21 27 11 8 0 27 3 30 20 21 9 25 17 27 7 8 7 7 3 2 16 1 25 1 19 30 30 6 21 
25 29 27 6 9 3 22 2 18 21 18 25 29 9 27 6 1 26 19 24 0 22 9 9 21 7 13 23 19 9 29 20 6 26 30 2 18 25 25 27 1 25 1 19 9 8 9 3 4 24 28 7 4 27 1 16 5 27 21 26 1 10 4 5 24 7 10 0 11 5 25 4 26 3 1 8 26 14 
14 15 28 18 7 24 18 30 15 2 13 27 30 13 18 10 23 13 9 28 23 21 3 19 0 22 8 24 27 29 6 0 17 6 26 1 23 3 7 17 15 15 16 2 23 4 1 30 1 20 18 17 22 11 22 9 25 2 3 24 15 3 21 24 11 20 6 15 20 17 30 9 12 23 7 30 28 4 
21 17 0 26 20 6 0 24 15 9 7 3 0 11 10 21 15 0 27 28 23 1 27 19 9 0 27 30 29 5 21 20 3 0 15 11 30 3 19 2 20 28 1 27 7 19 19 27 25 1 4 6 10 9 20 15 19 22 30 11 20 14 17 30 0 2 5 28 19 22 5 17 12 2 20 4 30 10 
23 0 6 22 12 16 9 11 6 15 21 13 9 24 30 23 0 12 4 25 19 9 21 19 15 3 6 17 23 5 15 2 15 17 30 21 15 2 23 4 2 20 5 27 3 5 20 6 20 14 29 18 20 27 19 2 26 22 9 8 27 29 14 22 13 23 12 3 22 15 30 26 22 0 8 20 4 18 
13 13 4 24 5 25 17 24 16 4 30 29 1 5 28 22 7 22 19 1 7 13 13 1 14 9 23 17 12 0 30 18 3 23 23 25 24 7 25 19 28 8 18 24 9 14 1 18 27 6 26 17 23 21 13 18 2 8 27 14 16 9 24 5 27 18 8 21 12 26 9 12 15 7 30 29 25 27 
4 10 8 2 26 6 30 10 11 13 7 12 12 22 4 6 16 3 15 29 7 0 7 13 0 7 2 0 4 15 9 17 29 2 9 30 21 7 28 17 28 25 3 27 29 25 19 28 1 8 14 29 27 1 24 28 20 10 9 27 22 12 9 14 0 14 22 12 13 23 2 28 9 26 11 19 0 1 
5 29 24 20 23 23 17 17 2 4 22 15 13 27 1 13 30 11 22 22 17 25 26 4 1 7 19 26 10 5 25 25 6 27 20 27 2 8 25 22 19 20 1 12 25 10 5 10 17 12 12 7 16 28 25 9 7 2 10 27 7 14 15 12 29 20 1 27 27 21 8 22 18 9 3 29 25 5 
22 12 25 11 27 28 13 2 14 18 11 0 8 4 16 21 21 0 17 8 20 1 17 28 29 15 3 18 13 11 16 0 30 19 18 11 25 19 5 5 30 22 23 22 6 1 8 11 14 8 25 23 13 16 16 0 18 24 22 30 24 28 10 3 21 27 10 6 20 10 21 6 19 5 7 29 6 24 
8 16 15 7 21 6 1 26 11 20 30 23 17 19 3 1 17 18 8 6 1 21 24 11 18 0 28 1 28 0 6 17 27 9 19 5 6 23 15 29 13 7 12 0 9 1 15 21 10 8 3 0 21 11 8 27 1 19 17 6 18 0 14 0 13 9 15 14 8 17 14 1 25 23 9 27 14 23 
18 13 19 21 13 3 30 21 22 26 29 11 22 0 2 27 6 21 2 3 5 20 7 18 15 25 3 28 19 18 16 18 17 8 12 16 10 17 25 30 12 28 9 0 20 2 27 13 14 22 29 17 14 3 22 8 21 22 6 25 3 7 11 26 3 4 3 12 10 10 18 14 26 21 5 26 27 26 
23 7 27 27 6 15 17 27 30 23 28 15 30 28 22 6 17 9 13 3 1 14 12 17 21 12 8 18 12 24 20 20 20 6 1 23 5 17 12 21 24 15 12 3 18 13 24 21 25 22 16 27 14 25 7 3 3 6 1 13 3 27 18 3 18 14 1 2 0 8 22 26 17 23 9 10 17 13 
0 20 24 3 9 4 18 22 8 7 0 7 11 25 14 24 25 17 5 27 30 8 20 14 21 9 11 2 5 24 11 0 16 1 7 10 6 20 12 9 9 12 7 14 29 0 3 6 13 26 14 4 30 16 20 5 10 2 5 11 2 17 27 8 24 9 27 15 21 22 6 21 10 17 3 20 8 15 
27 2 11 4 2 26 17 22 1 0 0 24 4 28 9 8 10 29 14 23 1 3 1 26 2 20 27 12 23 19 27 11 23 23 23 7 28 9 6 12 7 19 26 4 2 27 16 21 13 3 13 1 2 8 20 22 26 15 16 20 2 0 20 8 0 1 0 20 4 7 9 2 24 26 28 0 0 27 
23 0 0 16 13 19 1 16 27 3 30 14 19 10 16 12 9 1 12 26 12 11 29 27 11 19 6 4 19 14 25 25 27 22 12 26 19 1 26 21 21 0 19 23 29 26 26 23 13 28 6 6 30 18 3 25 3 28 14 19 22 6 10 30 19 0 29 0 25 25 10 1 14 13 16 18 9 8 
29 18 26 29 6 2 28 5 10 27 21 17 2 22 18 19 29 29 1 10 1 19 4 22 25 15 25 8 13 9 28 28 13 1 1 2 7 22 22 2 13 7 26 29 11 30 2 5 30 26 19 8 4 8 21 18 11 17 18 0 27 22 17 30 21 4 20 29 30 27 10 10 12 5 18 14 15 1 
26 0 24 16 11 1 12 5 5 5 28 7 2 18 21 14 21 24 28 16 27 0 25 11 19 12 17 18 29 0 18 25 23 0 4 20 22 7 0 30 11 16 13 27 13 15 6 12 18 3 1 9 28 22 19 0 7 10 26 21 3 15 7 23 17 24 12 16 11 30 27 29 21 27 20 3 19 2 
16 22 2 29 30 4 9 15 3 5 14 14 24 27 14 28 0 7 28 10 28 13 3 17 11 9 25 13 14 9 1 22 15 12 20 23 12 27 10 12 5 4 29 24 16 21 30 21 13 1 5 11 5 11 2 2 11 16 26 16 26 30 18 30 27 21 14 28 3 23 2 24 26 5 22 15 7 26 
29 0 8 10 12 27 28 13 19 10 3 7 8 17 7 24 6 11 12 25 9 14 3 23 8 5 20 7 15 1 4 5 28 8 11 11 11 21 15 2 2 18 9 18 14 23 12 25 13 2 20 17 12 9 29 21 18 2 7 18 9 14 30 4 11 1 29 23 18 18 24 24 25 17 22 21 25 14 
1 27 24 30 8 23 7 21 14 27 16 12 2 18 0 28 16 4 15 5 11 14 21 8 1 25 18 12 2 18 9 14 2 26 16 17 3 0 2 6 13 0 10 22 7 9 26 14 21 17 4 20 19 16 5 26 29 27 24 17 19 1 14 17 1 20 17 25 8 21 15 11 29 0 8 10 23 26 
