12
4 20 10 12 1 22 17 3 7 7 28 23 20 22 1 29 9 5 21 18 30 15 9 9 23 5 1 20 9 9 27 10 27 2 18 14 12 6 29 7 7 12 19 3 8 14 24 30 12 26 28 27 22 22 26 30 13 10 3 26 7 17 20 6 9 6 5 0 26 13 27 22 5 23 8 16 2 3 5 15 13 18 25 26 11 4 3 18 10 22 24 
1 24 5 16 17 1 1 17 25 21 17 7 10 0 13 24 3 24 17 16 28 26 24 4 25 9 7 10 30 5 21 12 18 0 8 4 26 8 24 26 6 28 5 27 0 26 29 18 13 14 18 14 24 7 25 15 19 24 4 2 4 19 4 8 9 13 17 19 9 14 19 22 15 4 28 29 7 8 18 5 24 24 12 9 4 7 18 11 23 29 26 
17 15 24 3 11 3 3 2 0 16 14 19 4 10 24 6 16 21 30 18 17 7 7 24 4 24 16 14 0 7 2 22 8 30 10 13 18 9 17 23 8 2 26 21 30 8 12 22 30 26 10 25 6 0 16 9 18 9 19 12 23 7 23 15 22 13 14 14 20 3 29 9 27 5 6 27 25 22 15 17 27 23 0 5 12 6 26 28 8 29 9 
5 24 21 24 6 16 22 22 6 6 3 3 5 5 29 19 0 30 4 8 15 13 21 27 6 17 27 11 11 27 14 5 21 7 25 7 28 6 9 29 0 9 10 23 4 17 8 8 3 21 21 5 21 21 8 16 0 2 17 12 4 26 6 8 3 9 4 7 1 4 27 11 1 23 2 17 0 23 7 13 17 0 14 14 17 9 16 1 11 1 9 
29 12 13 24 14 11 21 5 7 24 12 1 25 21 1 16 29 11 17 30 29 21 0 21 5 8 26 26 3 11 7 27 12 11 16 29 26 2 6 8 16 8 7 26 0 29 10 12 1 26 7 28 7 25 1 12 30 26 15 21 19 24 10 2 0 23 0 21 28 7 21 11 19 5 1 12 12 22 11 3 23 7 7 16 17 6 11 23 28 17 19 
22 18 9 9 4 2 21 13 10 0 26 5 26 17 6 14 8 7 16 15 29 23 5 10 30 17 18 22 28 0 6 20 20 1 20 20 21 1 1 14 19 21 7 11 29 7 11 15 28 17 17 1 8 20 7 29 28 16 14 7 15 3 10 0 30 29 21 10 0 21 28 14 28 5 3 12 22 22 14 3 18 26 11 19 22 23 2 15 23 11 22 
28 30 29 14 10 10 1 23 20 11 5 15 24 8 19 17 6 15 23 10 28 6 23 13 10 23 19 30 3 29 29 11 6 13 1 21 26 3 0 27 30 30 26 22 1 2 8 3 14 23 30 16 26 14 25 20 10 11 4 29 4 15 5 0 0 16 10 19 5 23 11 25 14 4 12 29 15 15 15 23 7 18 18 5 24 17 6 11 21 23 6 
15 14 9 20 20 6 21 3 13 29 29 9 1 9 19 3 26 30 29 20 1 3 0 4 30 11 28 29 4 26 7 27 15 16 4 25 12 30 19 0 11 9 18 26 11 28 23 0 17 15 7 30 10 1 29 10 14 11 15 24 26 23 26 21 27 26 21 13 8 18 4 14 29 24 6 13 2 0 19 9 21 3 10 24 28 19 0 23 1 24 7 
20 5 15 2 16 30 13 0 11 18 15 4 26 30 3 19 30 24 19 15 24 13 30 25 7 22 1 1 24 27 12 18 30 0 9 6 10 28 0 29 20 10 29 6 0 17 12 29 9 11 23 11 7 17 15 30 6 19 28 30 1 25 12 13 2 16 2 28 28 26 24 19 6 15 26 27 3 14 21 8 11 1 30 15 29 8 11 1 9 5 8 
13 25 15 16 15 2 30 15 12 8 27 22 24 24 10 23 28 15 28 9 26 1 27 18 15 2 13 3 11 15 14 18 9 20 1 13 18 19 9 15 3 17 8 29 5 18 13 11 28 9 23 18 4 5 2 3 13 4 30 0 13 16 25 1 20 3 13 26 0 8 9 23 21 7 1 20 8 11 6 23 13 1 16 18 1 1 3 28 17 17 29 
19 29 18 2 28 25 20 26 1 21 3 12 25 14 4 5 13 24 28 28 29 1 18 21 17 23 26 0 30 15 22 25 1 2 8 6 0 14 9 0 12 27 30 3 26 30 10 21 24 13 20 9 26 19 0 28 23 24 29 10 30 15 2 29 6 19 1 3 5 9 13 16 14 12 3 25 27 12 3 18 19 19 27 14 23 17 25 3 11 8 28 
16 12 27 4 4 0 8 27 13 14 21 11 27 2 16 23 27 16 11 18 26 10 29 17 11 22 22 25 19 22 4 27 13 11 3 9 27 26 27 29 7 1 9 1 29 10 18 7 20 25 17 24 5 16 16 5 27 12 10 12 7 16 27 15 24 2 4 29 14 15 19 19 9 5 10 30 10 1 1 16 18 9 25 27 30 30 12 25 1 8 27 
22 4 15 24 10 28 6 19 10 9 14 20 19 7 5 7 27 2 0 11 25 19 6 3 13 12 26 16 15 29 15 24 19 5 5 19 0 3 0 14 22 5 4 28 7 1 6 25 26 5 13 30 12 5 4 13 11 5 5 8 22 6 8 15 15 26 5 29 21 17 13 3 9 21 13 27 5 25 19 21 12 6 24 20 8 30 9 24 28 22 15 
3 22 30 26 5 23 10 22 10 14 1 5 5 7 2 19 2 19 14 22 16 19 16 29 9 6 7 11 13 23 12 18 15 12 9 7 20 30 16 22 23 9 3 23 9 4 6 17 28 9 20 7 7 20 22 14 4 21 11 14 0 11 2 25 21 15 24 5 14 7 0 5 14 5 16 15 6 16 2 11 8 0 18 23 24 12 22 28 6 27 4 
9 18 19 29 6 12 22 18 19 10 29 28 27 29 28 9 4 16 15 29 19 28 18 8 29 18 25 2 12 13 1 2 26 10 12 5 20 13 6 25 24 22 7 11 14 29 17 23 3 21 21 23 9 2 14 17 3 11 23 3 21 30 23 13 30 21 30 26 5 30 5 17 17 29 23 1 13 7 13 30 13 24 24 25 1 0 12 12 29 19 29 
16 15 16 13 2 14 10 26 20 4 6 14 25 26 8 4 9 26 28 9 30 3 5 13 27 29 13 12 29 28 8 2 8 4 20 4 5 30 0 1 10 24 25 30 28 5 21 3 27 24 24 23 30 23 30 27 0 1 5 25 6 10 29 0 11 3 18 7 13 27 4 20 6 19 14 20 17 21 24 4 14 21 27 14 2 18 20 27 4 2 15 
25 13 27 5 22 13 29 24 20 5 14 27 19 19 3 30 12 20 28 18 10 21 25 25 27 24 26 26 22 11 3 30 19 22 1 5 4 15 0 28 9 30 11 9 14 20 3 2 30 5 28 17 2 20 20 13 28 9 10 10 1 0 22 3 10 4 29 19 13 16 4 27 20 22 26 4 22 15 28 8 21 14 28 8 26 9 4 30 24 16 25 
12 13 23 4 19 0 26 12 5 29 25 2 14 16 27 21 11 1 7 0 27 4 1 0 20 24 10 8 18 5 10 17 12 19 17 5 2 0 27 4 8 21 14 29 16 21 29 6 19 10 12 7 21 24 19 21 4 14 18 0 10 13 22 7 24 30 14 30 3 8 15 3 9 2 17 26 16 6 7 23 2 28 27 2 25 9 19 26 20 19 0 
18 24 1 14 9 25 10 27 3 10 25 30 13 4 13 22 28 3 28 23 18 20 29 21 22 24 30 3 21 20 13 7 4 0 4 5 27 26 4 8 26 18 12 28 7 8 23 6 17 11 30 21 21 10 2 14 27 17 0 16 19 9 3 23 17 25 16 20 30 7 5 2 16 15 24 13 0 20 28 28 5 25 5 22 18 17 1 2 28 11 5 
26 2 25 18 4 29 3 14 30 14 8 3 16 7 4 25 19 17 20 13 0 1 19 14 10 19 0 21 2 15 9 15 12 17 10 11 25 7 21 22 22 29 7 22 13 28 15 19 22 29 22 4 4 10 21 21 14 9 9 17 29 17 23 22 18 26 20 3 17 10 5 10 10 8 3 25 7 15 9 27 11 16 2 0 0 11 24 22 3 20 19 
27 19 3 10 23 19 21 8 30 3 18 7 0 28 7 9 6 1 28 0 11 21 1 20 5 0 19 19 0 27 25 17 22 9 12 19 28 13 19 16 26 14 17 10 25 17 6 24 17 1 15 16 25 10 21 30 19 6 14 10 23 30 30 9 16 5 2 16 11 26 0 3 8 19 0 22 21 3 23 6 5 27 24 4 5 6 18 18 3 11 25 
24 11 26 10 0 10 2 5 26 28 13 3 2 19 6 24 30 26 23 4 3 30 19 12 5 8 16 12 27 20 16 14 20 12 10 23 16 28 1 28 11 4 22 5 12 12 7 11 11 4 28 22 12 4 27 18 25 21 8 0 4 30 21 21 17 28 18 23 8 29 23 9 6 18 20 26 5 28 28 17 11 17 8 21 8 4 10 29 11 6 8 
24 4 4 20 24 1 7 11 24 1 20 1 0 6 23 22 13 7 24 13 30 9 18 24 28 19 28 29 15 30 22 3 19 18 6 19 28 20 30 7 17 0 7 19 10 26 3 16 16 6 14 18 30 8 2 17 13 3 20 27 13 29 11 29 18 13 16 11 5 2 17 11 18 4 11 30 27 9 21 25 11 4 29 7 21 4 12 22 15 10 16 
19 22 25 8 27 6 26 6 27 11 27 17 27 14 14 19 24 21 5 28 2 25 4 12 20 22 26 20 12 13 12 8 19 0 7 29 1 27 6 20 18 27 19 11 15 7 23 9 20 25 8 26 29 8 10 0 14 26 13 18 29 9 24 15 11 25 12 21 5 11 24 23 11 4 20 17 12 1 21 23 25 7 5 28 12 1 18 6 14 4 23 
