9
8 4 25 12 11 24 3 24 20 28 2 12 21 7 5 2 25 20 2 18 19 14 26 28 27 2 12 27 0 29 23 18 20 8 5 1 15 27 28 5 16 20 10 9 1 5 27 10 2 5 6 9 21 13 8 
24 9 5 2 7 1 7 11 7 0 7 23 18 0 17 11 23 6 2 30 19 8 29 24 18 12 14 23 8 17 10 25 1 1 28 28 27 12 20 8 1 28 6 3 2 11 25 18 8 16 1 5 26 5 24 
22 4 26 9 9 3 24 9 9 10 14 13 24 11 5 24 6 15 23 2 14 29 13 19 2 7 4 10 1 26 27 19 8 29 30 29 15 29 21 23 5 9 2 0 10 9 23 30 15 19 11 22 26 24 29 
28 7 9 20 19 28 20 26 13 30 11 11 5 4 4 28 3 9 19 12 24 21 18 21 6 7 14 9 23 18 12 18 6 11 25 10 4 17 25 15 21 7 3 25 7 16 11 7 8 1 3 14 7 5 12 
6 17 23 7 25 16 7 22 24 11 9 2 6 27 4 20 27 5 5 25 9 5 26 1 6 3 22 5 21 16 30 11 16 12 21 4 6 8 4 12 30 17 5 0 19 20 3 3 16 27 14 4 2 24 20 
20 3 4 2 18 21 15 7 27 10 23 23 6 19 14 0 12 22 23 29 10 1 15 14 25 3 10 9 13 7 10 23 17 28 28 9 17 6 21 17 18 27 14 21 26 26 26 13 22 10 25 4 7 2 4 
12 23 16 4 11 20 18 2 10 27 4 23 24 29 10 24 7 14 11 24 5 13 21 6 7 9 10 12 13 28 8 9 15 5 18 15 14 8 17 21 30 2 23 12 2 30 5 14 14 20 24 3 1 20 26 
11 27 27 23 8 2 15 12 26 1 15 22 13 8 29 21 9 17 0 22 23 11 16 14 20 6 28 22 28 21 10 22 0 20 7 22 15 27 9 14 29 22 11 7 2 16 15 0 27 16 26 3 13 5 14 
28 21 8 13 29 7 28 14 17 1 21 9 19 27 10 15 12 5 30 23 24 7 19 24 8 28 19 3 29 10 25 28 24 0 1 16 21 19 30 12 27 28 21 18 24 18 5 16 23 9 27 2 5 5 3 
18 16 15 30 13 2 28 10 11 17 7 11 26 14 28 10 17 22 19 13 0 15 20 3 25 1 21 22 2 27 9 22 24 28 25 3 3 20 6 30 29 21 8 0 21 4 16 2 10 3 3 8 29 12 23 
26 28 11 21 19 28 14 0 11 29 9 9 0 10 3 13 10 9 9 13 9 20 13 20 29 12 14 14 22 7 14 29 13 19 13 30 2 8 7 6 0 0 1 24 7 19 24 24 18 26 17 14 18 19 25 
21 12 14 28 19 8 22 30 28 6 12 8 30 29 16 10 8 2 9 7 25 12 9 26 24 14 1 17 5 24 19 23 3 9 3 21 22 2 8 29 22 3 15 26 22 18 23 1 7 11 11 30 15 19 29 
3 9 20 7 10 8 15 10 0 16 20 20 9 13 30 30 12 17 15 30 20 20 22 1 6 30 16 1 30 12 23 2 8 25 13 22 25 7 19 12 16 14 27 18 6 3 20 16 30 2 15 29 6 17 26 
7 9 13 25 17 15 23 27 17 13 5 18 3 3 29 23 8 1 24 21 14 2 21 15 23 28 4 29 15 12 27 1 28 15 13 24 2 10 8 18 24 8 27 20 1 2 26 18 25 11 9 24 12 2 16 
28 27 25 29 17 2 25 26 29 2 18 12 25 14 28 21 13 5 2 14 19 23 13 13 15 26 5 10 16 21 6 5 12 20 5 1 30 20 6 14 19 24 14 19 10 18 2 5 21 3 28 2 20 8 7 
15 6 25 18 12 24 1 15 9 25 16 13 6 24 19 27 2 13 16 8 20 5 9 0 12 8 3 13 22 12 13 7 12 21 12 7 23 7 17 9 13 29 19 30 0 27 19 20 12 4 26 16 22 26 21 
11 6 27 29 27 16 18 27 3 25 19 11 19 18 20 13 27 3 6 11 2 15 0 25 28 7 29 18 1 9 11 20 8 16 27 29 16 3 12 25 22 2 22 0 0 22 13 21 10 24 13 26 26 11 4 
8 22 16 6 8 1 13 27 25 4 28 7 20 15 26 7 22 24 23 11 19 7 25 4 2 22 4 1 9 1 16 1 22 8 22 29 19 4 5 9 11 25 20 2 18 27 1 12 12 14 1 8 8 17 20 
