9
22 29 3 29 8 29 21 11 20 14 30 26 4 25 17 5 1 27 15 21 14 1 22 28 11 3 23 9 19 0 13 9 10 28 9 23 21 26 6 12 18 3 25 22 17 15 3 8 30 1 28 6 12 5 22 
20 12 18 19 14 1 22 8 4 18 24 4 7 25 9 19 15 24 9 24 8 15 21 27 15 15 30 15 30 0 9 25 24 14 26 24 25 12 6 19 26 6 14 23 8 1 27 23 6 10 28 26 25 2 24 
1 5 18 26 30 4 4 13 6 6 3 7 23 28 3 21 11 26 20 2 22 29 14 9 3 24 15 27 4 23 2 16 20 27 18 14 13 15 8 16 4 1 2 2 26 2 11 1 25 20 25 3 13 24 20 
27 8 6 12 0 23 12 4 16 13 4 29 7 6 27 30 28 7 13 18 2 29 30 4 21 29 8 14 13 15 29 27 5 14 13 3 11 29 5 13 6 25 10 5 2 28 22 24 17 15 21 28 24 15 5 
18 12 30 23 24 11 23 21 16 9 17 29 11 7 22 23 11 14 28 18 13 0 3 26 17 5 9 17 29 17 11 10 28 19 4 20 25 2 21 4 30 6 7 12 7 12 21 13 20 29 19 30 1 4 7 
22 16 4 6 16 21 21 0 12 7 21 20 25 1 15 10 21 25 15 18 11 13 6 30 11 20 14 7 16 17 10 0 9 6 1 27 20 12 2 30 25 30 14 29 19 15 27 11 7 8 15 4 22 13 7 
25 25 17 23 20 10 20 21 3 21 0 1 2 25 25 16 21 25 27 5 15 15 13 29 13 16 11 7 11 27 30 28 3 22 23 20 16 28 26 25 2 25 3 13 21 12 27 4 30 20 7 11 29 15 11 
29 19 13 29 4 21 1 27 24 7 23 9 20 26 30 30 9 5 16 23 7 11 25 9 9 5 23 5 8 23 30 24 22 3 6 7 17 7 21 23 5 11 13 2 0 18 18 14 3 12 2 18 13 13 4 
8 23 29 30 16 16 14 15 25 9 25 2 15 10 18 4 8 29 2 8 16 30 16 29 1 18 27 6 29 16 20 15 22 22 4 16 10 14 1 21 10 6 12 6 24 15 2 2 12 11 25 6 18 5 9 
11 11 23 4 0 7 6 21 19 24 15 5 11 19 15 8 6 29 5 20 28 7 25 15 2 1 3 22 6 15 21 22 24 15 0 20 3 9 18 29 4 19 26 27 24 27 22 3 22 18 14 28 23 4 20 
21 10 21 18 11 1 3 11 25 14 25 11 19 21 7 6 28 20 28 29 4 12 29 15 20 1 1 24 10 0 15 12 25 7 16 10 15 10 23 11 21 24 28 22 15 25 5 21 23 16 1 2 30 0 22 
16 20 4 10 25 20 9 6 16 20 10 26 28 4 24 25 25 3 0 17 27 2 0 14 4 15 15 9 29 23 9 30 26 19 23 17 15 14 16 21 25 30 5 15 26 15 30 28 20 12 9 28 17 5 10 
29 10 11 17 12 15 8 29 3 30 22 16 22 23 16 10 24 8 26 18 22 28 14 5 9 16 8 25 3 15 26 13 14 17 18 12 9 15 7 2 27 8 23 28 4 3 21 25 19 27 23 22 6 15 17 
16 10 3 27 17 3 14 12 28 6 25 14 5 22 5 15 23 28 29 23 17 0 8 25 4 16 26 17 30 2 10 30 25 4 27 4 20 13 9 3 30 23 30 14 23 27 28 18 14 9 22 6 8 13 13 
10 2 12 3 30 12 17 0 11 5 2 2 11 20 0 21 5 12 0 17 13 11 7 13 6 9 11 25 0 16 30 22 2 22 9 0 15 8 25 25 4 10 6 20 2 5 23 7 9 21 1 24 9 13 21 
12 18 2 1 17 12 12 28 18 5 13 15 10 12 4 9 10 16 2 4 17 2 17 3 22 21 18 21 25 12 27 26 21 23 20 17 18 22 22 18 25 23 17 5 7 1 27 21 6 26 1 19 16 12 22 
16 10 16 10 29 15 4 22 19 24 14 11 24 5 14 15 30 20 10 19 24 12 29 15 12 16 18 23 4 19 4 28 13 21 26 26 7 16 16 4 8 18 16 29 1 10 16 0 26 14 9 20 8 20 24 
25 13 25 20 19 3 20 30 24 28 13 22 4 11 25 18 26 11 1 11 20 4 29 7 20 10 22 29 28 16 29 12 8 30 26 14 23 17 5 7 1 10 11 28 10 27 15 14 11 20 15 11 5 13 21 
