10
11 29 1 20 9 29 26 9 1 11 25 9 29 27 17 11 7 12 0 21 23 6 10 21 14 9 19 0 1 29 17 8 19 20 24 0 27 11 10 28 0 23 21 18 16 12 1 15 3 13 28 8 18 17 14 20 17 3 4 16 15 17 18 0 6 21 
7 21 7 17 16 22 14 22 9 15 23 23 3 3 25 28 13 20 30 16 7 12 7 12 4 25 11 26 16 11 26 9 25 22 16 12 8 23 21 27 23 6 21 26 13 25 26 12 25 28 12 1 27 11 2 2 16 12 17 11 4 14 4 5 18 0 
27 26 15 14 22 7 3 25 27 9 2 12 29 22 7 5 18 1 14 30 15 20 2 25 30 24 29 7 2 22 4 27 22 1 7 14 23 5 27 19 13 1 7 24 8 10 6 30 19 28 1 25 21 18 8 11 8 5 21 21 26 8 15 23 24 12 
2 23 16 8 14 3 21 21 19 15 12 29 14 22 29 11 11 0 8 10 17 23 4 22 4 3 2 25 14 27 19 8 9 11 30 4 0 7 10 27 14 4 6 16 15 18 2 9 13 6 14 4 7 23 28 30 20 8 0 9 24 5 12 28 13 27 
19 4 25 7 0 20 20 8 2 14 1 26 26 16 21 15 0 30 1 29 26 2 11 6 12 7 0 4 9 8 27 8 6 3 4 19 29 8 8 3 6 29 21 21 28 16 11 25 7 4 2 7 7 21 11 5 21 14 11 16 22 16 28 15 6 12 
21 19 22 11 0 20 22 17 5 18 23 17 0 25 24 28 2 28 9 12 22 25 11 23 29 4 0 5 29 15 3 27 15 30 10 15 0 2 20 5 4 27 19 8 21 14 30 2 3 3 22 10 12 16 14 4 17 16 17 24 13 2 21 12 8 9 
15 22 6 4 23 12 16 11 17 5 0 6 25 15 1 15 23 13 12 26 11 8 3 28 0 4 23 18 6 28 5 27 17 8 10 12 2 6 17 12 5 2 23 17 11 30 27 17 11 1 3 12 30 17 11 15 12 11 11 24 1 6 21 13 22 17 
24 21 17 20 8 6 17 24 26 20 11 6 18 2 26 23 13 29 15 20 20 1 26 11 0 0 2 20 12 27 25 16 20 4 29 28 2 18 23 15 28 2 24 8 23 16 0 17 27 21 13 19 11 25 26 12 14 6 14 5 2 17 25 8 20 20 
13 14 25 1 10 28 19 7 6 20 16 14 24 15 3 10 23 22 11 1 19 30 16 25 26 8 14 23 23 0 9 15 19 29 24 8 27 19 8 6 0 25 13 1 6 24 12 16 11 1 8 17 17 8 9 3 16 1 26 21 15 12 26 14 22 2 
23 21 8 19 4 18 4 4 17 29 28 11 1 28 7 9 20 23 2 3 1 14 21 10 11 15 24 27 14 5 19 22 9 23 18 9 20 18 19 0 22 10 24 17 17 14 7 3 9 7 18 0 1 22 24 15 7 27 12 2 16 23 8 5 25 18 
19 16 30 1 1 11 26 29 27 26 15 5 20 29 30 23 28 2 7 26 24 19 24 8 15 8 8 20 13 12 11 15 24 18 19 22 14 22 9 16 12 19 14 28 25 2 29 10 4 18 20 11 0 28 30 18 0 4 4 27 12 17 7 3 22 14 
19 4 11 24 20 17 19 28 0 4 19 9 27 30 11 13 16 13 21 21 16 12 25 1 30 9 30 24 10 3 28 3 1 19 1 19 23 5 2 28 7 7 0 13 23 4 20 6 8 16 11 22 10 8 2 12 16 8 7 0 25 23 4 19 0 21 
17 14 13 19 21 10 7 29 3 0 12 11 22 30 7 5 16 15 19 10 14 9 14 23 24 25 13 7 7 3 8 28 21 10 6 23 10 12 15 24 1 16 27 2 12 13 16 9 16 7 8 7 23 4 23 24 2 16 23 2 14 4 17 14 8 5 
2 1 26 17 10 12 5 0 11 11 21 11 3 5 21 1 16 13 23 7 16 13 0 27 18 4 5 0 26 24 2 13 21 6 20 28 6 30 26 25 2 29 24 10 7 4 20 6 26 27 17 22 8 13 22 11 10 5 6 19 28 30 30 14 27 18 
9 19 16 30 7 22 11 8 17 6 8 9 4 3 16 7 20 5 25 13 2 29 7 20 16 11 15 9 28 5 5 21 14 29 27 9 4 6 16 12 11 18 6 26 29 19 1 6 2 18 15 1 22 25 5 3 18 4 3 11 16 4 26 1 6 6 
0 1 0 13 21 17 18 4 8 17 7 8 30 10 3 15 21 30 3 21 7 22 18 29 27 6 12 6 13 1 19 16 19 27 19 17 18 3 20 5 2 11 9 26 21 17 5 4 13 24 27 11 18 18 29 9 1 25 24 8 3 14 25 27 26 9 
18 2 25 13 19 15 22 29 18 24 14 6 30 28 9 15 29 27 20 25 29 6 7 15 25 23 20 13 1 14 14 5 8 19 10 1 8 19 9 28 5 8 28 12 4 25 14 30 4 15 8 24 11 9 16 18 29 2 13 10 30 12 12 19 7 30 
28 26 30 24 0 16 6 30 29 8 21 15 13 7 12 19 29 9 26 15 29 26 0 14 16 12 0 1 2 24 29 22 5 19 24 2 29 27 1 1 26 26 17 15 3 8 0 16 18 3 9 12 9 23 26 29 10 10 20 10 29 27 19 0 13 10 
12 28 14 17 9 5 2 25 20 10 9 10 1 22 19 15 5 22 26 23 1 27 15 29 4 4 10 22 5 30 10 23 29 1 29 7 20 29 25 1 29 27 17 11 30 27 28 15 4 15 15 22 20 11 4 20 5 14 3 13 23 22 5 13 27 20 
24 16 13 13 4 24 10 23 15 9 27 10 8 14 22 0 12 18 10 26 23 11 21 18 23 8 30 6 23 4 5 16 6 22 14 3 1 5 19 22 5 5 16 13 6 23 2 15 1 30 2 28 18 25 7 8 23 6 15 4 21 29 29 9 7 28 
