9
14 8 26 26 18 28 10 14 20 22 23 24 26 24 19 21 30 28 20 1 16 17 26 0 13 25 11 13 23 14 14 26 19 3 26 7 14 13 1 15 10 12 30 8 24 25 5 27 21 30 27 16 26 17 26 
14 9 19 17 15 7 16 9 8 17 7 15 10 25 10 8 29 20 22 3 5 3 11 9 5 19 21 30 11 18 14 15 13 17 29 28 6 25 13 24 21 17 4 1 23 26 11 8 16 13 21 5 29 13 18 
4 26 12 29 30 24 6 8 18 1 28 27 15 8 7 10 5 18 23 13 22 18 25 24 11 9 18 16 14 12 7 17 1 21 12 25 19 7 24 22 6 30 18 25 28 2 5 18 28 20 24 29 21 1 24 
9 17 27 27 26 5 2 11 18 7 9 24 17 17 13 30 29 24 21 16 23 21 21 26 14 24 6 17 18 20 23 15 22 8 21 5 4 1 29 21 22 18 24 22 0 16 14 23 27 16 29 10 10 9 14 
28 12 29 26 1 10 8 24 0 26 3 14 30 24 9 9 28 17 23 17 2 29 15 1 24 4 13 14 3 11 16 9 27 29 29 28 4 26 24 25 13 2 28 10 24 5 5 15 9 27 10 11 7 18 5 
23 18 23 6 6 21 4 2 17 22 8 22 0 9 24 19 8 26 23 30 19 8 2 16 29 9 30 4 17 13 13 18 11 19 12 27 26 6 25 1 22 15 21 29 5 26 26 16 16 12 12 22 29 30 7 
12 0 21 18 10 24 21 18 28 3 3 17 2 17 21 17 4 2 30 5 26 11 27 23 0 0 21 7 9 1 5 30 22 5 28 21 21 1 18 28 16 9 11 6 23 21 8 21 15 2 18 30 17 24 24 
3 14 0 25 24 30 26 15 5 1 0 11 5 16 0 11 24 3 30 16 22 17 17 13 30 13 18 15 21 30 23 2 3 19 20 6 30 11 14 3 18 5 26 16 4 22 17 20 6 5 8 13 1 27 10 
3 26 17 13 9 4 19 28 9 25 16 29 18 6 12 17 7 3 9 30 16 13 13 30 4 13 28 5 3 20 13 13 16 29 18 15 9 19 19 26 12 24 9 18 9 1 20 9 26 13 29 2 17 25 29 
1 11 27 13 12 13 13 24 28 1 0 3 18 29 16 7 17 18 27 10 3 5 23 30 3 23 2 29 1 25 5 10 30 1 11 28 23 12 4 13 18 5 21 11 4 11 11 21 23 24 15 27 20 10 7 
24 20 12 27 15 18 20 25 24 1 23 17 22 22 9 20 25 7 19 2 6 16 14 0 22 10 11 20 14 30 30 11 9 24 9 25 25 21 15 8 4 26 16 3 15 26 14 22 9 29 14 0 7 23 29 
4 8 7 13 30 23 29 19 1 24 0 28 7 26 3 19 30 1 24 8 28 29 25 25 12 26 23 11 14 9 25 25 18 29 24 24 9 23 15 16 7 12 17 29 27 13 27 20 2 0 21 18 18 13 9 
0 20 18 20 19 18 4 16 12 16 0 3 7 7 18 10 14 30 25 24 0 16 24 28 5 26 18 13 27 0 4 20 0 9 15 15 0 16 11 4 25 11 13 18 22 2 7 18 29 6 0 0 8 27 8 
0 12 15 25 12 13 17 3 24 10 15 7 15 23 7 17 9 9 25 3 9 21 10 11 22 9 2 3 10 2 0 16 19 22 0 25 13 11 23 11 27 5 4 4 13 2 2 18 19 17 23 3 26 22 17 
22 10 21 26 20 24 17 20 26 27 12 24 0 21 29 4 28 10 13 1 24 2 9 24 10 6 10 19 10 4 5 17 13 8 13 30 24 21 16 9 21 29 9 29 20 5 23 5 25 7 13 20 21 10 15 
8 16 27 2 1 22 18 17 2 10 14 7 15 27 2 9 12 18 27 8 22 8 1 18 0 29 29 14 11 27 20 22 11 25 22 2 2 22 22 0 28 26 27 27 24 23 20 14 1 12 25 18 8 28 11 
24 23 26 2 16 24 22 16 6 26 29 13 12 14 5 23 8 29 29 26 20 5 13 23 24 0 0 26 10 28 3 12 13 3 17 24 2 12 1 9 26 4 14 23 16 20 21 17 12 20 13 16 29 7 4 
21 3 17 26 25 10 17 20 30 21 3 5 23 8 29 8 29 19 17 28 12 2 12 23 13 17 16 23 21 21 10 14 18 4 11 8 23 20 24 25 14 20 19 4 25 11 17 20 3 16 23 21 22 29 27 
