9
2 13 25 26 15 2 24 13 8 7 3 27 14 7 0 25 17 19 3 11 15 21 1 22 25 29 23 8 3 22 26 26 11 17 28 22 28 7 18 20 14 28 13 29 1 26 20 5 21 24 24 22 10 20 7 
2 20 7 29 1 24 0 30 29 29 12 7 12 28 19 21 6 20 0 0 6 25 5 7 27 23 7 10 8 10 13 26 3 29 24 29 16 10 14 17 3 28 14 5 27 3 14 26 20 5 3 15 5 0 29 
20 10 4 28 9 3 25 28 13 25 5 24 8 16 17 13 11 29 3 18 7 4 20 20 24 17 25 19 26 29 15 19 3 14 21 5 4 30 27 23 17 6 11 4 30 2 15 14 18 4 15 23 29 10 28 
10 17 21 11 4 14 18 4 9 0 3 15 9 3 2 15 3 6 28 13 21 9 18 2 3 13 0 30 1 23 22 16 6 4 9 0 11 27 24 20 25 28 9 25 22 7 26 23 11 17 9 24 23 6 7 
30 6 16 10 26 1 19 10 14 6 16 6 6 30 9 2 9 8 22 4 8 16 8 14 18 28 25 6 24 18 13 30 10 4 6 7 13 9 15 3 16 2 12 27 13 11 8 22 0 13 26 25 4 10 27 
29 19 25 9 21 8 23 12 0 12 22 21 10 4 25 21 11 28 11 19 25 28 18 17 22 10 24 3 3 28 20 29 6 8 21 15 8 25 27 22 16 27 21 19 9 3 1 1 26 14 20 8 8 10 6 
26 19 22 20 28 16 22 20 30 15 16 0 3 18 1 25 1 14 14 7 0 24 23 16 12 12 9 25 11 3 2 14 1 25 0 1 21 17 6 28 4 9 23 0 2 26 9 14 22 18 8 30 0 24 7 
16 22 4 23 22 8 7 25 19 3 0 16 5 25 23 3 2 16 23 24 25 15 16 10 2 26 30 10 2 28 8 0 23 20 12 20 0 10 6 5 24 29 18 30 14 22 2 20 23 30 27 12 8 5 17 
7 29 9 30 19 23 26 2 19 12 1 29 8 12 16 22 7 29 3 15 7 19 14 16 19 8 18 17 2 20 8 30 19 10 19 1 8 11 30 18 2 6 4 6 13 9 25 29 21 18 22 12 22 17 9 
20 22 14 0 28 23 14 29 27 4 13 23 24 26 20 29 22 13 27 27 28 7 16 4 8 17 24 11 3 9 13 18 12 25 5 12 20 23 24 24 1 16 2 5 27 3 7 29 24 23 2 7 21 21 23 
2 21 22 29 30 18 0 26 0 26 22 5 7 4 17 18 0 23 8 19 25 8 17 10 14 9 5 4 10 17 13 29 4 10 4 24 14 27 11 27 15 30 1 24 28 20 10 7 13 4 24 15 5 25 11 
11 28 13 2 16 21 10 13 26 29 0 3 3 18 15 18 20 2 27 6 3 17 3 1 29 24 24 30 4 10 18 17 10 20 5 17 29 22 18 17 3 4 18 22 15 25 18 22 5 6 15 14 2 12 10 
4 13 2 23 24 26 22 19 16 7 25 2 23 15 6 30 13 26 14 3 5 4 26 8 27 12 5 11 21 6 10 29 4 25 16 21 27 0 18 8 17 1 23 13 18 27 11 20 3 12 6 18 5 23 21 
12 2 0 20 4 25 26 28 22 23 1 14 27 26 23 19 25 4 8 0 28 18 21 26 12 15 29 13 21 15 26 20 0 30 27 11 24 17 2 25 16 30 1 20 10 12 29 28 21 6 12 5 24 19 16 
1 20 22 16 28 22 2 15 25 27 16 30 12 0 15 30 18 20 12 23 30 23 25 6 25 24 14 12 9 19 18 4 16 5 28 2 10 27 18 25 17 11 30 27 20 26 30 10 12 23 1 12 6 17 29 
11 20 14 20 1 26 20 18 26 11 16 3 7 12 28 20 11 8 16 23 23 7 9 14 23 14 21 0 26 8 6 28 26 15 12 29 4 2 23 25 4 18 30 20 1 10 12 30 19 8 13 9 17 9 27 
14 23 17 16 12 5 30 27 2 8 30 28 23 16 13 21 26 28 8 26 18 2 16 10 8 26 9 26 22 8 25 8 9 23 9 14 16 20 12 4 26 30 2 21 25 0 19 16 23 24 17 16 23 0 7 
13 7 17 7 7 8 7 0 22 13 12 27 19 21 25 13 29 8 23 7 27 21 16 6 10 12 4 29 22 6 16 14 12 6 8 22 18 23 25 30 18 16 21 15 28 7 1 11 6 14 8 30 17 15 24 
