11
26 26 2 25 4 11 9 7 26 11 21 28 8 29 28 14 13 26 25 17 29 10 7 9 16 29 20 6 14 19 20 23 22 9 15 11 4 26 29 7 18 19 19 28 3 7 19 13 10 11 1 5 28 22 23 19 25 12 17 11 20 2 30 27 30 15 28 3 17 1 15 21 28 24 23 2 19 4 
4 4 10 29 7 26 23 28 8 2 10 12 7 26 27 2 14 22 27 11 19 20 7 4 12 5 13 10 9 9 3 23 24 16 19 10 21 19 11 7 6 16 20 3 25 3 30 25 2 9 25 20 9 1 22 28 13 13 29 19 15 16 7 16 28 11 0 3 23 11 28 26 18 16 10 6 4 19 
21 28 4 9 12 23 3 10 21 10 8 10 8 2 20 11 10 1 27 14 19 23 30 24 3 19 2 22 7 26 17 27 25 16 3 22 24 15 23 13 8 30 29 12 17 8 3 18 30 11 25 27 23 17 2 23 7 8 15 27 14 28 11 18 25 12 24 19 1 0 18 7 18 20 14 19 21 3 
7 19 10 5 30 5 21 5 19 13 10 20 18 28 18 26 21 10 3 19 3 16 12 4 10 15 27 0 20 25 0 21 24 26 10 11 3 5 10 0 0 9 5 13 21 19 27 15 8 8 19 24 24 10 22 13 10 22 29 28 13 28 23 3 27 0 30 5 0 28 19 29 24 12 15 16 29 21 
17 11 25 22 17 8 27 28 7 17 15 26 18 19 8 15 12 20 25 5 19 25 24 2 10 3 13 14 29 29 28 3 28 16 9 28 8 25 17 23 1 8 28 0 12 15 23 25 28 0 10 7 18 22 25 22 5 29 5 26 13 24 12 6 11 10 2 9 7 16 17 9 4 28 5 24 6 29 
4 14 12 8 16 22 19 15 27 3 21 19 27 6 25 3 20 14 24 29 15 20 26 4 25 6 13 13 15 30 20 15 2 27 27 5 23 2 7 24 29 24 19 16 13 15 7 9 14 24 18 0 15 9 20 14 14 26 14 0 15 15 3 22 4 19 3 30 22 19 1 13 24 7 3 25 5 12 
26 27 4 16 15 12 2 20 22 6 23 27 1 9 15 28 21 19 22 0 1 13 17 14 10 4 28 17 27 9 16 19 12 30 15 20 23 25 2 28 29 3 7 29 23 29 11 29 24 9 5 14 12 17 24 3 24 9 3 28 12 2 8 23 18 1 23 6 9 0 23 21 26 6 16 2 24 27 
27 11 10 29 18 22 19 6 12 22 6 6 5 19 15 5 2 18 30 19 13 2 13 2 19 16 18 21 24 4 28 4 26 9 27 4 25 8 16 30 26 27 26 7 5 28 7 15 10 30 16 5 11 12 12 17 25 6 0 2 16 22 12 18 27 5 3 2 8 13 25 20 26 13 10 19 5 20 
4 0 5 19 18 28 7 3 11 24 24 8 9 25 2 16 28 6 11 19 19 29 1 21 21 29 25 19 5 13 3 8 4 30 24 28 24 12 7 25 18 19 28 25 12 20 29 8 20 13 3 28 17 1 4 20 18 11 6 15 24 26 7 9 22 25 30 7 12 30 8 18 10 0 29 28 21 21 
20 29 2 17 5 10 3 16 18 4 1 15 12 17 14 22 20 27 1 12 21 10 27 19 25 28 27 9 17 2 3 17 18 13 18 27 30 8 21 22 3 14 12 8 8 17 1 11 0 16 19 23 2 2 6 12 27 16 21 4 19 16 3 22 8 26 2 2 17 13 5 1 18 25 30 10 13 9 
21 24 28 25 3 28 6 9 7 15 28 15 29 19 10 28 4 8 14 4 29 24 30 8 24 17 13 12 16 26 0 22 27 3 24 0 19 3 3 24 23 16 30 30 11 25 6 7 4 25 19 22 25 11 19 0 22 29 23 13 11 14 18 3 16 7 18 30 24 19 3 12 7 19 26 14 22 21 
2 25 30 3 25 29 22 10 1 30 27 4 13 25 8 1 29 0 26 0 3 21 12 22 21 26 16 20 2 15 3 26 12 27 12 1 0 26 23 24 13 15 30 8 5 0 14 10 12 26 21 29 30 7 20 4 10 30 7 22 25 23 22 23 25 12 1 26 10 23 21 0 5 24 9 18 2 30 
22 6 6 28 17 8 10 19 18 9 20 9 20 20 23 23 0 25 3 12 15 10 24 10 10 23 24 0 26 0 4 21 1 20 3 24 18 0 28 9 15 5 27 18 14 1 20 23 13 10 13 16 13 13 21 27 9 20 11 19 4 2 18 6 5 4 17 29 20 4 5 28 28 13 24 21 2 13 
7 22 6 29 16 5 23 19 13 29 30 24 26 14 30 14 25 9 7 13 19 10 0 25 23 27 8 21 7 0 12 6 1 22 6 6 4 26 1 20 18 0 24 15 21 18 13 24 18 5 18 28 18 26 21 12 13 22 29 4 10 22 5 20 17 23 25 26 6 9 12 1 25 4 5 18 27 15 
17 3 9 9 1 8 0 17 8 6 7 14 16 1 26 11 28 17 25 10 27 28 5 26 6 7 10 30 10 7 10 15 11 6 13 13 3 19 26 10 30 25 2 18 19 12 26 4 12 27 17 18 9 22 16 2 7 13 7 30 12 17 27 20 10 1 4 26 7 19 15 0 25 8 25 30 23 7 
23 19 7 29 27 6 20 1 20 15 12 7 21 9 14 2 8 20 28 1 28 3 0 24 13 8 8 27 23 1 4 26 9 30 5 30 2 22 7 30 14 27 8 26 25 22 4 23 25 4 8 9 21 12 12 12 25 27 4 8 1 6 23 19 26 8 29 18 4 0 0 2 9 27 5 0 5 13 
28 20 16 4 4 4 3 15 23 6 24 14 26 24 19 8 24 22 12 21 11 29 15 4 29 2 21 29 4 28 9 23 8 26 8 23 23 6 26 29 30 20 20 30 29 16 16 26 15 11 6 1 29 12 16 15 30 5 29 13 21 1 24 20 1 2 16 30 13 28 15 19 22 3 14 3 3 18 
2 27 12 18 14 22 24 24 30 30 12 1 14 21 10 8 26 17 4 9 22 14 11 22 17 11 26 19 23 11 8 29 27 26 0 5 19 19 19 19 10 25 8 25 14 16 7 19 23 12 17 1 27 5 29 30 28 2 14 29 16 1 28 16 27 24 9 28 8 25 2 12 27 13 23 17 23 23 
19 7 26 18 2 18 11 23 29 1 15 24 16 24 23 20 11 13 22 14 7 8 8 6 23 7 14 24 24 5 8 25 5 24 17 8 20 28 23 2 22 3 21 28 18 13 6 27 12 25 24 12 10 30 27 1 11 30 25 14 20 3 30 26 26 21 1 5 18 22 25 8 2 10 3 28 22 9 
14 22 3 9 27 12 15 3 19 9 28 25 5 14 22 9 24 15 14 14 3 27 24 1 7 30 27 28 27 17 30 19 29 8 17 15 24 23 5 16 12 6 6 0 2 3 13 24 11 28 17 14 6 18 16 3 14 10 12 5 21 19 11 15 21 4 10 13 8 24 14 24 5 4 8 29 24 23 
6 4 5 22 25 0 7 1 26 5 7 5 26 6 9 14 11 23 1 30 29 5 4 19 14 17 2 9 20 18 16 29 14 23 14 0 4 16 7 9 16 25 1 4 18 20 12 17 19 18 19 7 13 7 4 19 1 5 24 18 7 30 0 1 0 9 25 10 15 17 15 22 16 5 14 23 12 30 
16 10 24 25 13 29 22 9 15 4 26 27 19 14 18 7 2 29 25 10 19 21 26 12 0 26 22 7 7 22 7 11 5 14 18 7 30 29 17 2 25 6 24 29 28 14 28 7 8 9 2 7 27 11 14 16 8 15 17 1 22 28 11 12 15 14 15 30 5 27 29 1 30 14 0 9 8 9 
