11
0 6 13 10 13 30 7 20 12 20 3 19 21 26 30 17 22 25 28 2 13 3 0 26 4 19 23 27 13 10 16 25 20 21 29 10 17 26 14 27 11 8 29 10 0 30 5 13 16 28 7 24 23 12 17 20 1 0 6 25 17 24 6 26 16 29 19 29 17 4 17 25 10 24 15 4 22 4 
3 19 15 18 14 3 18 6 6 5 24 7 9 21 28 10 18 20 12 15 10 27 18 29 30 7 20 16 5 18 10 18 18 23 26 15 22 21 26 21 13 19 27 13 5 11 10 29 0 10 8 10 19 11 24 27 15 23 9 6 15 29 27 8 7 2 26 28 20 9 0 16 10 13 30 25 13 5 
25 27 20 25 8 21 23 22 25 6 24 19 29 10 14 18 25 29 19 8 26 21 7 5 4 12 1 8 4 18 2 30 11 1 30 4 0 7 29 13 28 25 11 4 19 16 3 27 16 20 0 27 15 11 12 1 18 4 0 5 12 21 17 18 19 2 1 14 5 15 12 16 6 27 23 19 2 2 
13 5 18 27 8 5 28 27 24 8 20 13 27 27 0 5 1 30 7 26 13 1 22 4 18 10 15 9 26 7 12 30 11 4 21 6 18 28 7 29 29 24 23 19 26 0 25 2 0 3 15 7 12 21 30 24 16 12 23 20 1 24 6 25 6 24 7 19 9 2 10 5 16 2 21 8 0 20 
18 29 5 12 28 7 3 21 10 19 23 22 19 3 22 30 5 13 11 7 10 26 18 25 20 14 13 8 19 4 14 11 4 15 11 14 29 1 17 11 29 7 4 12 26 21 1 19 13 8 12 4 18 6 23 12 1 23 22 4 26 22 8 12 2 28 8 25 9 26 22 25 25 8 16 27 12 7 
17 16 29 8 25 5 0 26 11 14 16 24 4 20 6 25 18 8 28 17 9 6 6 14 0 9 3 21 2 27 8 0 30 18 4 14 26 17 29 27 1 15 7 12 9 17 0 16 9 23 9 2 5 15 23 23 5 21 13 5 25 27 30 9 19 0 5 4 17 4 23 2 19 12 13 7 18 18 
30 15 25 0 29 23 24 3 7 7 1 12 11 13 15 3 0 6 2 14 21 20 27 2 7 30 7 15 19 8 3 4 4 30 12 9 2 15 7 28 11 17 3 16 21 24 19 17 4 12 29 28 17 9 2 24 5 1 3 14 22 17 20 30 8 16 4 17 8 15 8 13 8 25 3 25 29 2 
12 30 4 16 19 4 25 8 15 30 19 7 12 18 15 17 23 6 9 2 25 8 27 1 8 28 15 13 4 14 18 28 8 2 10 16 15 28 30 12 20 0 18 8 26 18 29 25 3 23 18 9 10 23 21 24 7 17 19 8 14 11 22 11 16 26 18 3 3 23 11 27 5 20 21 21 22 12 
20 18 19 8 21 24 23 15 23 12 27 30 2 4 27 23 3 26 20 11 11 2 7 5 25 11 1 1 28 16 30 16 25 11 29 23 11 30 4 16 1 20 12 20 28 14 5 27 17 27 15 26 2 14 14 6 25 27 5 8 10 13 6 6 11 23 30 0 24 28 2 16 28 6 21 14 30 5 
2 8 19 9 18 13 4 2 28 4 7 16 27 27 24 17 28 29 30 3 25 17 22 21 1 11 21 8 4 16 12 9 26 13 0 18 1 6 24 19 16 10 29 29 12 6 5 16 8 29 23 22 17 12 8 3 28 12 26 20 7 15 19 25 17 11 8 23 22 1 11 9 26 27 1 26 4 0 
30 13 28 27 2 6 20 8 28 20 27 29 21 20 24 20 22 14 16 12 10 8 22 27 12 0 7 16 13 8 1 9 25 7 12 7 29 25 23 2 17 6 29 18 13 28 0 15 29 16 1 14 11 13 12 2 16 3 27 3 24 18 18 9 1 18 22 12 27 27 25 9 24 3 13 3 30 7 
7 21 5 29 28 16 28 7 18 19 30 0 4 28 26 2 17 7 12 22 18 12 30 13 3 7 19 10 8 26 14 9 17 23 28 13 12 25 30 9 28 14 13 16 10 20 9 14 21 17 11 16 22 1 8 17 25 25 4 13 3 17 13 23 6 22 5 3 9 8 22 1 9 2 29 11 27 18 
12 1 17 17 18 7 3 25 24 26 26 0 24 29 5 13 0 1 23 27 24 20 6 24 18 10 14 8 3 14 4 8 13 9 27 15 16 3 13 29 6 15 2 0 20 17 6 6 5 17 19 19 24 28 29 24 0 3 13 14 14 21 18 22 4 15 12 15 21 22 22 5 11 21 12 12 28 17 
2 19 22 6 28 17 2 16 28 28 4 27 14 17 14 13 15 14 15 10 17 14 9 6 18 9 11 5 1 18 6 10 12 2 25 28 13 10 15 20 9 14 24 24 23 13 16 26 1 22 7 25 4 3 7 24 4 7 25 3 25 30 27 24 7 3 3 27 18 7 2 24 2 27 20 23 16 5 
6 19 30 4 11 10 3 20 16 17 15 13 10 4 21 27 9 1 8 26 6 23 25 7 9 19 0 4 11 22 6 2 25 30 9 5 15 1 12 21 29 7 19 2 3 27 29 23 14 11 23 7 27 20 27 22 19 24 16 30 22 17 13 20 22 29 7 18 20 14 9 16 24 4 29 6 5 1 
15 12 28 2 23 0 30 1 19 17 30 26 18 3 8 26 22 0 20 8 5 25 8 16 13 18 14 16 24 3 11 2 29 28 7 11 8 7 10 14 4 22 0 17 2 8 28 2 30 13 7 15 25 3 23 30 28 9 21 7 17 29 6 25 16 2 12 24 29 22 9 30 24 26 26 15 14 12 
1 20 26 13 4 23 0 30 19 12 25 28 3 29 21 15 22 7 5 28 6 3 1 30 10 1 18 26 7 18 2 7 30 27 17 0 21 14 30 9 15 10 5 12 9 11 22 30 7 8 17 23 1 30 8 28 26 15 0 21 13 26 4 1 16 7 11 9 24 11 22 29 15 24 16 2 3 16 
9 4 7 9 4 7 12 21 13 17 8 17 3 4 3 17 8 14 19 29 17 30 6 0 2 13 16 23 27 18 16 6 16 5 28 15 14 15 14 11 23 23 13 12 15 2 26 4 13 6 11 11 18 24 29 22 15 28 0 2 2 15 11 23 1 26 7 15 2 0 28 1 17 4 2 10 18 25 
30 23 24 8 27 3 17 18 23 21 30 25 21 3 23 7 1 10 9 3 8 26 14 8 16 5 17 22 23 15 17 8 4 17 23 7 9 2 17 23 25 6 24 25 14 2 23 7 9 10 25 27 24 5 3 0 12 15 8 16 14 0 15 28 12 30 19 3 20 4 6 25 26 21 23 18 18 20 
13 28 13 4 30 25 12 2 25 13 15 22 16 29 4 16 18 12 17 3 26 26 1 3 3 9 20 27 17 22 2 12 2 20 9 28 7 10 5 19 10 20 25 28 20 9 27 0 22 17 23 0 9 12 13 1 28 24 0 3 20 10 15 23 5 12 20 25 10 22 2 20 13 21 1 23 18 8 
2 16 13 12 24 6 1 7 8 26 16 9 27 17 20 26 4 23 16 21 16 17 24 9 26 10 24 1 14 20 11 1 6 27 22 20 14 6 0 6 25 4 11 17 25 23 21 19 0 18 24 11 13 9 13 3 24 13 14 20 23 26 17 0 15 11 6 16 1 29 2 18 3 2 20 15 18 25 
11 2 2 6 23 11 20 25 2 4 4 5 8 2 6 1 0 11 9 26 1 12 15 5 19 22 20 17 28 14 12 1 16 17 19 14 28 24 17 24 10 12 3 28 7 29 10 19 29 19 12 2 23 2 8 0 24 14 0 10 2 5 22 14 22 20 13 18 21 27 0 15 21 2 10 8 30 25 
