12
30 26 11 8 28 8 0 0 3 7 21 21 14 11 11 2 6 12 21 12 16 13 24 29 10 21 8 2 25 9 24 19 26 0 3 15 5 3 4 4 8 5 22 19 15 30 25 7 1 9 6 9 7 26 19 8 7 0 9 22 5 18 19 20 6 9 7 19 15 15 16 14 28 2 5 16 18 12 21 9 28 22 16 10 21 28 12 0 3 28 23 
17 22 21 18 27 13 26 11 28 22 22 17 7 30 7 29 18 22 25 25 26 8 10 0 21 30 26 10 24 2 13 24 30 11 11 24 29 27 6 5 0 21 4 1 11 26 10 15 30 20 13 20 21 15 15 4 9 2 8 8 18 14 27 1 6 16 12 2 8 20 5 28 0 4 27 5 15 12 9 21 26 24 12 11 14 13 15 25 28 4 14 
21 14 26 25 21 14 15 19 5 8 30 27 12 30 18 7 18 23 9 13 12 1 25 28 15 28 6 14 1 7 9 15 27 29 27 5 17 11 30 27 8 17 28 21 10 10 22 24 17 15 1 19 11 29 12 4 14 21 11 10 2 30 14 28 13 26 6 13 4 8 4 3 24 20 28 21 30 10 28 9 6 1 23 1 22 0 4 24 13 29 21 
8 0 15 27 30 30 10 4 2 16 27 0 18 22 17 8 24 3 2 4 2 2 14 12 14 25 9 26 28 8 27 23 18 14 23 23 14 20 28 10 14 22 19 12 14 20 2 30 26 7 1 22 27 8 29 15 28 8 24 11 7 9 1 15 25 15 1 16 25 25 17 21 22 5 22 13 16 18 6 18 18 14 2 8 26 11 15 9 23 19 29 
5 24 22 10 16 11 7 14 1 19 27 11 20 8 30 30 21 8 0 1 28 27 17 26 26 3 20 7 30 27 16 17 14 29 13 14 29 12 11 23 0 25 9 19 20 23 22 26 18 23 29 24 0 13 7 1 28 3 22 7 14 23 11 4 29 1 7 13 28 9 13 2 19 10 17 14 2 24 15 7 14 10 30 25 6 30 12 8 4 22 10 
14 12 26 9 30 0 5 14 23 17 17 9 6 6 24 9 26 24 21 24 26 11 23 10 13 8 28 3 19 15 1 23 3 23 8 18 1 6 23 15 12 26 11 28 30 0 2 15 0 0 20 29 28 0 6 19 13 16 16 7 7 21 7 25 22 19 23 4 12 29 22 30 24 27 11 28 17 16 17 16 21 21 24 4 20 2 5 4 0 25 8 
24 10 7 27 6 8 9 10 24 4 19 26 10 12 19 12 18 26 21 4 3 4 25 25 24 18 6 30 21 23 15 2 22 25 23 27 6 26 4 15 29 7 27 24 14 5 30 13 25 8 9 28 8 19 23 18 17 30 13 1 5 11 27 27 1 23 25 3 20 20 9 11 21 20 2 12 3 28 5 19 3 29 29 15 1 29 1 17 17 11 16 
8 27 18 2 11 1 26 4 1 27 21 4 5 9 1 26 9 6 22 15 26 3 13 23 15 28 21 5 19 5 25 3 22 28 28 10 8 16 24 17 8 29 5 8 1 15 6 17 11 2 21 25 9 10 19 23 6 11 15 21 21 9 7 10 0 5 0 21 25 30 30 2 1 16 23 10 23 10 8 3 2 5 26 2 15 5 21 5 16 20 21 
15 12 11 3 7 10 24 4 10 1 12 19 26 22 14 17 25 13 0 3 19 20 7 10 5 13 5 14 13 14 18 30 24 17 29 26 12 27 3 26 8 8 2 19 26 0 28 28 16 13 27 30 26 23 14 4 19 14 0 16 28 25 18 11 10 26 19 10 21 6 0 12 27 21 9 15 4 19 19 2 12 7 13 16 18 20 0 4 3 6 2 
9 3 30 25 16 0 0 20 0 12 28 23 15 25 22 3 3 21 0 12 0 9 3 9 3 18 29 16 16 4 0 13 18 26 18 8 9 15 16 19 13 21 4 18 14 10 23 5 9 16 30 2 27 3 8 0 20 30 13 0 27 30 26 18 22 8 27 1 12 26 4 2 19 11 5 28 24 18 7 16 9 29 24 19 19 2 1 22 6 27 10 
5 0 16 16 29 21 18 6 22 6 22 4 21 29 14 4 13 17 3 17 1 4 20 1 7 27 20 2 9 6 20 10 19 9 28 23 12 3 4 15 24 26 20 2 3 22 26 18 8 19 9 2 5 2 16 14 14 10 10 27 14 7 22 24 10 8 25 15 23 11 6 22 20 7 27 12 8 19 28 9 7 8 9 20 14 0 17 26 12 24 26 
24 20 14 13 19 1 12 30 21 27 11 17 9 10 6 5 7 1 29 6 16 11 1 11 23 3 28 5 9 13 22 30 10 29 12 7 10 12 10 30 24 1 20 23 29 17 27 7 19 1 0 0 17 4 21 13 1 8 12 5 4 15 25 25 5 2 1 10 23 7 23 30 21 3 19 8 19 18 26 0 1 10 30 4 17 24 20 8 30 20 25 
0 9 8 6 24 23 9 20 29 24 22 0 17 16 26 25 0 13 27 11 18 24 2 27 2 23 19 18 10 23 5 9 6 15 24 29 2 28 25 25 12 17 2 6 8 18 11 28 7 6 8 24 3 24 12 1 10 3 11 27 13 5 17 20 0 28 27 30 2 7 29 15 24 18 5 10 18 19 4 8 14 14 18 9 12 12 16 27 3 4 3 
16 23 29 9 23 22 14 24 30 20 9 23 17 21 30 22 16 0 27 24 21 15 30 7 29 2 6 20 17 25 13 20 24 20 3 7 26 0 28 19 18 30 21 20 29 24 13 8 23 20 4 26 29 18 13 7 20 15 29 29 19 16 7 1 7 4 14 17 15 14 29 19 6 3 1 5 28 17 24 12 29 29 11 22 22 27 4 22 13 11 22 
6 3 4 20 19 1 0 24 27 30 21 28 6 21 25 25 5 28 25 4 30 9 0 29 3 10 1 19 29 15 1 20 24 10 3 24 15 28 21 2 17 9 11 3 0 26 25 10 11 23 20 9 19 13 7 22 12 19 29 17 11 27 15 11 19 18 8 0 2 11 26 25 25 29 29 21 1 29 16 14 30 27 25 25 16 30 22 16 23 4 12 
7 28 10 11 7 19 23 13 7 23 10 28 14 0 11 22 5 20 10 20 28 1 12 0 17 17 18 27 26 10 26 25 30 22 13 3 19 29 3 30 26 15 15 1 18 18 9 19 20 18 11 20 29 23 15 9 9 7 15 16 27 15 8 0 20 28 0 13 11 8 9 4 11 16 9 25 29 14 18 29 14 26 19 3 14 15 18 25 7 3 11 
13 9 16 17 23 9 16 10 11 11 13 28 6 4 21 5 27 21 22 6 7 14 5 23 2 27 4 27 12 20 26 8 29 28 8 3 25 10 9 5 15 8 27 0 5 28 4 28 11 12 19 2 8 0 3 23 29 17 12 27 1 17 29 25 1 16 1 26 13 15 10 24 6 9 22 29 6 3 1 13 26 2 12 22 20 18 24 11 29 15 25 
16 9 17 20 9 7 0 21 3 27 3 5 26 10 16 25 26 12 18 6 20 8 20 4 15 27 2 26 14 5 19 20 3 11 16 29 3 4 10 27 25 17 5 22 6 10 19 3 26 25 12 27 19 29 19 17 23 21 28 25 26 5 26 14 29 17 8 23 20 6 7 13 8 10 11 0 3 26 8 6 8 0 8 20 24 14 0 28 29 8 0 
19 13 2 12 8 21 5 13 30 4 14 5 22 12 0 4 3 25 13 2 27 6 19 22 27 13 0 22 4 10 1 15 18 19 22 15 26 10 19 23 20 11 0 9 18 30 22 16 5 2 5 26 25 12 18 13 30 23 11 7 7 22 15 6 19 2 23 7 23 28 22 30 2 22 10 27 23 4 11 13 10 22 6 15 7 27 22 2 18 6 6 
2 28 11 28 21 25 7 28 11 30 8 19 14 0 25 17 27 5 16 3 13 30 11 7 3 11 1 14 7 24 6 5 14 28 28 28 1 14 12 30 18 8 20 12 0 2 26 1 23 21 29 1 9 18 13 29 2 24 19 6 1 28 12 5 11 11 25 21 4 18 12 24 17 9 3 18 29 19 10 5 29 5 8 22 0 11 25 13 30 27 23 
13 28 18 8 4 2 3 15 29 12 10 4 0 23 18 10 24 4 17 17 7 5 24 6 23 9 23 5 18 1 8 26 23 10 18 8 26 16 7 5 15 28 30 8 13 3 10 8 3 30 11 19 25 0 25 0 22 14 4 11 7 22 2 9 9 28 18 17 1 29 30 2 2 26 4 12 8 17 29 11 25 7 30 23 19 25 7 25 17 24 7 
16 9 19 28 17 30 10 22 2 26 19 28 29 19 27 20 14 17 11 16 21 9 19 4 19 3 27 10 14 16 10 23 6 0 7 11 16 18 12 14 21 28 12 9 19 12 10 8 6 2 7 12 1 17 7 4 10 11 9 10 28 19 21 2 17 7 7 14 5 22 23 19 4 30 8 19 21 15 5 22 6 13 5 18 11 21 12 15 16 6 11 
29 6 13 18 21 30 13 20 20 30 9 0 28 0 30 11 14 8 14 26 6 24 17 11 2 26 18 2 12 1 25 7 6 11 28 24 10 27 30 14 15 29 11 11 1 6 30 12 18 22 11 3 15 28 7 30 20 16 12 8 17 9 2 0 6 7 12 26 20 9 2 20 3 20 14 0 16 4 5 5 9 15 22 23 30 20 5 21 15 0 20 
0 7 14 16 14 19 18 7 8 25 11 9 19 2 20 0 17 3 23 18 20 28 21 18 0 28 25 3 3 3 14 17 29 26 10 13 11 18 21 4 15 13 11 30 18 16 18 11 26 23 15 21 24 26 7 30 28 0 6 14 12 22 16 30 15 30 10 10 17 0 14 18 17 17 3 19 11 15 3 1 29 28 15 19 2 14 24 11 7 27 9 
