7
6 30 16 12 18 12 6 7 1 4 2 6 0 17 21 25 26 8 2 24 18 17 8 6 8 23 26 16 18 21 30 26 7 11 7 6 
12 10 0 27 18 19 5 9 2 4 25 22 16 22 12 1 18 25 19 13 14 8 5 25 25 17 10 18 10 18 0 21 1 23 8 6 
14 15 0 15 23 2 18 18 21 21 0 24 13 14 29 16 19 19 20 23 5 21 9 19 0 22 2 13 11 11 23 5 30 27 24 5 
11 8 10 26 19 19 4 18 24 3 17 0 0 19 26 2 27 4 27 26 11 28 10 14 17 2 30 19 13 13 16 11 11 22 5 6 
20 22 24 26 23 14 30 19 0 19 8 29 17 11 1 16 13 25 18 14 10 26 15 3 0 10 25 14 20 18 17 13 29 12 17 1 
18 9 4 0 13 15 27 10 26 23 19 8 14 25 1 28 8 24 13 12 22 10 7 30 5 19 18 2 13 16 13 1 14 9 18 24 
20 7 6 0 5 19 17 0 23 11 23 18 10 19 23 16 15 17 22 24 2 6 0 21 1 30 15 18 28 13 9 2 24 15 10 4 
6 23 20 14 15 29 10 8 20 1 24 5 9 2 15 10 25 1 6 15 30 6 1 17 30 25 10 24 8 10 28 10 2 7 1 25 
6 21 12 8 7 13 17 13 18 21 2 27 1 6 2 8 23 2 30 2 24 5 10 7 13 25 5 5 10 9 28 21 7 15 26 29 
16 21 22 7 8 17 30 9 18 10 20 1 18 14 3 3 30 24 23 24 4 29 11 6 18 18 21 27 23 21 15 21 7 22 30 6 
28 1 0 10 10 14 18 15 26 7 14 0 3 23 10 3 29 23 19 4 5 29 17 27 12 26 24 2 23 28 19 8 13 14 24 14 
17 7 26 9 16 25 3 18 10 14 3 2 17 20 27 17 5 26 2 26 12 7 11 29 27 29 29 17 15 9 1 10 6 1 26 21 
21 30 2 16 10 22 7 8 12 13 28 12 19 6 15 2 22 28 21 30 28 19 27 1 26 22 14 14 17 14 3 23 24 5 1 29 
26 29 30 12 23 12 22 4 13 20 0 20 11 26 4 1 13 26 5 25 10 11 3 21 4 6 23 14 24 28 11 6 22 6 14 8 
