12
5 3 29 16 2 6 6 1 17 1 15 21 19 9 8 11 4 25 21 17 16 2 0 3 29 1 28 21 11 19 6 17 6 9 6 27 25 2 5 11 7 1 10 19 30 21 9 7 20 17 6 21 2 7 29 23 10 30 1 26 21 27 18 26 16 21 14 13 1 27 21 13 11 4 3 15 25 2 27 0 5 21 1 17 1 15 28 10 18 25 26 
27 6 10 25 23 24 5 1 11 19 20 0 29 19 2 14 13 18 3 10 29 22 17 26 24 16 20 22 20 1 10 21 2 9 8 10 18 28 13 14 12 5 30 18 6 20 22 19 6 25 21 24 15 13 1 12 26 0 3 9 16 15 26 0 11 20 26 28 25 10 3 29 2 29 5 0 15 7 8 25 6 16 14 0 14 8 27 17 21 13 22 
16 26 0 14 27 12 29 6 21 0 7 23 15 4 22 10 16 10 7 29 3 3 16 4 30 17 22 18 7 2 10 23 10 9 27 11 6 16 19 0 9 16 28 9 12 17 14 11 0 18 23 0 12 6 30 10 22 18 5 7 20 29 27 15 30 19 26 29 18 8 22 12 29 20 5 9 9 12 15 26 23 3 0 11 3 10 11 29 17 22 8 
26 16 19 24 29 17 23 1 30 24 17 25 7 19 9 7 18 3 6 19 30 10 5 30 0 26 12 15 17 2 10 14 5 12 28 0 29 6 8 11 20 4 17 30 7 14 29 26 17 27 12 0 16 11 3 14 10 5 8 19 0 17 26 16 18 7 28 17 4 26 8 21 6 3 25 13 16 29 26 18 16 20 7 27 3 9 13 3 13 3 2 
16 16 25 7 4 18 22 6 5 18 12 6 0 9 5 1 30 0 18 9 17 22 28 29 23 26 11 14 12 21 29 4 19 19 11 29 19 11 6 22 3 26 12 30 6 16 24 5 4 22 15 7 15 21 6 14 3 10 10 27 27 12 10 5 27 12 0 0 13 23 12 15 21 23 14 26 3 24 26 16 6 7 21 4 22 23 25 12 24 20 25 
18 9 1 13 15 23 28 17 12 16 5 26 3 23 0 11 18 23 17 16 7 11 5 5 11 8 10 3 30 13 6 9 12 5 16 19 8 6 9 11 20 16 11 9 10 5 16 24 13 5 27 13 10 14 3 19 19 13 19 7 2 30 24 13 27 10 1 4 3 17 3 30 11 16 17 2 7 14 17 3 7 19 10 10 12 2 9 1 11 7 15 
26 10 14 10 14 20 16 6 29 7 13 24 17 24 0 12 19 20 24 4 20 13 18 23 19 17 2 16 5 3 13 29 2 29 17 28 16 2 2 21 0 8 12 22 26 29 14 10 29 14 12 20 27 20 16 14 1 20 27 10 11 4 30 28 30 8 17 10 25 13 25 9 7 7 9 8 10 14 25 3 10 22 30 0 8 13 20 21 27 10 6 
11 30 28 2 9 20 30 15 16 11 24 26 13 16 12 26 28 9 25 20 15 19 13 7 17 5 0 18 5 14 22 12 7 23 10 29 27 0 21 22 1 18 27 10 3 24 18 1 15 2 22 8 12 3 28 28 17 25 0 13 17 14 18 6 4 22 24 22 3 19 18 8 10 7 2 20 29 9 0 4 15 5 27 7 14 10 0 9 14 15 30 
27 16 1 20 15 16 6 22 12 18 9 1 17 7 7 15 30 3 0 7 21 7 23 0 1 27 2 28 7 30 26 10 26 12 8 25 7 23 15 28 6 17 18 9 26 3 6 13 22 3 15 10 27 11 5 6 26 8 26 15 30 2 4 9 23 6 6 20 30 13 16 12 7 4 1 17 23 0 10 0 9 3 9 7 28 2 23 27 18 9 24 
3 22 1 22 18 10 15 9 13 20 1 11 3 14 8 23 3 18 25 23 8 10 7 27 24 3 16 25 30 25 8 2 9 6 25 17 21 15 10 1 21 24 7 24 2 27 4 12 12 29 9 0 28 13 8 6 11 13 21 3 12 3 3 18 20 15 7 5 29 19 28 0 20 20 27 29 20 12 28 7 18 9 2 30 30 3 22 13 22 17 22 
20 15 29 9 25 20 20 9 15 1 14 4 23 11 18 19 13 18 28 29 7 1 30 7 23 28 8 19 6 25 3 30 1 7 0 21 16 12 2 15 19 20 20 18 7 20 7 5 3 6 3 25 18 6 24 25 27 10 13 10 27 24 3 11 3 27 28 23 9 11 20 3 16 20 17 8 6 6 21 15 28 20 5 5 28 11 3 29 2 16 3 
14 5 26 22 26 12 28 3 13 10 7 23 16 30 11 11 14 28 3 27 7 28 26 3 28 16 7 0 26 9 27 16 7 25 4 3 11 15 30 2 10 19 2 17 26 30 11 15 28 17 26 18 1 21 21 28 29 11 30 12 15 22 20 22 21 20 10 29 24 14 28 21 14 2 24 19 30 9 3 18 17 21 28 22 16 17 26 7 12 4 9 
5 1 14 12 6 11 2 2 9 9 2 10 1 17 4 26 11 1 23 29 14 10 3 18 2 3 22 27 2 12 4 7 27 17 26 15 23 28 27 9 26 19 5 16 13 13 7 5 27 21 9 3 13 6 9 0 24 1 14 3 28 0 19 20 19 0 13 1 23 10 5 26 1 0 19 12 1 0 20 28 28 29 22 27 4 8 28 16 11 30 14 
6 28 0 16 29 19 0 4 20 6 13 29 5 27 16 9 2 24 16 28 6 18 12 5 27 12 28 16 13 2 17 5 12 27 26 24 13 27 13 27 7 1 20 24 26 27 15 6 7 21 18 29 14 17 0 4 12 8 21 25 25 10 26 19 20 25 25 19 15 19 7 15 24 5 3 0 6 17 21 16 11 24 19 0 0 14 1 5 12 6 28 
16 20 3 29 15 26 12 5 18 2 6 6 21 15 6 4 6 15 18 15 6 26 7 9 16 4 29 25 27 14 25 20 26 3 22 30 2 25 4 22 28 8 23 6 30 28 28 28 15 1 3 7 2 11 27 18 2 8 14 6 10 12 9 2 10 5 0 4 6 25 17 4 2 11 7 16 14 21 6 18 27 30 22 21 3 20 24 22 27 24 28 
12 30 29 2 21 3 22 4 22 23 1 12 16 25 0 19 12 10 18 16 1 4 25 15 9 19 26 26 24 26 2 25 6 8 26 13 15 17 12 10 9 17 11 22 7 30 2 15 30 24 16 15 0 20 18 25 13 19 26 1 22 10 21 3 24 12 27 0 13 18 21 9 20 5 26 29 16 2 19 23 3 13 6 7 9 10 27 21 17 13 25 
7 2 10 25 7 2 21 15 9 28 22 21 16 20 1 19 20 15 16 24 26 3 4 29 5 30 26 21 12 22 5 2 22 16 7 22 26 25 21 16 2 24 18 14 3 2 9 25 4 9 1 4 28 0 15 5 22 20 0 25 4 20 22 9 24 4 23 14 3 7 27 18 23 10 9 18 5 7 11 2 10 30 24 7 21 26 19 2 24 10 8 
1 26 22 7 17 28 10 3 2 21 27 20 26 20 10 28 26 8 13 0 12 21 0 5 18 27 25 4 12 30 20 29 15 11 21 11 30 11 24 29 15 5 15 14 17 6 13 18 27 4 7 20 9 8 13 28 28 12 29 25 1 20 25 26 14 11 13 29 13 23 12 20 24 27 24 27 28 20 6 30 5 0 13 3 14 18 9 4 1 27 27 
6 27 3 1 9 19 7 1 6 20 3 15 5 11 20 16 9 10 28 19 28 5 3 14 28 10 24 3 28 18 26 18 8 27 23 22 2 26 15 5 0 23 9 9 22 12 18 29 5 10 27 2 4 1 8 25 2 30 16 25 12 14 11 0 17 28 25 18 2 13 3 24 27 9 10 29 28 23 21 22 27 11 27 3 22 27 19 28 15 19 11 
18 29 27 10 11 8 23 14 29 12 10 7 23 24 8 8 27 27 7 30 4 23 30 21 18 28 1 7 10 25 13 15 1 2 19 11 22 0 30 13 12 12 23 25 7 6 24 4 12 21 22 7 8 7 27 30 4 22 11 5 20 13 2 1 0 1 15 20 7 9 7 20 23 11 16 29 20 6 12 4 19 29 8 7 11 16 1 18 22 7 21 
16 17 15 7 14 6 1 0 7 23 21 4 6 18 3 20 21 1 15 3 15 15 25 29 16 15 27 18 5 4 3 27 14 22 2 16 6 22 10 11 23 29 17 27 20 20 0 24 21 2 11 27 2 10 14 3 20 17 0 15 23 7 29 20 3 13 6 11 25 21 22 4 5 22 19 7 21 19 20 13 23 25 20 17 25 6 18 28 0 29 22 
17 13 18 27 14 8 10 26 24 2 10 25 2 15 0 15 21 21 6 1 22 26 24 21 30 5 30 18 1 24 27 20 18 12 18 23 5 1 29 23 14 10 1 15 2 8 16 29 25 11 20 17 9 18 28 6 17 24 6 27 26 20 16 2 6 27 24 7 27 9 16 18 24 6 15 19 27 11 10 24 12 30 14 8 17 30 27 4 13 24 23 
26 8 12 12 25 14 13 20 14 28 19 18 6 5 9 18 19 1 8 0 6 2 14 18 13 1 8 1 7 3 13 14 11 5 18 18 14 12 15 24 6 9 4 10 17 4 29 13 29 26 23 25 14 13 3 28 4 28 24 20 24 13 23 15 11 13 28 9 17 27 28 6 21 4 30 19 10 26 27 2 8 29 21 13 2 27 3 28 13 1 9 
9 29 1 15 23 7 5 22 10 21 1 7 17 13 20 21 1 8 27 28 27 8 29 11 8 4 15 26 15 16 10 5 4 27 19 0 17 15 15 26 6 26 26 24 18 13 4 14 10 20 30 29 15 3 6 10 20 3 27 27 28 11 18 29 25 29 23 10 14 16 12 9 14 18 9 7 3 15 11 28 27 16 9 20 29 6 19 0 26 2 2 
