11
4 22 29 27 25 12 15 28 13 18 21 29 25 29 22 5 26 19 8 11 26 14 14 15 25 3 16 13 8 8 21 0 18 8 10 25 28 3 9 23 1 6 30 2 28 25 0 20 19 17 1 3 10 8 13 7 1 29 18 19 14 13 13 20 12 5 29 12 28 2 0 3 10 5 27 0 20 9 
28 23 2 22 0 14 27 12 4 25 7 0 18 28 30 8 25 16 25 15 0 30 4 18 7 0 3 2 17 23 21 7 29 28 28 20 7 9 7 10 3 16 10 28 9 4 26 13 30 27 2 25 23 15 26 23 27 30 9 28 8 18 5 22 8 10 1 10 24 0 25 12 9 23 10 2 16 10 
6 28 21 10 25 6 7 23 3 20 2 19 22 1 21 16 26 24 20 21 13 23 4 7 3 6 21 4 18 8 4 7 26 11 24 27 30 16 20 10 20 14 26 15 7 17 3 18 3 19 28 8 18 6 2 12 16 20 28 4 24 10 16 17 8 7 0 10 1 17 4 15 25 8 3 24 10 25 
24 5 6 13 12 2 11 26 20 5 27 3 14 16 24 0 29 9 11 13 13 23 20 23 4 1 13 2 12 21 9 19 23 0 9 5 10 0 16 2 18 26 9 0 3 0 24 9 29 12 15 0 10 15 2 21 18 21 11 17 5 24 6 25 9 25 18 14 23 19 11 25 6 4 0 25 4 4 
17 3 17 18 17 3 24 26 18 25 26 5 7 25 28 22 2 9 10 28 28 26 18 2 18 20 4 14 29 21 7 8 17 0 23 29 25 12 30 30 22 16 30 4 8 28 11 22 27 21 1 5 24 29 23 27 5 0 14 26 19 8 23 7 16 1 18 2 28 10 13 15 29 6 6 6 0 17 
26 28 24 5 4 11 5 28 1 20 19 26 22 16 0 26 22 5 9 0 26 24 3 13 9 1 28 28 28 23 14 6 13 4 12 23 0 15 6 19 6 25 14 22 5 26 14 17 13 21 3 26 15 24 29 3 25 3 24 26 24 22 24 28 3 26 10 4 15 10 12 0 3 16 5 26 27 13 
3 3 12 17 25 24 18 4 16 2 0 11 1 27 15 24 15 5 17 26 27 27 14 16 27 4 19 18 23 12 21 27 27 17 21 12 11 28 17 1 24 3 19 16 10 3 8 13 6 21 13 13 28 21 17 8 24 4 11 21 12 28 19 24 21 3 17 0 24 5 4 7 2 14 21 8 23 2 
9 9 17 18 8 11 19 6 16 25 15 28 2 30 25 16 19 21 13 9 6 17 27 15 24 5 25 28 27 20 14 4 23 17 1 0 11 28 18 6 22 1 25 0 19 17 14 30 10 16 6 11 16 2 5 17 17 11 29 25 15 0 9 18 9 19 27 16 16 6 1 4 21 2 17 14 10 5 
0 8 15 11 0 14 17 10 4 9 29 10 12 14 9 7 30 10 16 23 23 30 30 15 20 18 10 17 20 4 0 7 20 8 15 9 24 19 17 22 3 10 2 4 1 9 11 23 29 10 25 16 4 1 3 9 22 4 19 9 29 2 21 27 11 7 9 22 14 3 1 0 14 10 30 9 19 21 
29 14 25 30 18 28 26 25 1 23 16 2 20 9 29 24 22 20 24 1 2 8 25 20 4 20 5 4 18 8 25 26 2 18 21 12 13 10 17 14 6 30 29 26 30 24 5 15 21 21 0 1 24 15 5 17 7 8 9 12 11 4 5 22 1 21 4 8 4 5 14 30 13 18 15 7 11 25 
9 22 4 13 14 14 29 10 29 22 19 11 9 6 23 29 21 20 21 4 7 19 12 18 0 4 14 22 0 20 2 10 25 14 10 28 2 22 25 6 22 4 28 22 29 10 16 7 9 4 26 13 18 8 16 1 14 21 13 13 24 23 22 18 9 3 17 16 16 5 11 21 3 15 11 16 22 26 
3 0 23 14 23 6 23 9 16 29 23 16 27 10 1 12 7 15 22 11 14 15 16 10 30 14 15 2 5 18 29 23 15 26 15 10 16 13 2 4 30 17 11 15 27 8 17 26 14 22 22 24 5 28 7 21 2 23 29 7 22 12 30 21 9 25 3 4 20 4 8 6 8 19 19 10 27 27 
0 15 3 13 14 18 9 9 26 29 28 18 2 0 0 29 15 10 23 9 2 7 19 27 25 30 4 10 24 24 22 17 15 21 0 29 23 14 1 10 2 8 22 26 15 14 14 10 28 0 13 6 16 21 25 0 30 9 15 8 27 18 7 1 26 22 29 13 24 30 19 13 23 28 7 19 3 24 
2 27 24 10 17 10 12 26 8 5 24 17 15 18 17 6 9 29 17 10 17 7 23 27 29 0 21 19 11 25 22 18 24 6 10 22 12 1 3 4 18 19 22 8 14 13 8 22 11 0 23 15 28 26 14 17 17 17 14 3 6 2 19 20 17 6 22 18 6 9 9 3 6 21 16 26 25 13 
17 26 1 29 27 22 16 21 15 9 17 6 12 30 12 7 29 0 12 20 23 13 27 30 11 13 5 22 0 26 7 5 1 11 5 26 22 24 11 16 9 8 18 2 11 16 11 6 6 4 18 13 19 23 18 3 11 9 20 16 27 27 13 23 9 21 16 21 28 30 7 24 11 20 6 18 0 14 
25 25 10 22 30 17 26 25 29 1 1 12 7 24 19 23 3 6 19 3 11 0 7 25 6 15 7 25 8 5 4 20 19 11 24 17 29 30 11 10 25 15 11 25 7 1 25 16 2 22 5 19 28 22 12 10 1 19 25 2 23 0 6 22 18 21 23 15 14 27 17 20 0 16 11 27 13 21 
18 16 8 6 22 8 0 7 13 26 9 24 6 28 15 7 3 13 5 28 4 12 10 22 28 29 27 7 11 16 26 29 0 24 20 2 22 24 30 22 30 10 4 13 14 27 19 4 13 16 20 9 11 25 4 0 15 14 13 24 29 13 2 8 14 19 1 20 25 9 26 27 10 30 5 24 21 2 
11 13 30 11 28 12 17 20 18 23 21 4 22 26 25 19 7 2 30 20 16 16 1 11 26 0 13 3 29 23 7 7 21 5 28 25 28 13 5 17 7 16 7 14 12 25 11 12 30 27 19 9 18 11 8 10 11 10 2 18 8 22 6 19 17 15 8 28 27 18 10 2 30 7 16 21 30 25 
22 23 3 18 24 17 25 16 18 5 22 13 2 23 29 18 12 28 24 19 8 29 11 6 24 28 1 21 15 9 4 0 20 11 29 8 10 11 7 29 10 4 29 24 21 12 24 17 8 0 6 29 6 17 7 28 21 10 21 9 12 27 21 7 0 0 27 2 20 1 20 23 14 6 11 28 9 21 
28 7 28 26 24 10 7 3 11 8 6 6 4 26 21 17 14 8 18 6 15 30 29 12 1 10 0 22 29 22 4 24 26 0 23 12 1 29 10 4 0 9 30 12 18 23 8 12 19 19 7 0 10 5 28 2 24 25 17 10 2 10 16 5 11 6 27 7 14 8 11 20 15 15 3 10 13 0 
16 0 26 30 21 28 21 16 9 21 14 29 18 13 28 0 10 16 17 2 17 10 16 10 25 18 6 16 0 10 13 18 15 10 15 26 16 0 28 19 17 15 1 7 18 26 28 14 30 6 28 2 15 20 2 29 23 5 22 8 22 5 1 4 28 2 16 17 16 4 25 16 24 22 21 4 16 30 
10 21 8 0 15 2 24 2 18 2 30 13 13 21 11 9 2 21 5 23 23 19 29 28 8 5 22 12 30 11 12 29 20 28 5 4 12 11 2 0 9 11 4 9 8 4 28 3 2 15 9 25 9 19 12 25 1 26 4 3 22 29 18 18 3 7 8 3 19 30 2 8 10 11 5 20 6 8 
