10
0 27 25 0 6 20 12 0 17 28 18 1 17 24 23 21 19 13 30 12 0 25 12 11 23 4 18 13 26 27 19 9 26 26 21 8 19 5 7 6 11 30 23 30 20 27 5 1 27 10 16 12 26 11 2 11 23 5 13 23 1 23 13 14 20 20 
27 14 0 8 28 7 14 11 24 28 12 20 21 0 4 16 26 29 4 8 4 30 18 28 27 12 19 18 8 15 24 19 15 18 11 0 29 13 19 23 18 9 6 23 19 7 28 6 30 15 16 23 6 12 12 13 5 22 25 24 4 29 12 22 14 12 
16 25 19 26 28 8 27 24 16 14 2 12 8 25 15 2 14 28 18 18 6 28 25 1 15 14 24 21 3 29 12 15 4 5 6 25 9 8 10 5 27 20 25 4 6 18 15 22 16 20 0 13 28 10 16 0 24 9 28 18 22 20 1 27 2 18 
8 22 4 1 1 15 14 28 21 21 18 6 29 26 22 18 1 11 29 18 16 25 2 19 18 17 15 20 21 10 9 6 10 12 17 0 9 17 5 2 27 11 17 23 14 29 20 1 22 12 17 8 13 10 11 5 17 4 3 26 25 6 13 23 10 12 
23 28 3 17 10 24 7 20 26 7 12 9 12 18 28 19 13 26 10 19 11 16 25 18 7 4 20 9 12 13 9 16 1 13 17 21 10 2 25 19 18 9 16 11 14 17 2 27 17 28 15 19 4 11 7 21 29 9 16 10 20 14 10 3 30 20 
29 26 19 4 27 1 25 24 1 24 15 30 17 7 25 28 24 17 28 2 22 8 22 28 27 23 10 19 9 22 10 13 14 24 13 19 22 30 14 23 6 18 24 7 29 22 11 17 6 11 23 21 27 4 23 14 16 14 8 23 30 5 6 8 25 17 
4 0 9 13 28 21 13 26 13 24 25 21 5 4 10 19 12 16 1 14 11 10 27 19 6 22 13 27 12 4 16 0 8 0 2 16 17 1 30 30 4 13 19 14 3 23 22 19 20 8 20 9 28 26 29 15 29 11 10 21 10 30 26 28 5 25 
4 20 0 27 13 28 24 0 10 6 20 27 13 2 25 21 8 1 21 15 27 9 28 21 9 23 3 28 2 28 23 14 11 19 15 2 22 3 27 2 27 5 7 5 0 26 0 26 8 23 22 9 3 10 0 2 11 9 0 27 19 5 11 21 16 27 
11 8 20 25 16 16 0 12 15 18 27 10 0 28 0 28 9 10 4 3 17 17 29 20 0 8 13 28 18 6 26 12 16 8 1 25 9 6 7 22 9 13 24 9 0 14 0 10 10 28 14 4 0 10 21 18 11 18 30 13 21 17 13 20 30 7 
15 25 18 0 19 9 15 25 3 27 3 26 1 11 6 29 26 25 7 29 29 22 7 17 4 13 20 4 0 17 27 30 29 1 30 15 4 26 4 29 10 0 29 7 22 6 22 28 15 24 15 20 10 29 14 24 10 12 20 19 16 10 26 10 5 25 
24 17 7 3 0 5 14 9 18 21 13 25 26 8 14 28 25 24 18 19 6 26 16 30 14 20 9 19 22 2 17 22 9 22 12 26 21 2 18 10 12 10 30 7 25 7 4 10 15 12 17 21 28 30 10 17 25 13 23 4 14 25 17 5 8 17 
21 1 20 9 16 6 26 25 27 16 26 27 18 27 3 19 13 6 15 26 27 18 0 4 12 10 6 26 2 18 5 3 13 24 12 1 9 24 0 20 30 27 23 29 8 16 2 10 18 11 12 16 15 7 30 29 29 11 27 13 7 21 8 29 6 21 
15 2 19 4 9 5 28 18 28 0 2 13 3 28 13 29 5 21 21 5 2 14 3 8 14 29 12 24 1 27 1 11 19 7 1 3 29 0 24 18 5 19 7 16 16 16 2 4 0 6 24 12 10 29 29 5 18 3 25 21 11 22 2 12 12 11 
26 7 17 23 0 21 16 7 15 0 20 2 19 9 16 6 4 26 23 1 2 27 3 9 3 25 6 25 26 13 25 7 30 29 15 30 17 26 15 11 13 3 2 2 26 9 5 15 4 16 22 7 8 22 28 16 3 9 19 17 23 5 0 26 10 22 
21 0 25 16 17 22 29 28 28 19 23 30 8 22 22 26 7 15 13 6 19 8 23 18 11 26 20 18 3 5 9 21 27 27 12 27 16 23 9 19 20 4 15 19 16 15 16 27 18 4 30 27 17 9 9 15 28 11 20 0 13 0 17 6 26 27 
0 12 5 22 17 21 23 14 9 23 2 30 10 18 20 26 14 3 0 20 25 12 19 9 28 30 10 12 7 27 26 28 10 28 15 21 19 25 0 15 8 16 11 15 10 30 16 15 4 6 10 27 12 30 27 18 19 6 18 17 14 23 25 30 5 12 
23 11 15 6 12 10 3 6 17 15 7 2 23 29 1 8 9 14 21 8 4 23 16 28 12 5 28 22 0 6 7 16 11 10 9 21 26 16 13 21 19 21 25 20 24 8 13 26 3 22 1 25 9 9 20 2 17 9 21 26 26 21 1 24 26 27 
20 5 14 0 3 2 6 4 26 6 3 20 10 22 9 23 29 14 15 16 15 13 28 1 14 11 19 27 16 15 22 0 28 9 21 15 28 5 23 2 15 24 30 15 14 16 4 19 3 25 12 9 14 4 25 12 21 26 9 17 17 7 17 5 2 17 
26 30 26 14 13 6 25 6 16 15 17 0 12 28 14 30 1 1 26 18 19 27 0 27 18 27 3 2 1 2 18 28 24 4 1 12 16 17 23 5 26 22 0 10 4 6 20 5 12 7 23 30 20 22 5 18 8 26 19 0 6 6 8 26 22 11 
18 22 23 21 29 6 11 23 19 17 22 6 17 5 7 19 21 21 25 14 27 9 9 18 16 2 19 22 28 1 11 4 21 3 23 21 0 12 26 2 10 29 15 28 2 15 20 27 9 26 13 15 26 30 29 27 30 25 3 10 23 15 5 10 16 4 
