12
8 17 18 11 30 7 9 13 21 6 13 26 16 18 2 7 7 0 20 25 3 12 7 26 8 25 28 1 29 1 17 26 3 1 17 20 2 15 20 25 21 4 11 7 10 2 19 29 11 1 1 16 8 21 26 3 12 7 21 0 22 20 0 21 1 1 0 15 25 8 17 24 16 7 29 10 16 15 13 26 10 11 0 2 23 21 17 22 12 21 11 
10 6 12 5 19 7 11 18 0 1 5 18 24 11 8 17 9 6 17 18 26 9 9 22 28 16 23 28 28 1 21 17 27 17 0 14 26 4 22 26 1 6 18 0 7 3 21 27 20 2 12 22 2 18 9 0 22 20 5 0 25 8 0 29 20 10 3 26 3 5 16 7 10 2 24 1 13 21 11 1 26 7 20 23 8 21 2 25 1 8 20 
16 17 26 9 0 17 22 3 22 9 21 6 6 1 11 1 11 14 1 3 24 14 20 23 11 22 4 28 4 12 29 4 24 0 26 18 13 30 11 19 10 28 22 13 10 13 3 4 21 23 17 18 19 6 2 20 27 22 19 8 10 7 10 6 24 29 12 11 29 4 30 6 28 5 13 25 1 16 3 7 16 29 20 3 29 21 21 8 5 3 8 
28 21 22 11 5 15 11 25 18 6 13 21 29 10 26 2 28 19 1 5 25 0 26 4 28 6 17 23 24 29 3 27 4 28 25 2 9 3 6 26 2 5 1 14 2 1 20 8 9 16 2 8 18 1 9 3 8 19 25 18 4 18 17 20 8 13 3 11 15 21 22 3 1 24 7 13 27 26 2 21 14 20 2 24 14 9 2 12 10 4 16 
15 12 30 23 16 18 19 7 7 9 18 22 30 26 20 16 20 0 2 17 24 11 19 29 23 26 13 21 20 20 17 13 25 6 28 8 9 16 15 29 16 7 9 29 6 29 13 27 20 15 30 3 5 0 22 2 20 6 15 16 25 27 2 14 18 0 9 27 7 30 0 30 15 19 27 22 3 22 26 14 29 14 24 11 8 6 2 22 8 29 25 
9 14 12 6 0 0 18 17 14 23 1 5 7 22 29 11 0 17 13 17 13 19 11 3 19 29 1 23 22 17 10 27 18 15 0 12 4 9 2 27 16 3 12 8 13 21 13 7 16 23 29 3 21 8 3 7 2 2 17 15 16 6 14 27 14 4 8 24 1 19 26 16 15 7 19 20 7 7 17 13 15 18 22 13 17 15 0 8 20 8 19 
5 15 14 7 8 18 23 20 23 25 30 1 16 27 16 24 4 21 22 1 9 15 10 7 16 22 21 21 11 21 20 3 26 14 18 19 25 29 13 20 5 1 7 0 6 24 17 13 1 20 26 29 25 12 1 24 21 26 27 29 17 0 11 15 15 13 10 2 11 7 6 1 28 16 6 18 29 24 13 9 22 25 1 14 2 0 6 29 30 25 2 
21 19 22 0 9 9 19 20 17 6 6 27 5 23 11 29 2 2 7 0 17 30 6 20 23 5 30 3 20 8 19 24 22 18 29 26 29 3 24 5 23 19 29 17 26 13 22 4 16 0 19 11 23 3 0 2 2 18 16 24 25 20 26 16 0 7 29 12 17 30 25 9 6 24 14 21 8 29 24 24 23 8 5 13 11 10 9 18 21 10 2 
20 17 13 4 22 16 7 28 28 6 12 29 7 2 14 6 5 16 10 7 6 8 20 22 26 11 12 19 12 12 7 4 5 22 8 25 5 13 21 10 3 7 19 25 20 1 15 2 4 19 29 2 19 30 29 19 14 9 19 9 23 3 7 16 12 11 11 8 20 28 18 19 7 19 25 25 13 16 22 4 26 15 15 14 24 27 8 2 18 29 17 
28 23 14 23 30 3 19 9 25 20 30 27 4 14 16 27 8 8 15 9 1 22 26 4 29 18 3 16 1 21 11 25 21 20 16 0 27 7 25 21 16 14 11 15 4 24 1 19 13 3 17 25 18 20 10 15 13 26 12 21 29 15 26 23 14 29 18 14 28 23 21 5 23 24 16 8 30 18 24 15 21 24 12 13 3 12 21 12 18 15 12 
6 6 5 27 27 17 0 28 22 26 3 25 12 27 29 29 30 3 15 12 16 24 15 26 24 6 20 3 8 29 26 21 5 27 1 19 14 15 16 3 22 7 23 16 7 4 15 24 21 5 0 25 5 26 18 10 22 9 4 19 21 29 11 0 10 4 27 22 8 0 20 8 11 16 0 27 10 3 6 30 13 5 29 5 16 24 3 1 5 22 27 
14 11 4 30 8 25 1 22 24 8 26 10 11 22 12 21 16 7 19 30 25 4 3 1 26 14 15 2 12 1 25 30 1 9 3 30 27 5 13 2 25 5 6 28 4 2 18 28 21 18 13 22 7 0 29 9 9 14 15 10 0 4 7 2 7 8 23 12 20 11 9 3 11 9 19 10 17 0 13 4 24 21 7 0 6 21 15 9 12 28 15 
19 14 9 26 13 9 27 22 12 7 13 2 26 22 17 5 19 10 7 15 3 25 12 16 28 15 26 12 1 14 3 15 18 1 24 6 0 24 1 24 14 10 0 7 10 10 25 5 5 28 15 19 3 8 22 26 30 24 26 19 4 0 30 26 13 9 13 12 6 6 29 14 15 8 4 14 29 2 16 30 5 2 17 28 12 28 25 2 29 23 5 
12 10 27 24 0 21 29 15 5 19 14 16 15 1 12 6 20 22 9 0 26 0 8 27 5 4 18 12 30 3 20 26 16 2 8 30 6 18 5 26 7 8 5 23 25 30 22 13 6 8 5 3 22 6 8 14 0 7 19 12 2 13 28 24 30 19 11 10 13 9 24 10 1 10 8 18 24 8 14 22 23 0 30 23 17 5 21 28 10 25 0 
13 16 28 14 19 28 25 28 10 9 16 9 27 23 18 14 4 0 18 23 23 18 14 9 5 17 14 23 12 21 0 28 6 2 22 21 15 29 4 26 11 9 17 23 26 4 21 12 25 17 11 15 21 6 7 23 27 22 7 20 29 28 10 25 9 20 11 11 12 30 28 21 24 25 10 18 28 20 26 12 28 21 15 2 25 21 15 20 5 7 5 
13 25 8 18 16 29 10 21 29 25 19 0 7 8 6 16 6 10 27 1 11 23 25 11 27 30 24 18 0 17 3 14 4 12 30 17 9 27 11 20 17 19 13 11 8 23 21 18 13 30 18 24 4 12 14 2 7 8 26 28 9 14 13 4 2 23 14 2 20 29 30 9 15 25 13 16 15 30 28 17 24 18 10 11 16 25 7 15 16 14 0 
17 29 3 8 16 25 14 4 17 18 28 18 6 28 11 8 8 17 25 25 4 29 29 13 25 11 5 7 2 14 21 8 13 24 12 19 23 7 24 18 1 20 0 23 28 5 22 23 16 19 16 30 9 11 23 11 9 30 27 4 4 11 4 5 20 14 4 9 27 24 27 0 16 27 16 15 1 26 1 12 26 11 14 28 14 0 19 30 6 1 4 
15 7 6 3 21 7 9 13 23 30 13 24 11 23 4 19 27 20 5 5 6 19 16 24 7 21 30 22 9 0 21 1 17 14 1 20 21 12 6 9 30 25 6 29 10 22 20 3 12 12 5 5 20 7 25 22 9 5 2 2 21 16 8 30 4 12 1 25 19 15 19 30 19 18 22 12 15 26 10 9 0 17 29 8 19 18 12 22 5 3 30 
30 28 15 26 16 20 19 8 27 19 26 14 28 25 22 11 24 20 8 2 10 14 30 30 28 20 24 15 3 3 22 1 27 27 4 3 5 4 1 25 22 1 9 9 17 10 11 17 22 26 22 19 2 15 3 22 28 2 3 18 7 4 24 22 24 12 15 7 29 2 20 9 9 28 11 20 5 5 25 24 9 30 19 10 17 28 17 21 14 24 10 
1 3 8 6 17 29 30 11 22 0 14 8 20 22 28 0 19 7 2 15 19 17 9 8 9 28 27 2 24 11 3 16 12 30 19 13 16 0 24 29 28 17 9 4 4 20 4 29 20 20 10 12 10 10 3 19 26 5 30 17 4 0 21 29 20 17 16 3 24 19 6 17 22 6 0 27 5 30 2 0 2 28 12 10 5 20 16 19 23 21 27 
22 10 7 17 8 15 18 14 27 29 28 19 5 15 8 29 7 27 8 8 18 5 26 4 2 20 9 0 1 10 17 26 25 9 30 4 1 27 1 13 5 26 11 11 23 18 9 14 18 22 3 25 26 26 12 23 13 14 13 13 21 29 21 4 7 5 25 19 20 20 15 11 16 1 29 30 8 5 24 17 24 26 11 14 16 6 5 26 0 19 22 
1 2 5 25 6 5 20 29 2 29 23 4 6 21 19 12 6 20 11 24 19 28 3 2 25 0 3 17 19 21 18 29 16 1 21 8 18 0 6 16 19 1 16 14 27 21 16 28 5 16 22 21 5 19 16 26 10 2 24 10 15 10 5 11 6 3 29 7 26 3 27 6 28 24 26 29 1 21 27 20 0 8 28 29 26 28 11 26 25 13 6 
8 4 12 18 4 11 8 14 1 10 6 16 18 3 28 20 12 18 30 2 14 5 25 3 16 12 10 1 5 27 13 4 28 21 15 22 21 22 22 12 17 30 20 24 28 16 27 10 27 14 28 7 17 2 2 30 1 30 21 1 22 11 27 21 16 8 2 4 2 28 4 27 11 14 11 22 4 30 23 11 24 23 1 30 24 27 22 22 29 18 19 
25 22 19 0 10 0 19 20 16 17 8 6 4 6 30 7 30 16 30 8 30 21 12 5 6 2 3 1 8 17 21 11 0 29 18 20 21 25 19 1 23 27 20 25 0 3 21 24 15 29 12 29 19 6 17 4 21 20 15 27 26 10 6 15 30 15 25 27 14 29 18 7 6 9 29 25 7 20 16 1 19 27 21 9 4 19 11 1 7 2 17 
