10
23 14 17 23 22 14 13 12 18 24 19 8 20 21 14 24 7 12 25 12 11 9 2 3 23 22 29 2 7 10 25 13 0 9 10 4 22 2 28 1 23 1 9 0 12 21 14 6 30 28 20 19 26 18 13 0 22 26 6 16 3 29 21 6 11 20 
13 14 15 21 14 3 9 12 13 26 1 23 0 13 2 4 0 16 26 7 9 26 11 29 26 17 23 15 30 15 11 20 14 27 5 10 18 7 26 9 23 2 6 11 29 16 8 3 6 16 10 25 6 24 1 19 0 22 28 22 1 17 20 4 25 14 
29 27 29 27 1 24 26 23 16 14 9 26 12 26 7 21 18 20 3 11 12 6 26 11 26 26 17 1 12 24 1 19 12 6 11 9 23 19 1 0 1 21 3 10 5 24 0 5 29 1 9 14 19 15 13 2 25 23 9 27 5 11 20 20 12 19 
9 22 17 8 24 5 6 24 3 24 11 0 14 2 30 2 8 15 28 21 15 0 24 24 8 15 12 30 15 29 28 24 5 21 13 11 10 30 7 28 0 27 29 21 24 24 7 1 2 14 29 23 22 15 23 16 0 28 12 9 23 1 27 14 3 0 
21 19 16 24 24 24 24 20 22 24 15 14 13 24 15 25 18 13 17 22 15 30 13 27 6 13 7 13 12 24 19 3 0 14 11 21 15 29 18 9 19 25 5 27 5 28 2 15 12 27 1 11 23 28 28 21 12 21 12 19 3 25 7 5 12 10 
28 30 30 4 24 3 25 15 14 7 4 8 9 1 25 28 4 29 6 28 10 20 12 9 21 23 5 4 10 26 27 24 30 5 26 11 1 23 16 4 6 27 17 10 25 9 21 30 18 13 11 4 11 13 30 8 5 19 19 10 17 28 23 16 20 11 
14 30 5 27 9 28 14 11 2 0 19 2 10 24 12 15 5 12 25 2 9 26 25 3 25 21 15 4 21 2 18 13 6 8 24 5 26 16 19 6 30 5 1 3 13 2 7 15 29 18 21 28 6 19 21 14 16 26 20 1 20 22 4 23 4 27 
13 25 27 6 15 11 20 16 3 26 3 17 14 25 2 30 7 22 29 18 22 24 29 4 7 14 24 13 12 19 6 25 27 14 18 22 18 12 22 16 12 21 16 26 16 10 17 17 7 3 7 23 6 14 1 14 19 16 2 20 10 12 12 30 19 29 
13 2 19 11 17 17 1 25 20 17 24 8 23 14 15 18 6 6 5 5 23 26 3 29 25 13 5 22 20 4 10 2 8 6 20 7 22 13 18 30 10 22 28 30 7 23 15 9 26 4 10 0 7 23 2 13 4 2 16 6 3 24 1 12 25 22 
19 23 21 11 21 29 27 19 30 1 5 30 13 2 17 11 2 5 15 0 30 14 24 12 28 10 7 4 17 6 5 22 11 25 3 20 9 26 8 11 6 29 21 24 26 21 27 0 13 10 9 9 22 11 24 10 20 18 16 11 4 12 0 12 4 0 
17 11 2 19 22 16 19 25 30 19 16 13 26 19 5 2 7 1 13 18 9 1 28 2 13 14 18 0 2 13 12 5 5 19 28 30 5 4 19 26 2 30 17 23 26 18 19 23 7 26 13 7 9 2 25 28 5 1 23 6 20 26 4 21 2 5 
3 4 21 16 26 12 6 26 17 8 17 29 9 7 5 30 3 28 26 1 19 1 23 16 2 18 26 14 27 5 24 18 3 9 29 7 6 2 10 19 4 27 2 1 22 13 22 1 15 26 1 13 14 20 22 6 29 0 13 25 27 7 24 15 15 1 
20 7 23 12 24 8 13 20 0 30 9 25 18 15 7 14 28 22 27 7 7 8 22 9 1 11 17 10 15 1 18 2 24 15 20 0 28 5 12 6 0 0 2 3 2 30 14 17 25 18 7 3 19 21 3 26 15 9 25 11 15 14 6 1 4 24 
6 29 13 29 4 29 16 3 19 4 25 22 7 24 10 9 16 9 2 1 10 16 23 27 12 18 22 16 15 21 17 28 22 10 3 1 29 10 20 30 6 9 17 12 25 6 22 2 29 24 0 12 14 23 14 10 5 12 8 3 12 14 20 21 25 8 
23 7 14 20 21 21 10 0 27 24 20 0 15 9 12 6 5 11 8 19 19 16 19 25 1 1 2 8 12 13 19 13 22 0 11 1 14 26 6 4 22 19 28 13 29 4 0 5 8 1 11 14 24 13 17 11 13 22 8 11 29 2 18 27 1 18 
1 6 7 8 26 28 15 16 22 17 8 6 0 1 17 8 2 0 21 10 17 19 23 3 29 2 16 24 5 23 22 25 1 4 15 6 26 4 8 29 21 7 14 0 8 29 8 23 16 15 10 8 25 26 4 18 26 26 30 29 19 25 25 27 28 26 
18 0 6 17 22 17 24 5 18 22 3 28 23 11 5 19 9 27 8 0 16 13 6 25 17 12 10 13 29 25 20 7 28 26 29 10 22 13 24 27 6 21 13 5 22 3 9 8 21 14 24 1 5 20 16 23 20 18 10 21 0 3 10 13 4 16 
27 1 8 18 6 8 4 17 7 27 19 30 1 26 0 7 26 20 19 17 16 16 28 13 17 17 8 20 0 1 21 8 7 12 5 3 24 30 3 12 21 28 26 28 15 9 16 20 28 3 18 1 13 17 10 12 28 4 29 18 5 24 30 7 12 29 
1 10 29 4 14 24 5 4 8 12 2 7 4 23 0 27 8 20 17 1 10 28 9 27 11 27 19 8 28 26 19 20 6 30 7 8 28 10 7 17 0 4 18 25 17 23 29 2 18 8 6 3 1 0 3 2 10 24 22 7 23 30 4 2 27 12 
23 9 19 3 21 28 4 18 4 7 26 28 24 30 17 27 8 11 4 26 20 18 15 12 12 21 14 5 0 18 11 6 2 16 20 10 26 29 19 22 0 25 2 8 2 3 10 12 11 18 17 24 15 17 21 4 16 27 16 14 16 5 27 15 29 26 
