7
22 4 18 18 26 2 25 19 8 27 25 4 8 8 30 0 12 11 30 12 3 30 4 13 1 28 30 12 3 12 26 19 14 12 19 21 
24 0 29 23 19 11 11 0 19 6 14 4 8 10 18 0 30 9 0 10 15 15 26 27 1 7 20 23 22 22 3 11 20 7 3 8 
22 16 23 21 12 25 20 7 3 0 5 6 21 0 27 12 27 5 20 19 26 15 20 26 19 23 17 5 23 12 30 14 13 3 2 25 
21 11 20 4 17 5 10 23 11 14 20 8 1 13 24 9 1 2 29 22 14 28 27 14 25 1 10 5 14 9 2 13 1 6 4 17 
20 23 25 27 24 16 24 26 29 16 16 10 6 29 13 12 7 28 19 9 15 10 26 7 20 22 16 13 26 23 23 30 25 25 23 7 
21 3 16 9 1 14 24 7 26 7 22 0 9 19 0 17 10 1 11 4 2 17 20 4 8 21 15 13 10 0 1 28 5 3 8 17 
6 15 22 26 20 23 24 9 24 11 0 20 29 5 26 6 25 30 24 22 27 30 10 13 10 6 18 1 30 24 13 5 25 12 14 7 
12 19 23 17 13 13 7 16 19 12 2 2 6 6 16 1 3 9 0 12 23 12 26 15 7 4 15 2 28 15 19 21 29 25 14 27 
15 23 14 12 22 4 0 21 15 25 27 12 11 17 14 25 24 24 29 2 2 11 2 23 0 6 3 29 12 9 26 14 25 28 23 19 
24 26 9 7 25 20 6 30 10 18 21 22 18 1 19 26 23 27 17 4 7 30 9 13 17 26 3 19 17 22 7 13 21 6 29 10 
12 16 20 24 15 3 6 8 30 3 3 2 1 27 22 30 28 22 25 7 8 1 6 11 10 5 16 10 3 13 26 18 23 13 0 29 
0 23 14 4 28 28 19 19 19 1 24 19 7 8 0 5 4 8 12 19 27 9 29 7 29 16 11 24 11 28 17 15 23 11 10 14 
16 28 23 27 8 13 28 22 21 1 25 17 16 21 29 18 11 12 15 23 28 6 27 28 29 25 23 5 29 29 18 19 24 7 17 21 
24 11 24 15 2 5 2 10 30 11 29 23 11 24 16 10 7 3 3 23 11 7 6 4 29 11 26 10 24 9 15 17 3 19 4 28 
