8
6 20 12 10 6 0 14 14 24 2 5 14 11 8 18 13 7 16 9 2 6 6 23 10 30 30 25 13 29 23 11 29 14 30 26 25 27 11 10 25 6 6 0 6 23 
7 27 3 23 1 27 8 6 3 8 21 25 26 1 24 26 17 23 21 18 14 0 27 17 19 30 7 8 7 17 3 14 17 1 20 21 11 29 23 2 22 0 24 4 8 
5 25 19 1 10 25 7 22 27 27 12 27 2 7 10 3 4 3 5 25 2 23 11 25 28 10 12 6 1 0 25 27 26 22 10 29 8 4 2 14 20 26 27 0 3 
10 6 9 21 5 28 10 5 26 4 5 11 2 28 24 18 28 16 26 25 14 25 16 12 2 22 13 15 29 25 16 8 5 9 25 24 27 30 6 25 6 6 26 11 6 
19 28 1 9 13 22 20 26 28 11 28 14 10 19 27 29 30 10 18 26 24 12 25 1 18 30 3 8 15 19 10 29 5 12 1 7 0 4 16 21 24 16 12 1 0 
16 27 15 4 23 16 5 12 21 23 23 12 17 28 18 1 30 15 2 29 30 30 23 2 3 2 11 13 4 0 6 8 9 9 22 9 22 17 7 12 16 8 20 29 15 
18 5 11 23 6 30 19 29 27 1 21 13 19 26 15 29 21 6 3 21 17 6 12 24 3 16 27 14 3 30 26 1 0 14 16 17 25 18 23 26 22 2 2 18 21 
6 15 6 29 19 14 5 4 9 25 25 13 22 14 17 15 12 30 26 25 18 27 26 14 21 11 27 20 1 10 4 26 17 8 5 25 21 12 27 22 19 21 19 5 22 
18 0 8 16 28 11 3 26 1 22 19 3 17 27 21 0 21 6 7 13 30 11 22 29 8 25 18 22 7 8 30 19 15 8 26 4 0 21 13 15 19 29 10 25 11 
25 0 23 18 7 28 17 5 6 23 17 30 21 15 29 4 23 8 14 26 23 12 13 20 22 14 30 19 1 8 6 19 12 13 23 14 6 29 8 7 1 1 6 15 14 
24 18 20 12 16 25 4 10 14 7 7 3 1 23 19 4 13 25 19 0 22 28 27 7 25 10 17 0 0 18 21 3 6 27 27 6 15 8 13 14 26 1 9 21 30 
17 0 7 17 4 26 29 10 29 23 7 1 12 23 1 1 22 12 17 19 8 4 13 30 12 2 6 10 16 24 17 21 25 28 14 13 5 28 0 10 25 29 6 23 24 
29 23 12 1 18 13 12 0 8 18 3 7 1 0 19 24 27 11 3 11 8 21 29 26 24 28 0 6 12 24 25 20 17 13 11 12 12 9 21 4 1 17 26 14 22 
8 15 8 27 5 0 11 23 21 1 6 16 4 8 26 14 16 11 20 22 22 1 3 7 15 23 2 28 8 15 17 6 13 0 13 1 8 6 25 5 15 16 22 23 18 
1 19 20 15 29 27 8 3 1 25 23 15 25 20 25 14 12 4 12 10 25 14 7 14 11 17 12 8 18 16 6 10 14 6 21 21 15 17 29 8 13 3 25 3 0 
23 3 9 19 19 26 15 3 28 16 1 10 3 24 30 10 16 12 9 24 18 20 10 3 28 1 22 22 7 15 22 21 18 21 10 3 29 8 7 29 18 21 28 1 19 
