12
15 18 30 16 8 11 24 14 10 10 24 25 5 14 23 27 24 9 28 2 21 7 0 30 0 25 4 28 7 27 30 5 7 4 14 20 18 2 20 23 8 24 30 24 4 4 29 1 18 22 8 1 2 12 3 6 28 30 0 15 6 1 5 23 9 3 27 7 6 3 23 12 4 26 2 14 30 3 26 14 29 22 18 22 6 22 1 26 1 29 9 
29 7 27 21 9 11 14 2 10 22 0 4 2 5 4 30 13 16 22 22 24 25 12 24 9 22 13 3 1 13 11 19 16 23 20 28 13 9 29 23 30 11 21 12 4 9 23 4 6 26 7 17 2 25 22 25 8 2 26 28 18 27 27 12 27 9 30 23 16 23 22 2 6 8 26 3 25 18 26 5 29 8 13 10 4 20 28 15 25 23 7 
7 13 4 18 15 26 26 16 13 6 23 5 7 26 21 15 19 6 13 21 26 1 4 28 15 15 18 6 9 7 15 17 24 28 6 3 15 16 0 5 3 3 2 16 10 3 9 17 28 3 30 24 26 2 7 4 18 29 15 20 26 24 10 12 24 28 6 20 11 15 30 27 17 6 25 5 18 16 4 5 29 5 16 17 10 13 7 2 8 24 8 
26 22 17 22 12 4 2 0 4 10 17 7 9 18 20 8 30 29 24 24 12 22 1 24 1 0 1 11 30 3 4 18 1 4 12 23 12 12 23 21 18 23 3 22 26 13 24 7 11 8 16 16 21 26 26 26 7 3 20 26 15 13 19 25 20 8 29 25 4 10 5 22 10 25 15 21 13 8 4 5 4 16 21 30 16 5 9 4 9 3 2 
12 6 8 17 29 10 2 8 24 18 17 6 5 26 13 6 22 20 24 10 25 16 21 24 30 7 20 1 11 3 1 22 14 11 6 30 29 22 3 18 1 16 6 10 25 19 0 30 16 4 11 13 3 4 22 27 7 7 23 12 22 14 20 16 0 13 2 16 9 6 25 21 8 0 2 21 15 26 9 1 7 18 6 15 22 24 13 29 11 7 27 
23 22 27 14 10 22 14 11 28 1 3 0 17 30 21 17 14 14 0 7 24 10 12 5 5 6 20 7 7 11 23 18 13 12 7 29 11 19 26 2 6 2 14 10 25 18 26 4 22 0 8 16 10 5 1 16 14 10 8 22 20 28 8 7 30 26 26 21 3 29 8 10 22 29 4 20 11 2 27 12 17 5 22 1 30 20 11 15 10 19 26 
17 14 5 17 1 11 1 23 10 24 8 14 24 17 24 4 2 10 25 6 14 15 30 23 27 29 12 22 3 19 27 29 3 11 20 28 5 11 13 27 25 26 8 14 24 0 12 9 0 8 11 19 24 14 25 3 26 25 16 23 1 28 4 11 21 9 13 28 11 19 12 28 8 3 13 14 9 16 4 22 19 18 9 15 30 26 14 1 9 27 9 
3 10 16 9 15 7 13 30 13 28 9 1 16 30 15 7 27 15 4 9 19 23 17 26 12 28 23 10 23 8 30 5 2 17 28 22 16 18 27 27 12 9 14 17 6 27 23 23 12 13 30 2 15 15 22 9 20 8 5 10 9 10 20 25 0 28 2 20 15 29 25 8 15 4 9 1 27 6 26 0 6 23 11 12 29 28 6 18 0 27 26 
1 1 25 0 7 20 29 26 13 3 7 3 15 11 14 16 26 25 22 28 12 21 5 4 6 3 1 18 13 8 18 18 19 7 5 4 30 23 14 21 2 19 15 6 15 8 17 5 21 24 30 10 19 25 16 5 1 5 11 23 20 9 17 17 19 14 12 28 15 4 15 13 16 26 20 10 8 29 16 16 28 12 24 20 16 18 14 3 22 26 14 
23 3 16 1 15 6 19 30 8 29 21 29 14 23 21 25 17 9 19 6 30 11 8 11 1 12 9 7 22 29 10 23 6 30 23 17 12 23 5 11 3 16 10 16 12 8 5 1 4 15 29 3 10 2 21 9 9 2 6 26 6 11 4 25 11 20 20 13 9 15 1 28 29 8 23 13 30 25 26 9 6 18 18 29 10 1 9 25 0 24 7 
2 30 3 9 12 4 24 25 23 18 0 14 25 6 30 30 15 21 0 19 8 25 12 1 26 6 30 30 19 7 15 18 11 20 28 23 14 11 17 17 29 24 15 6 28 14 28 6 5 29 8 28 9 30 26 19 2 8 20 9 10 7 19 10 20 16 22 16 0 27 22 25 19 13 12 0 29 12 7 15 4 10 28 10 21 6 2 30 23 23 15 
21 2 21 25 14 9 25 15 6 23 23 19 0 17 8 12 27 17 18 11 14 5 13 8 1 12 9 5 15 14 16 14 24 15 1 26 21 4 29 9 27 26 4 12 15 0 29 13 0 25 25 11 8 15 6 25 0 29 7 15 2 15 11 26 28 21 1 30 12 15 4 28 6 30 17 4 30 12 25 12 14 2 18 23 0 16 13 26 16 9 15 
27 20 0 12 8 12 14 23 4 6 15 25 29 13 20 24 26 19 17 13 22 5 11 4 8 18 24 12 7 13 3 17 1 7 7 17 6 4 6 27 10 18 3 23 10 24 9 15 30 6 26 22 2 26 27 30 17 22 7 3 20 24 8 25 4 2 3 8 14 10 23 11 24 15 28 22 22 12 16 18 20 19 10 6 13 0 19 24 14 19 18 
19 25 17 7 27 28 24 27 19 8 18 28 20 30 26 12 25 20 0 25 23 17 28 29 1 19 27 2 1 9 19 7 19 21 1 13 1 27 16 21 17 22 9 13 4 11 24 24 12 13 20 10 18 2 9 17 0 29 15 9 29 8 11 11 7 5 19 17 24 18 29 12 24 3 22 7 21 29 6 27 2 14 30 19 20 5 7 1 1 7 21 
11 30 11 25 18 27 7 3 2 10 3 18 28 14 11 5 0 17 18 12 26 21 20 18 2 9 4 23 8 25 19 29 3 0 12 6 24 17 29 5 12 17 23 26 26 12 9 23 7 15 19 23 8 22 11 23 17 10 27 5 6 3 18 17 0 30 4 8 27 18 13 15 5 2 16 3 10 16 0 14 4 11 14 21 8 24 17 29 12 6 15 
11 16 4 11 14 4 28 17 30 20 3 18 7 18 5 9 11 10 9 19 14 14 19 22 15 24 3 27 30 7 15 3 16 22 7 0 20 28 11 17 11 5 15 9 24 13 4 28 14 5 4 11 4 9 30 5 9 4 16 17 27 2 22 7 14 27 6 15 14 28 8 18 30 25 8 4 16 11 20 9 0 21 29 4 28 27 14 4 9 2 12 
24 30 0 20 2 3 22 8 7 7 6 3 19 0 14 11 7 3 22 25 22 27 5 6 25 13 1 0 16 26 2 15 20 28 11 8 4 11 24 20 28 12 25 22 15 12 24 2 8 18 4 23 18 6 14 2 4 2 19 22 7 0 30 0 27 3 17 3 21 10 18 22 28 26 30 0 25 3 23 4 20 8 21 17 19 27 25 12 15 15 9 
11 18 13 15 25 8 10 29 22 0 1 12 25 17 5 8 9 14 20 5 12 24 0 20 26 25 0 17 18 26 10 15 7 6 3 25 6 29 22 27 22 20 27 30 28 0 23 28 17 15 23 10 5 7 5 0 19 12 5 2 1 18 9 13 27 5 13 11 0 19 16 16 28 11 8 19 16 26 10 7 1 22 16 4 11 1 28 28 13 2 13 
11 29 23 27 14 27 2 30 6 0 17 19 2 23 8 18 4 3 4 10 20 22 14 27 10 13 26 5 7 8 0 4 9 5 25 7 20 17 26 9 2 14 14 14 0 14 3 14 8 13 3 20 8 26 0 13 29 14 9 7 5 0 13 12 14 15 3 15 21 13 30 12 23 24 23 16 18 19 24 26 1 15 15 15 17 8 7 30 27 16 19 
1 7 2 7 7 1 23 20 1 23 5 10 1 20 24 27 5 7 5 23 28 25 1 26 29 3 28 7 28 5 27 6 15 23 17 15 23 0 16 8 25 5 13 0 13 18 16 6 12 2 8 17 26 12 12 8 11 25 23 27 14 20 14 4 4 2 21 28 27 8 14 27 8 21 22 6 20 19 29 14 18 13 22 10 24 10 8 17 13 10 3 
12 28 5 17 18 0 22 15 20 20 7 25 20 2 6 0 2 7 8 27 21 15 19 0 14 19 4 28 14 11 8 11 10 5 5 28 13 17 9 20 16 24 8 10 24 4 27 0 28 14 14 18 13 17 21 15 21 3 0 22 29 26 30 1 21 0 26 16 4 10 27 3 17 25 0 5 24 0 6 20 1 15 21 21 16 22 8 22 28 6 2 
22 15 18 20 5 17 6 17 15 10 24 1 13 29 16 14 10 20 19 19 12 11 20 24 7 3 16 13 29 25 5 25 30 9 3 24 14 9 12 12 12 12 2 12 5 17 27 19 25 28 16 29 16 10 1 1 18 8 16 9 21 8 20 25 14 5 19 26 30 16 5 17 13 30 17 17 14 15 12 17 27 22 13 0 0 2 17 2 9 18 9 
2 27 22 6 24 27 14 9 1 16 28 0 0 27 11 29 30 17 4 12 4 19 8 25 15 4 17 21 7 13 11 0 10 19 21 9 8 11 2 27 2 14 8 7 28 26 24 0 21 27 13 13 3 8 1 20 21 12 17 30 0 27 30 2 2 3 21 14 28 7 4 17 15 11 6 16 23 29 8 12 30 13 29 19 18 17 21 0 16 4 8 
9 12 1 0 24 4 21 9 11 21 20 16 23 10 15 24 6 10 23 21 23 8 16 26 4 24 0 22 10 14 0 6 11 1 22 13 13 21 13 11 11 6 1 6 11 10 22 25 1 24 26 16 28 11 16 29 26 10 17 23 0 24 5 20 23 29 9 6 25 5 10 3 18 20 14 29 21 0 1 8 11 26 16 7 24 30 8 0 17 7 25 
