10
10 18 22 7 25 1 2 15 1 10 21 20 13 29 9 13 3 22 8 21 17 14 0 10 29 27 22 12 7 26 7 27 10 5 30 8 19 24 16 21 6 2 4 9 29 11 0 28 12 5 0 25 28 25 11 28 11 19 6 17 16 4 30 5 19 28 
29 7 20 2 29 28 24 0 25 3 15 14 15 24 21 9 7 5 15 12 26 15 5 16 21 13 17 18 19 6 20 22 11 20 28 30 20 16 2 16 2 11 30 30 2 23 12 0 4 7 29 9 30 6 16 24 8 29 14 25 28 27 8 12 18 20 
17 11 17 14 7 20 21 18 8 1 29 17 1 21 11 20 22 5 20 0 18 7 1 0 26 0 11 10 2 16 23 2 18 5 12 12 26 6 5 13 11 17 15 23 4 6 9 9 5 12 10 14 4 23 25 18 1 6 0 12 16 27 19 18 18 3 
21 11 16 16 0 5 13 8 10 12 19 19 7 26 1 21 19 4 23 18 0 8 23 30 11 6 2 11 28 6 6 29 11 6 14 30 29 13 29 12 0 16 18 11 19 23 13 22 30 12 14 4 1 5 8 18 27 19 19 6 27 9 9 30 6 17 
0 10 18 2 18 10 0 29 25 11 19 4 6 14 23 28 11 9 4 1 23 15 17 19 28 9 28 30 10 9 4 10 14 14 27 1 3 29 11 20 17 4 16 17 24 25 18 14 28 29 11 17 25 7 30 12 16 2 5 13 0 2 15 24 8 27 
22 16 6 2 6 12 24 21 14 4 9 18 6 24 3 25 14 11 8 18 6 25 20 2 27 30 12 3 9 5 17 28 8 15 26 18 4 24 11 24 12 18 4 17 29 24 9 16 0 26 6 22 13 9 7 22 9 19 13 22 2 16 1 14 1 17 
3 9 9 4 2 1 15 27 11 24 12 25 20 14 22 29 3 3 8 7 10 6 6 2 26 15 23 0 4 9 23 21 6 18 6 29 4 9 0 3 8 25 5 18 20 29 2 6 19 6 20 21 11 7 8 7 2 4 12 15 21 28 3 12 17 7 
22 29 17 7 13 12 17 7 30 2 9 11 1 4 13 13 8 0 13 3 27 10 26 0 17 1 13 16 10 11 1 3 12 15 24 18 6 13 11 2 15 13 15 19 29 14 12 28 20 11 12 10 24 12 14 7 13 1 1 14 21 3 26 24 22 1 
0 6 4 26 15 6 12 11 24 21 0 0 9 14 8 5 4 7 26 13 30 5 17 10 21 27 25 1 7 2 27 19 25 19 23 21 3 20 18 9 9 16 0 15 18 27 30 28 30 4 12 27 1 10 27 6 14 10 26 14 11 22 20 14 7 22 
26 8 16 24 21 28 27 2 2 28 4 18 18 25 14 5 26 4 2 12 29 21 9 15 26 12 3 0 3 16 2 24 14 19 14 20 5 6 7 19 17 1 5 29 2 0 21 18 9 16 30 20 13 5 6 6 4 4 6 5 6 24 11 17 27 5 
20 9 21 2 23 13 21 22 17 29 8 8 28 10 12 29 17 21 4 6 18 28 1 18 15 24 23 11 8 15 28 26 14 22 5 25 27 27 4 7 21 3 6 20 15 14 28 21 14 8 13 29 20 1 30 19 27 10 21 27 20 23 9 3 22 30 
19 2 21 9 11 19 22 24 14 8 8 17 20 2 19 6 10 1 5 8 22 25 15 16 24 0 9 18 17 24 17 0 23 5 13 27 15 23 28 20 20 8 4 12 10 17 8 2 9 2 25 28 24 30 16 25 20 7 13 5 28 6 11 2 15 28 
2 11 28 3 15 7 28 28 23 23 6 18 20 14 9 11 12 9 13 11 30 18 6 10 21 18 18 16 10 4 10 4 30 27 11 28 8 0 1 6 23 16 10 24 7 20 17 28 29 22 27 1 13 9 20 17 2 4 26 29 9 1 24 12 9 20 
25 14 22 5 8 8 15 10 22 0 21 27 0 0 4 23 29 8 11 7 25 13 2 28 14 19 11 12 9 27 29 3 2 6 5 17 26 23 8 20 23 14 7 25 19 3 20 21 21 15 13 16 14 29 29 11 15 14 28 22 1 6 20 13 29 1 
10 22 3 2 1 2 11 8 3 29 26 25 27 6 22 2 17 10 15 1 21 3 30 7 16 26 8 13 3 14 22 29 28 25 0 15 19 7 15 14 2 18 26 14 21 29 22 14 23 22 1 26 15 1 16 13 20 14 11 24 12 24 7 30 15 22 
1 24 24 11 2 22 3 15 26 2 27 5 19 29 29 30 8 19 13 22 26 18 8 2 16 22 5 28 4 18 13 11 3 5 16 9 10 12 15 19 21 16 21 28 0 12 3 18 9 28 17 9 6 17 26 20 30 28 11 5 6 3 21 5 2 0 
11 22 23 25 14 4 14 9 5 11 18 14 2 16 3 0 17 3 7 8 14 13 20 24 22 9 12 17 3 17 9 27 15 5 13 13 8 19 18 30 0 29 29 3 8 7 16 6 0 3 20 12 7 0 9 20 12 24 5 6 2 13 24 18 19 20 
7 22 29 10 22 27 18 21 15 23 4 5 30 2 21 30 1 20 9 22 3 23 19 2 19 12 9 22 14 11 16 0 14 7 26 27 4 14 15 7 13 30 14 28 26 17 16 12 19 16 19 25 14 7 4 28 26 20 28 1 6 15 10 15 13 1 
3 25 24 1 24 5 8 15 0 26 9 25 0 16 26 17 5 17 18 4 27 5 15 29 25 29 4 29 26 9 11 8 12 17 19 9 30 9 15 11 0 3 19 28 23 27 30 26 14 9 26 25 1 20 28 28 7 20 27 28 23 18 15 6 6 1 
18 27 28 18 12 29 10 5 29 15 13 27 20 11 0 17 23 22 13 3 26 4 6 8 1 6 5 2 4 5 6 9 0 16 27 25 2 6 19 19 25 5 12 13 5 21 13 12 1 17 17 0 3 21 17 11 21 26 3 3 30 1 2 19 2 11 
