12
21 27 20 20 12 18 5 3 22 30 11 29 21 24 18 0 3 11 8 15 25 9 14 16 15 12 12 9 26 7 18 23 5 18 30 0 2 20 20 17 23 28 12 7 5 29 8 29 18 25 24 25 29 18 3 20 20 24 4 18 1 3 29 16 28 13 2 14 15 11 4 20 21 9 2 21 1 20 18 16 5 10 5 30 26 15 26 11 19 12 12 
27 15 4 14 3 25 16 9 17 6 6 11 6 24 29 26 5 6 11 2 13 27 2 24 12 12 8 20 2 3 8 1 9 28 29 12 17 24 28 2 11 1 0 0 27 6 29 13 21 28 11 21 25 28 1 9 26 20 8 4 9 28 12 27 7 1 18 19 30 0 2 7 6 18 20 1 11 8 29 1 27 26 12 0 28 14 23 2 30 4 27 
27 26 27 29 30 2 30 13 2 23 7 7 5 7 19 26 30 7 0 26 3 10 1 17 2 29 29 20 18 4 11 8 10 9 13 0 6 16 12 9 27 13 4 0 17 3 30 18 15 4 5 3 15 25 5 7 10 23 26 22 9 19 17 23 3 8 17 23 28 24 29 20 7 19 15 8 28 3 28 28 23 10 12 28 8 4 18 16 30 11 9 
6 23 19 5 21 1 4 20 0 1 28 27 26 12 1 23 14 7 7 29 28 24 26 29 23 17 25 13 7 13 24 18 8 9 1 6 15 20 26 24 27 5 30 28 2 9 12 22 28 13 27 9 14 20 6 19 15 26 30 12 21 24 8 27 26 7 13 7 11 9 10 5 28 7 25 29 7 0 3 4 2 12 23 24 30 21 24 26 27 30 4 
1 23 26 12 26 26 24 15 22 25 27 11 18 0 0 20 23 23 23 21 27 21 27 14 15 18 23 26 15 7 19 20 29 5 1 8 23 26 23 9 0 23 14 15 7 16 0 27 25 21 28 3 1 28 7 15 0 16 13 2 4 28 1 4 21 5 22 5 5 16 22 5 28 1 12 15 11 26 18 2 9 17 1 1 30 11 13 0 19 8 13 
6 18 5 6 26 7 10 27 19 11 22 22 1 6 21 15 9 13 15 25 20 27 6 14 3 26 22 21 21 12 15 21 29 5 8 10 16 30 0 1 10 25 4 30 29 4 17 24 7 28 26 11 16 28 17 7 24 1 17 16 18 12 0 25 0 26 7 22 4 1 19 6 19 16 23 30 30 26 17 28 16 28 30 28 11 26 28 7 25 4 1 
7 7 24 2 21 4 27 5 30 11 20 13 22 10 29 22 0 18 8 12 11 13 25 14 0 8 27 12 16 0 15 17 25 5 11 8 25 11 22 15 28 26 16 25 21 25 2 24 22 16 13 30 28 17 28 30 22 24 23 23 29 20 21 9 3 18 23 1 26 2 15 12 11 26 24 15 4 29 23 30 27 10 10 26 9 26 2 25 13 8 25 
10 22 15 26 28 24 10 12 15 18 14 17 5 29 23 19 25 1 11 28 8 3 27 22 22 18 18 1 2 0 14 16 11 25 29 18 14 15 17 0 18 24 14 17 30 23 18 15 1 3 8 11 21 11 25 2 7 19 22 17 24 21 13 3 13 7 10 9 11 1 23 18 26 1 29 12 24 19 10 19 8 8 20 17 14 17 20 28 17 28 29 
22 22 1 30 16 14 2 17 27 5 10 9 5 21 1 0 27 28 14 0 24 2 16 21 11 8 29 17 21 28 22 24 25 20 11 13 4 4 22 9 12 16 26 17 10 30 11 12 18 27 24 19 18 5 11 20 18 12 13 12 2 17 8 27 11 9 0 26 26 22 22 26 20 9 13 5 14 30 20 21 18 22 14 25 20 4 17 29 3 10 23 
26 21 6 14 12 8 29 28 10 4 8 23 1 26 22 26 22 4 22 24 30 20 20 13 6 21 10 6 12 19 22 10 12 24 25 12 22 22 12 26 3 6 9 24 5 15 0 15 24 9 4 17 15 17 17 29 4 28 29 25 7 28 16 28 22 10 27 30 16 5 29 0 3 8 16 28 5 4 15 7 16 14 2 6 0 23 21 7 12 0 25 
29 22 0 25 7 0 1 2 21 6 3 0 4 18 3 26 25 13 20 27 28 29 25 5 15 29 14 7 29 14 10 4 30 17 15 6 22 26 13 12 30 3 24 6 0 1 17 29 23 9 9 20 26 6 13 19 6 14 18 14 5 10 7 14 26 9 19 5 24 15 14 22 1 21 10 10 14 21 26 28 0 13 15 9 7 4 15 21 8 28 1 
28 26 29 2 2 28 21 2 14 16 29 2 29 20 24 23 4 30 7 4 30 23 13 8 11 26 13 14 6 21 14 28 28 30 15 4 30 15 11 16 9 21 23 16 5 22 28 28 16 1 25 24 30 29 23 5 16 3 7 4 8 29 25 28 25 10 16 26 18 18 15 4 3 6 19 6 22 1 3 16 22 21 22 29 7 28 2 1 2 7 15 
30 30 14 16 25 19 27 7 7 25 22 30 8 3 2 25 23 30 11 27 10 0 10 27 5 10 22 18 0 27 26 7 8 15 20 15 16 25 3 16 20 28 2 14 2 21 22 14 28 1 7 12 6 0 2 14 8 16 27 19 24 4 11 15 10 28 22 7 10 19 12 30 28 29 8 25 19 23 16 0 23 5 25 30 0 19 19 22 29 22 8 
22 28 24 4 27 22 27 21 25 16 27 3 27 4 20 15 28 1 9 7 30 12 10 29 6 23 20 24 6 6 27 13 25 22 30 29 6 21 22 7 3 9 9 12 21 5 5 19 22 3 17 26 0 17 8 7 26 14 18 1 30 13 26 26 5 8 21 23 0 20 20 22 11 23 29 27 9 2 10 28 30 0 20 1 9 8 4 0 26 8 26 
8 19 9 7 4 16 8 25 4 17 16 9 15 0 24 6 9 4 13 1 6 29 13 7 12 19 12 6 9 23 18 5 23 26 29 8 25 16 6 18 7 17 14 5 24 4 11 16 7 23 23 25 3 16 22 26 26 21 7 11 19 3 23 25 8 7 7 12 15 29 30 21 28 8 15 1 6 19 14 9 2 6 4 18 23 12 4 12 6 21 19 
4 18 27 8 20 15 12 5 14 11 2 14 14 28 8 16 29 22 12 4 5 11 14 7 24 15 24 7 5 7 24 8 14 28 21 13 16 27 0 17 2 8 27 12 24 3 16 15 11 7 19 11 3 20 0 9 20 29 23 28 6 26 10 16 27 22 23 26 10 28 15 22 0 5 22 17 0 18 18 30 23 11 30 9 10 0 1 4 24 2 4 
20 13 5 6 10 6 9 8 29 25 24 23 25 29 0 3 10 29 25 23 4 5 5 13 2 28 0 27 2 14 29 12 26 18 16 2 22 19 17 0 7 26 23 27 12 12 2 14 20 19 1 2 2 18 24 27 11 23 5 12 18 14 10 20 8 17 15 28 5 11 25 8 10 26 17 16 11 4 17 29 9 30 13 8 10 14 2 16 24 2 29 
29 19 29 3 12 4 11 0 16 13 11 10 3 21 20 27 5 21 2 2 14 30 11 1 10 23 10 19 17 0 9 12 9 11 30 28 18 3 28 25 23 24 10 17 27 13 27 12 11 16 0 24 6 10 1 22 17 1 4 8 19 18 8 1 2 25 1 13 0 14 3 8 20 9 6 17 10 17 24 23 11 18 20 2 5 14 21 8 6 3 29 
29 15 13 26 9 28 21 20 3 3 1 17 9 22 3 22 28 28 14 25 28 16 5 23 4 14 16 28 18 24 21 8 4 20 24 1 26 19 17 4 8 20 2 5 15 8 13 29 20 25 16 15 3 7 23 9 9 12 24 30 13 24 20 5 19 7 12 29 25 0 10 22 21 4 14 3 3 24 16 14 28 8 7 5 25 12 24 3 13 7 17 
16 6 0 10 25 9 26 10 13 22 19 29 30 11 25 12 25 18 16 16 24 23 30 13 8 4 18 3 9 18 10 3 11 4 25 21 6 21 3 6 7 26 26 1 11 27 13 3 18 0 2 19 24 19 5 19 9 28 30 28 5 29 13 22 26 21 26 15 0 0 3 6 23 23 19 0 10 27 0 18 28 16 1 19 2 26 3 29 25 9 19 
11 1 7 22 11 15 3 28 18 13 1 11 22 8 3 16 24 30 20 8 21 10 17 0 3 28 28 20 8 17 3 22 17 11 26 28 9 0 6 13 12 23 9 30 12 20 8 24 19 15 13 14 14 24 10 8 16 18 11 4 1 3 5 26 27 13 17 4 12 8 29 14 11 27 22 9 20 11 10 19 18 22 12 19 9 11 27 28 13 5 19 
19 13 13 18 13 17 9 20 20 2 25 22 14 5 16 3 3 30 2 15 12 11 27 14 4 13 15 2 4 6 9 21 0 19 12 21 7 10 9 15 23 18 4 2 2 25 0 19 12 0 21 9 4 27 19 10 4 12 13 2 0 4 2 28 19 6 16 17 11 24 15 13 12 0 1 17 4 28 28 18 19 9 16 23 7 7 24 14 12 28 2 
5 7 2 24 18 13 24 26 22 30 19 1 10 14 3 12 25 30 29 30 9 0 4 27 3 30 12 11 25 3 15 3 6 17 3 5 10 0 19 0 24 10 17 5 12 25 9 3 14 11 24 26 12 16 9 17 8 14 0 8 27 23 26 25 2 30 3 25 1 6 24 1 3 25 21 29 26 28 29 21 10 1 5 7 11 0 16 10 5 14 13 
13 29 30 5 1 18 23 0 23 1 19 1 7 13 26 14 27 30 17 14 8 28 22 16 27 22 3 9 26 22 18 13 13 30 21 4 21 4 15 15 4 17 20 7 7 22 25 8 19 13 0 4 16 14 23 29 24 19 4 11 25 12 30 0 8 11 24 14 7 13 6 18 16 1 7 5 0 11 7 19 14 4 22 29 19 23 20 8 22 16 13 
