8
1 17 27 13 21 17 10 29 29 2 4 30 20 1 9 27 25 11 25 14 2 17 27 14 28 24 20 28 3 5 12 21 7 16 23 28 7 25 9 6 13 16 30 19 24 
5 1 16 16 12 22 25 27 22 29 8 23 1 29 18 0 17 5 8 13 11 10 28 6 16 5 25 0 20 22 18 4 19 21 12 25 21 14 22 4 21 11 5 6 17 
27 20 21 12 20 1 4 29 2 1 4 30 3 26 19 22 22 1 17 17 2 20 7 17 14 19 5 19 3 0 17 27 17 15 14 19 13 29 25 11 1 4 2 18 2 
18 0 9 29 10 14 1 20 11 3 11 8 30 29 26 3 6 0 25 23 10 10 26 6 14 27 30 27 23 21 1 15 17 9 7 0 14 23 15 20 28 30 6 18 6 
23 20 10 9 20 5 7 4 1 23 22 1 13 16 18 28 29 8 24 13 26 12 20 23 24 15 9 4 23 14 8 4 30 8 19 11 21 2 0 21 19 26 9 24 10 
4 28 25 7 15 5 0 30 13 14 17 12 24 27 6 3 19 24 18 10 24 2 11 9 17 11 30 2 30 26 27 22 28 26 24 11 14 7 18 16 25 21 25 12 11 
21 30 25 27 0 25 22 3 12 27 27 7 22 27 17 10 6 18 9 30 4 28 21 13 15 17 25 13 23 6 1 7 24 3 3 29 3 4 16 26 11 4 18 19 7 
15 15 3 10 22 10 1 9 4 12 18 23 4 25 28 1 20 7 5 27 28 3 18 9 29 21 24 25 2 15 10 13 23 4 3 9 17 9 27 7 21 9 16 25 20 
20 26 13 24 8 24 17 23 26 27 28 30 6 30 10 22 3 1 16 23 4 6 8 4 25 30 24 19 5 25 1 0 20 11 7 17 27 16 26 12 28 13 14 21 17 
14 1 11 5 13 7 6 20 16 12 21 21 29 18 6 1 28 20 23 17 8 6 28 28 28 3 12 29 4 5 15 24 24 1 0 13 25 14 23 13 5 8 25 27 10 
29 4 0 10 6 23 16 9 16 22 3 10 1 5 24 18 29 10 0 4 15 21 29 25 18 25 8 23 30 7 6 18 3 14 3 8 30 28 1 8 1 17 10 5 20 
10 24 5 5 9 20 18 18 22 23 23 12 21 21 16 8 1 10 3 17 9 20 24 4 6 24 21 29 17 1 26 7 15 1 22 7 19 27 18 17 30 4 0 12 10 
26 27 0 22 16 10 29 2 22 15 4 7 26 1 25 0 11 21 11 20 27 9 8 12 28 28 30 26 30 2 27 0 23 23 6 16 28 21 25 26 11 30 9 12 28 
26 21 12 27 2 11 7 8 14 13 13 4 9 16 14 7 30 14 11 17 15 6 23 13 17 14 5 17 17 19 12 16 22 13 24 6 9 27 21 0 4 27 3 29 13 
27 17 11 30 8 27 8 5 29 29 1 4 25 29 25 7 23 15 22 5 25 21 3 25 20 27 8 7 6 18 2 5 16 28 21 25 27 28 13 11 20 24 3 13 27 
17 12 30 1 11 15 29 17 23 16 15 24 23 22 21 23 1 4 9 6 25 17 9 6 1 2 3 18 16 22 6 3 21 8 30 6 26 6 7 16 11 12 22 26 14 
