10
4 4 19 17 25 6 22 29 14 2 0 16 30 25 2 21 24 26 10 10 15 14 11 7 4 28 2 24 5 28 7 16 14 26 20 0 17 4 27 14 1 8 19 13 7 19 15 26 28 13 1 23 21 27 15 7 3 29 14 25 28 0 3 19 20 4 
13 27 22 25 21 9 8 6 6 3 3 17 13 2 13 15 15 6 24 9 23 3 11 23 29 17 28 26 7 3 26 14 4 28 23 17 9 23 17 29 7 8 20 7 0 20 20 21 1 22 27 1 7 8 13 13 6 3 15 13 25 21 8 7 12 12 
17 7 5 1 26 1 5 22 24 4 19 18 23 29 14 21 22 15 5 6 7 15 24 12 21 21 25 14 3 8 26 13 5 10 28 26 2 22 1 2 20 8 24 6 23 23 3 13 1 8 23 20 18 4 21 21 11 11 21 22 25 18 6 5 16 5 
15 2 28 25 13 4 19 5 5 27 7 25 26 3 19 17 21 17 10 25 10 12 15 28 4 13 5 7 17 15 6 14 16 5 20 28 2 8 6 0 23 9 18 13 22 20 12 24 3 30 3 4 21 7 8 19 5 2 25 9 18 20 20 28 23 2 
0 25 5 6 0 25 10 18 6 29 4 19 23 19 19 26 27 13 13 7 15 13 19 12 0 2 8 9 19 18 2 4 6 16 26 10 3 7 29 3 4 3 18 7 23 26 9 22 8 20 16 17 30 22 11 3 26 10 29 12 30 28 15 7 16 16 
5 12 0 30 4 7 16 16 7 9 0 2 7 0 29 12 16 19 19 12 13 15 4 27 30 9 23 16 17 6 13 29 3 19 11 12 16 7 27 3 25 21 18 16 6 4 23 6 29 0 29 14 4 21 15 9 23 8 28 4 19 13 5 17 20 16 
10 3 6 17 25 2 16 19 27 6 28 8 7 20 30 20 2 9 25 30 21 12 25 29 19 28 25 30 24 22 22 27 30 5 19 8 4 20 3 1 10 19 14 1 8 19 13 4 6 8 19 11 5 27 4 11 11 18 29 26 30 30 29 9 22 9 
5 8 18 1 25 4 25 24 15 3 3 6 15 3 18 6 0 9 1 0 28 14 27 5 17 4 12 23 8 0 5 3 23 21 10 2 23 18 25 2 29 25 18 13 12 21 6 10 19 22 12 25 8 13 11 2 12 5 26 22 26 12 17 26 15 12 
8 7 18 28 11 28 28 20 5 15 17 10 10 1 28 27 8 30 20 15 16 19 26 14 18 22 21 16 8 26 3 16 24 19 23 5 15 5 25 4 6 19 11 14 15 20 23 23 26 14 5 9 19 29 16 12 3 29 14 16 11 17 4 5 23 10 
17 23 27 21 30 3 3 11 26 11 25 11 1 19 17 8 7 9 19 20 12 10 13 0 1 21 22 0 27 25 14 14 10 16 26 1 12 21 29 10 26 26 8 17 22 23 5 12 14 27 1 4 12 11 9 22 20 4 0 15 26 9 7 1 7 9 
8 12 9 20 8 8 18 8 20 13 30 28 4 12 14 2 23 3 23 30 24 12 28 12 1 23 20 8 10 15 12 7 20 23 15 13 18 1 16 21 3 18 5 12 23 17 20 18 27 3 4 16 9 9 18 30 18 27 20 11 14 27 10 22 7 24 
2 19 10 8 8 24 0 17 26 13 10 17 0 22 7 0 7 22 16 23 9 11 16 25 10 20 12 30 27 12 18 29 19 2 16 16 26 25 22 25 30 29 17 12 29 1 17 1 5 4 25 3 25 9 28 8 21 27 12 27 10 10 5 5 14 23 
30 2 20 23 6 26 11 24 29 21 7 20 14 13 22 17 9 7 6 21 19 11 21 25 2 22 24 20 17 13 17 18 24 27 4 6 0 24 10 12 0 21 0 26 23 12 27 30 6 8 8 20 8 27 30 9 16 21 10 5 25 29 13 10 14 24 
30 10 21 30 17 14 9 25 26 19 10 19 1 29 16 4 18 18 0 9 16 19 7 21 14 5 19 4 30 12 13 17 4 27 1 12 29 6 18 10 22 17 16 30 5 11 12 2 9 30 16 4 24 10 1 6 14 20 26 20 10 13 21 25 13 20 
27 25 11 4 11 0 27 5 3 1 2 6 18 28 15 20 2 23 12 13 2 22 15 16 29 22 26 9 23 25 22 4 8 10 20 23 0 22 18 3 30 20 24 24 22 26 5 14 21 29 29 2 29 27 14 16 18 3 14 27 25 28 14 14 4 14 
10 7 1 5 13 12 26 9 20 21 21 5 15 9 22 27 21 4 22 28 6 7 7 21 17 17 16 29 19 15 9 0 3 0 14 4 14 30 28 25 14 14 18 15 1 10 0 1 19 4 9 13 20 19 23 24 19 20 14 21 15 20 8 22 21 17 
17 22 8 3 26 3 18 24 23 10 2 17 23 28 15 9 10 26 3 4 0 6 21 18 23 1 29 14 7 20 0 28 4 13 11 5 14 5 16 15 3 13 25 18 14 28 9 10 14 9 0 11 7 17 13 5 25 28 29 11 13 0 29 28 2 30 
17 7 0 7 6 18 30 28 2 24 6 25 20 12 27 0 15 11 24 26 22 8 6 10 29 5 14 17 10 24 20 3 15 29 24 10 25 28 12 30 20 13 22 30 28 20 13 11 21 19 2 4 15 14 1 4 29 24 12 19 1 12 3 23 27 9 
23 0 12 22 3 9 15 5 11 11 2 7 10 22 23 17 27 18 1 5 24 23 16 24 6 19 4 6 28 16 8 10 16 12 28 30 12 19 29 3 2 1 15 6 16 1 16 15 30 19 20 6 3 16 16 15 2 16 21 15 14 12 30 18 6 24 
15 14 25 4 27 3 4 2 16 0 9 19 24 11 1 22 21 30 10 11 20 25 29 12 6 18 21 18 2 6 0 1 4 8 16 7 30 1 1 5 4 13 8 8 7 23 13 13 6 4 8 19 13 13 25 16 12 27 30 24 4 2 8 30 10 16 
