9
0 3 22 28 7 21 15 16 29 25 24 12 30 9 22 4 2 29 18 18 29 26 11 28 6 6 20 28 2 17 27 21 20 4 20 6 25 10 27 26 1 13 21 16 21 28 3 27 29 29 20 10 3 25 27 
12 23 30 0 12 25 13 23 10 16 20 15 0 1 15 20 4 7 17 5 10 0 7 24 24 1 17 17 0 14 16 6 24 29 29 24 28 17 8 6 18 22 27 1 25 23 8 1 27 9 18 17 24 26 15 
14 2 8 8 5 4 10 4 26 5 20 21 19 24 4 7 30 9 26 11 30 21 14 3 17 14 22 0 7 5 14 20 25 14 10 28 4 10 6 17 2 7 25 27 2 2 16 29 3 6 1 6 7 26 25 
1 24 23 1 22 20 30 17 16 9 24 4 3 6 11 13 21 23 25 14 10 9 26 11 14 9 9 11 3 16 22 4 20 12 21 29 26 29 28 7 22 22 24 22 28 4 10 15 26 22 24 25 28 13 10 
11 9 16 8 30 16 16 7 13 16 7 27 21 2 7 24 22 24 18 9 25 22 5 25 9 2 11 4 15 14 14 5 26 30 7 5 10 8 30 30 22 30 29 8 29 2 20 16 28 16 20 6 13 27 3 
2 29 14 4 27 7 30 19 7 20 22 7 27 13 13 0 13 6 27 27 21 1 12 10 1 4 13 8 0 0 21 30 8 28 23 14 25 21 19 1 5 9 15 14 28 8 8 8 14 23 19 26 26 20 9 
0 25 21 2 16 18 3 24 18 22 24 20 9 23 9 12 26 12 22 0 29 27 25 16 3 1 7 9 13 8 11 14 12 25 8 7 19 13 13 8 8 26 4 19 15 6 21 9 11 11 3 16 17 2 19 
28 6 9 14 22 0 6 15 6 22 11 25 18 29 28 4 3 7 14 5 5 25 29 0 0 21 11 22 4 17 2 27 28 19 30 9 7 9 14 14 17 14 1 23 10 6 0 12 3 15 13 5 19 26 3 
5 8 15 22 15 8 19 2 20 15 6 24 1 15 12 15 28 17 8 16 8 8 8 11 30 18 28 25 20 29 26 3 4 0 5 10 3 2 12 25 14 24 10 29 7 3 29 24 15 11 7 27 23 11 29 
25 0 11 2 27 18 24 6 27 23 20 6 20 25 27 14 25 24 16 0 9 8 17 17 23 26 7 1 16 11 24 0 18 1 28 15 14 4 12 25 7 9 19 0 18 15 7 11 21 10 27 13 14 14 30 
18 17 26 30 28 4 22 10 20 12 26 11 6 30 24 22 6 24 17 0 29 26 19 16 18 22 16 26 4 30 20 6 13 25 0 27 12 21 29 29 23 20 9 22 16 27 25 29 22 30 23 15 17 16 8 
14 29 25 17 19 29 27 4 4 22 0 28 30 13 10 24 3 2 19 27 19 20 8 8 9 18 21 3 21 18 0 4 19 0 5 10 22 26 28 5 2 27 17 18 23 28 8 29 20 20 4 13 19 23 22 
13 10 27 1 19 16 10 21 13 6 20 12 24 5 17 19 16 19 4 25 16 16 28 21 24 11 9 10 17 7 3 29 26 19 27 21 9 19 21 29 3 6 5 29 25 29 24 12 30 28 10 23 11 21 29 
21 24 24 5 26 7 23 7 10 7 12 0 18 23 2 1 20 22 16 17 14 21 25 5 0 21 14 8 25 3 21 25 17 8 27 20 12 4 23 10 23 22 4 19 12 11 3 6 20 19 2 26 23 22 1 
1 2 4 26 22 28 4 11 0 16 24 8 29 1 21 26 3 4 18 9 6 9 3 21 4 12 28 20 8 21 0 25 25 26 4 30 14 11 21 6 4 24 13 9 16 17 29 14 14 24 11 26 27 22 2 
17 5 9 17 29 17 19 21 28 29 21 25 15 7 2 16 6 13 20 11 8 15 9 27 11 12 7 20 6 14 9 29 5 17 3 10 5 28 10 25 15 23 25 15 15 24 20 27 18 26 7 20 12 10 11 
13 7 21 12 28 4 18 6 26 4 27 18 18 26 3 18 6 22 27 21 12 7 6 26 1 21 9 0 6 29 1 22 16 30 23 16 23 6 11 29 5 18 28 6 22 5 29 28 20 23 0 29 15 12 22 
19 5 24 7 29 21 25 10 12 20 12 14 10 27 6 27 28 8 14 14 21 3 22 8 30 13 1 7 3 5 6 29 5 17 19 7 3 15 10 2 16 23 21 9 6 13 3 26 12 1 17 16 3 24 8 
