10
0 16 21 27 10 27 30 10 0 5 10 11 21 3 3 5 8 21 3 17 30 19 23 12 8 8 10 25 22 30 23 18 12 5 11 19 14 2 27 5 10 11 13 16 2 14 19 5 9 11 3 19 15 2 22 29 9 1 0 3 17 4 29 11 12 16 
25 19 9 17 11 20 11 6 29 4 9 2 4 0 28 6 10 1 3 6 6 19 20 23 30 9 18 12 5 19 23 1 28 27 12 10 19 10 29 21 23 22 12 3 3 3 16 12 18 13 22 19 26 25 1 4 27 5 4 17 6 9 3 22 4 3 
11 25 16 4 21 28 18 27 21 4 0 6 6 3 20 23 8 1 2 0 26 19 10 24 1 16 5 22 18 30 14 19 13 8 14 6 9 8 27 4 11 30 9 7 8 11 7 0 14 2 1 29 14 28 14 2 30 14 12 5 14 19 13 10 23 28 
18 19 29 7 26 5 2 23 29 1 15 3 8 17 25 15 25 20 8 25 28 3 2 9 8 16 8 28 19 5 13 2 5 15 28 25 3 2 7 7 0 17 11 21 24 2 16 9 8 4 2 27 6 21 11 3 4 12 13 11 19 4 13 8 3 13 
13 11 22 14 13 27 2 9 15 24 15 6 18 20 23 3 19 16 27 21 7 1 11 0 0 7 19 12 29 13 26 7 8 7 6 5 25 3 29 21 14 19 14 5 19 29 25 1 25 22 23 22 0 10 30 1 18 16 5 7 26 13 23 11 9 5 
7 4 19 9 16 28 21 15 30 27 7 7 11 1 9 13 11 24 11 3 9 12 12 21 12 16 25 7 13 10 7 21 18 2 25 21 20 18 15 29 24 23 3 2 21 7 8 28 20 4 11 1 4 28 30 26 25 2 15 19 12 24 25 17 10 2 
13 18 14 12 7 30 12 27 27 25 8 26 27 21 6 18 3 28 5 30 18 30 26 15 24 6 11 8 28 9 22 7 27 0 22 23 13 3 22 13 18 15 26 23 22 6 15 10 16 28 27 21 2 29 25 23 13 4 7 8 23 16 6 17 30 0 
9 22 21 28 18 19 26 6 22 6 27 7 27 29 9 9 27 2 27 26 10 25 22 14 11 22 14 4 5 11 13 5 11 6 10 2 9 15 21 14 18 19 25 23 6 20 14 27 7 23 11 19 20 29 26 3 5 21 9 24 11 6 15 14 30 22 
17 6 6 9 3 8 15 9 30 11 23 26 10 19 7 28 11 4 28 23 10 24 22 6 26 26 27 22 25 23 21 27 9 12 30 4 19 5 19 9 14 10 1 6 14 25 28 23 4 4 14 11 28 23 11 13 21 7 18 8 17 30 29 15 30 16 
4 17 13 4 11 14 8 25 16 22 20 4 10 18 5 27 27 3 5 13 5 28 28 16 6 12 26 23 13 7 28 10 7 6 2 23 15 13 18 5 3 27 24 17 1 2 15 29 18 14 29 4 4 19 14 3 18 12 30 19 23 26 9 22 12 18 
6 9 15 30 14 0 24 16 6 20 24 6 16 10 25 1 30 11 21 19 8 22 29 11 4 3 27 6 30 10 30 13 29 22 1 21 19 0 29 17 27 25 15 27 24 19 9 27 14 21 14 20 7 26 7 7 11 16 11 14 16 5 12 7 29 28 
16 27 4 12 7 28 30 1 11 1 21 6 15 11 15 27 3 22 5 8 30 23 20 20 2 24 25 3 1 22 26 26 19 19 28 14 22 16 10 2 11 27 8 25 14 8 4 1 27 20 10 16 28 22 6 29 15 19 17 29 0 27 11 25 11 14 
23 29 6 5 6 17 13 11 10 29 20 30 1 10 15 6 5 10 28 10 7 0 20 24 20 27 15 1 4 16 27 26 21 22 30 25 24 12 6 1 28 15 2 15 28 7 19 2 6 4 28 10 30 5 10 16 12 15 3 15 27 30 13 2 8 9 
14 26 1 24 5 30 6 28 12 16 12 4 26 19 4 26 21 29 2 17 4 0 28 5 20 0 16 15 29 10 30 1 26 8 20 23 14 22 12 8 29 29 29 25 25 28 19 30 29 16 9 21 11 14 9 27 2 8 9 0 8 0 10 3 29 11 
17 22 6 28 12 22 25 7 21 1 27 16 26 10 20 6 8 15 11 13 20 11 6 28 15 26 10 17 26 4 15 25 1 19 18 2 27 0 8 17 13 16 9 20 25 1 14 21 29 2 21 13 4 12 3 19 26 30 7 30 17 9 29 8 2 28 
24 11 9 20 6 24 2 2 20 8 19 5 7 2 2 26 18 8 29 3 17 28 6 13 3 25 18 4 2 29 15 15 30 15 0 11 29 26 14 28 29 20 25 5 5 14 13 0 25 4 20 6 27 7 25 8 22 4 26 4 10 3 22 22 6 23 
9 16 25 12 1 18 11 16 0 11 8 10 1 21 3 18 24 22 6 9 28 27 1 8 10 14 5 10 21 3 15 13 5 1 28 9 16 2 15 1 25 4 27 15 21 23 26 15 5 6 10 15 9 29 24 16 8 30 8 14 23 26 22 18 10 30 
21 7 26 14 16 30 22 23 12 8 9 16 29 20 29 21 10 24 7 0 6 22 4 17 27 1 25 19 28 2 23 8 11 30 23 5 2 10 11 2 20 2 7 19 29 14 3 5 21 19 26 22 29 21 0 17 17 6 25 5 10 5 11 26 25 3 
6 4 1 11 9 4 30 7 30 11 3 1 16 16 4 12 7 17 28 24 8 27 8 24 14 0 8 28 17 6 12 13 20 9 27 18 23 28 29 5 20 24 11 5 20 4 23 19 14 23 24 20 25 13 6 13 11 28 6 21 0 10 20 3 9 4 
25 26 6 12 10 20 10 11 20 22 21 4 16 10 28 9 21 9 15 28 18 4 7 29 13 17 9 10 10 28 27 23 29 21 10 1 20 2 15 29 18 24 16 7 27 5 30 26 4 1 24 3 0 29 7 20 0 9 14 21 3 17 2 20 17 13 
