12
23 27 13 18 3 23 27 5 23 18 8 25 5 9 24 11 4 4 11 19 4 11 2 30 17 10 30 10 27 19 3 9 11 14 0 2 19 21 24 6 23 6 16 27 15 12 11 7 25 14 3 16 24 9 9 3 22 22 26 19 0 3 10 5 25 12 13 16 11 2 16 30 29 16 18 27 30 10 1 10 9 18 14 26 17 3 17 3 3 2 1 
2 22 1 19 25 23 29 23 21 13 23 4 19 20 22 22 7 22 14 0 7 10 27 24 20 20 4 22 21 12 14 8 4 26 2 7 6 17 6 28 21 15 11 28 4 27 21 23 13 1 6 19 19 9 11 18 4 20 18 24 13 16 29 30 18 0 18 17 11 10 21 24 25 25 28 24 12 4 0 20 23 30 15 12 19 24 9 20 27 12 21 
18 4 16 20 16 0 21 9 18 1 7 17 0 9 23 28 12 20 27 24 23 22 26 19 27 16 24 20 29 3 22 15 0 14 30 30 16 18 1 22 13 8 24 11 20 2 5 26 10 8 24 30 21 18 23 22 10 18 18 7 7 29 9 28 6 29 16 26 30 18 10 21 10 3 20 5 7 12 9 22 29 3 7 9 5 11 14 14 24 24 8 
1 22 15 16 19 24 23 22 5 29 5 8 17 12 22 24 4 8 14 24 29 15 12 19 12 25 29 9 12 27 7 11 2 16 30 24 22 11 3 2 16 24 7 14 27 23 10 14 4 10 19 4 10 25 28 9 2 11 8 28 26 29 23 25 12 21 6 9 14 25 2 21 26 9 10 12 16 21 4 25 7 9 18 17 9 8 18 28 26 25 22 
8 10 26 30 18 3 27 12 12 8 5 9 4 0 18 25 26 19 7 24 10 15 8 18 21 14 10 8 15 19 0 17 22 18 8 28 15 18 18 8 15 22 27 5 20 29 30 17 21 8 13 12 0 13 28 22 19 24 12 17 21 8 3 4 24 29 14 16 9 13 0 11 24 16 16 28 25 28 11 19 18 18 14 0 15 22 9 10 16 5 4 
12 3 8 13 12 21 28 7 28 9 3 19 6 7 12 22 28 2 10 27 10 8 4 10 24 5 12 27 3 0 16 30 6 24 12 30 21 30 14 30 19 25 7 29 28 21 20 8 22 17 12 5 15 1 10 29 8 8 22 12 16 3 3 2 28 11 21 12 17 23 25 25 14 0 12 15 22 15 0 8 23 4 17 28 10 7 24 8 3 25 18 
4 18 19 29 7 15 15 15 24 4 21 18 16 0 11 22 14 11 13 9 29 18 23 3 10 18 1 9 25 1 30 29 25 19 7 8 1 23 0 21 13 8 24 11 7 26 3 2 16 7 28 21 25 12 27 2 3 25 16 9 22 24 4 21 3 28 27 10 9 4 4 27 24 28 21 23 13 8 26 19 4 10 2 14 15 25 29 28 13 15 24 
3 28 18 23 6 6 12 24 16 10 5 18 28 7 8 29 12 16 29 6 4 14 0 22 4 9 5 24 23 19 26 27 1 10 28 27 8 25 17 0 14 18 25 7 8 21 18 2 5 12 22 13 29 28 18 29 6 29 12 5 5 6 15 1 27 18 22 18 28 8 19 16 18 13 15 13 2 29 2 23 23 12 26 12 0 19 20 24 13 17 8 
19 9 24 15 27 27 9 4 26 5 22 2 4 25 2 15 25 27 1 22 25 21 13 28 7 30 26 24 17 2 18 0 16 5 28 9 18 1 1 8 20 8 10 12 12 22 30 11 25 2 22 26 13 27 4 2 3 12 11 1 2 18 16 26 10 25 9 7 10 26 28 8 30 10 30 22 29 17 8 10 19 3 29 7 0 3 10 14 17 16 20 
28 12 9 14 9 9 11 18 14 24 21 11 4 29 15 3 21 30 4 4 26 23 19 4 11 14 11 4 13 5 22 0 28 14 17 15 17 9 6 21 17 13 30 18 21 27 29 6 26 6 26 27 23 23 25 9 6 9 13 18 16 18 4 20 6 6 16 21 23 11 5 23 28 9 30 19 11 4 25 18 21 28 14 0 0 15 5 13 12 13 7 
29 15 27 9 27 15 30 27 20 1 28 26 1 4 22 2 2 0 13 8 30 29 24 5 19 0 30 26 26 25 25 21 10 8 29 26 20 21 23 15 27 24 15 30 25 21 4 26 10 30 23 26 28 0 4 1 12 11 17 23 16 8 25 8 4 0 2 10 21 8 17 0 15 21 3 19 4 26 28 12 1 10 17 29 25 10 17 14 30 12 13 
15 21 2 11 24 6 8 16 9 30 6 26 12 11 12 2 3 6 30 18 0 1 19 29 28 19 3 3 5 11 4 8 14 20 20 15 2 9 4 30 6 19 7 21 26 26 28 14 0 21 22 0 21 1 5 9 9 9 21 27 26 25 12 12 5 16 9 7 29 4 28 0 1 30 25 23 3 25 9 1 17 17 26 23 2 25 13 9 5 6 10 
2 24 7 28 10 23 13 19 5 18 10 14 26 0 6 30 14 12 5 29 12 4 19 0 7 27 13 3 7 0 29 18 11 4 0 19 28 30 0 23 16 2 23 23 5 30 13 29 30 24 29 11 30 14 16 1 20 0 28 22 16 20 17 1 24 23 30 28 6 23 1 23 2 28 7 25 29 11 21 20 4 27 2 30 9 17 10 12 25 17 9 
6 17 24 13 22 10 14 12 3 19 28 8 25 14 15 28 17 29 17 0 12 28 15 23 18 30 7 14 16 18 27 17 27 0 24 22 24 8 22 20 15 29 14 26 27 8 17 13 27 13 26 30 10 19 19 13 27 22 0 15 17 4 24 26 8 5 1 12 28 5 5 19 30 14 9 16 3 0 16 5 23 17 4 17 24 7 13 10 23 23 15 
18 16 8 25 10 13 2 29 5 23 21 20 5 3 9 22 3 0 6 28 1 15 11 11 6 0 0 12 25 20 5 8 25 12 1 1 25 19 20 20 6 13 0 11 7 26 7 6 21 7 8 7 24 30 15 17 17 4 11 4 6 2 22 4 7 24 28 3 14 2 10 14 23 26 25 6 22 2 15 17 24 4 14 27 16 22 7 23 4 1 10 
21 29 11 19 29 1 28 6 7 23 2 22 18 16 18 24 19 23 26 12 3 10 17 7 26 1 1 13 17 23 15 5 16 20 7 1 5 30 25 21 1 20 2 20 14 29 6 23 3 2 18 3 4 18 2 1 13 10 10 26 15 29 30 9 5 17 15 11 18 27 12 3 23 5 8 26 19 6 6 18 10 23 21 26 20 17 24 6 21 0 19 
4 30 4 18 6 26 10 30 1 3 7 13 22 22 2 18 4 16 16 3 23 15 13 10 26 30 5 1 29 4 6 22 20 22 2 15 6 19 17 5 21 1 18 7 1 6 23 5 10 14 21 22 20 22 30 13 25 18 17 29 20 8 5 9 27 24 28 20 17 25 6 17 7 19 13 23 10 15 19 14 18 18 7 27 2 1 27 8 7 19 21 
28 21 20 12 0 8 16 14 16 6 12 20 25 2 23 2 15 2 11 21 21 23 10 24 6 25 4 22 22 6 22 24 15 22 8 17 21 18 6 10 22 5 18 13 21 1 11 4 21 26 2 5 8 21 30 27 11 19 6 17 10 9 3 8 9 20 27 28 19 19 28 7 3 30 10 20 7 23 2 19 16 18 16 11 12 25 22 30 25 13 26 
23 4 14 20 8 10 12 27 23 11 14 8 28 27 30 27 19 15 14 25 13 14 3 19 2 10 21 17 12 4 28 30 20 30 23 2 7 12 17 22 8 3 29 4 10 12 0 0 20 17 5 16 1 7 2 4 22 23 18 18 0 4 6 5 30 30 9 16 3 16 23 11 16 17 14 8 18 30 27 10 14 1 1 19 5 8 26 5 28 11 20 
7 25 7 1 12 11 25 30 1 7 0 8 17 20 11 8 14 12 22 5 25 12 19 24 28 5 16 13 25 26 10 1 14 9 5 18 14 15 13 29 24 4 14 28 21 1 2 13 6 9 17 3 11 5 25 14 6 10 2 23 2 14 2 3 21 7 21 4 7 21 9 15 14 18 9 22 24 22 27 11 28 10 6 17 10 9 1 18 27 7 0 
25 15 24 29 10 26 18 6 17 0 10 1 1 0 22 17 30 29 27 16 9 29 23 16 25 18 22 22 3 8 23 4 11 27 28 5 18 9 1 26 12 15 19 30 14 11 9 4 30 12 16 3 13 22 30 0 24 10 29 11 6 4 17 20 4 3 19 27 4 25 0 15 15 15 8 28 29 26 22 19 16 21 3 13 5 17 4 26 0 8 7 
13 24 7 17 17 18 14 12 28 18 19 5 26 15 3 10 30 18 5 17 13 19 6 30 17 17 29 8 11 10 12 23 23 12 15 5 7 25 30 15 10 18 10 16 23 14 7 13 29 27 14 26 29 20 20 1 20 20 16 21 7 9 12 23 0 14 3 29 16 24 18 1 15 4 1 28 5 10 4 1 27 2 8 4 4 30 25 25 21 4 18 
5 9 1 15 27 9 12 16 25 21 25 10 15 13 27 19 26 5 12 9 20 23 24 22 7 22 24 6 26 28 9 23 27 3 7 21 10 29 10 26 13 2 16 13 27 17 0 4 19 30 30 2 29 17 19 0 22 28 25 19 15 28 21 26 18 26 15 19 6 1 23 5 3 6 23 22 16 28 21 10 25 30 23 10 5 4 29 18 9 18 19 
7 13 18 11 9 8 24 24 12 8 25 19 16 22 4 3 26 24 2 8 23 4 1 19 20 30 18 30 20 4 8 22 22 5 12 4 5 29 22 6 9 14 13 17 10 23 13 23 0 30 3 18 7 20 30 15 1 27 30 5 6 29 22 28 22 7 15 11 6 6 23 17 3 20 9 20 18 16 12 12 25 27 16 6 18 12 24 24 28 10 21 
