8
15 19 30 9 4 1 20 28 23 17 24 1 13 21 4 5 14 6 6 28 16 27 7 27 29 18 29 3 15 12 23 3 15 11 2 22 2 21 3 24 10 3 12 10 12 
3 30 23 23 11 9 8 15 23 23 19 13 25 3 29 28 16 2 6 8 16 7 6 27 20 10 2 23 20 16 0 9 9 18 2 6 2 12 11 27 9 27 12 1 3 
6 29 17 1 13 4 24 12 22 27 17 4 10 11 14 13 2 7 24 26 10 4 10 26 4 27 3 13 8 5 10 0 22 20 2 17 3 2 26 21 11 4 28 1 10 
5 4 5 27 4 5 17 21 2 23 13 14 13 7 10 27 3 28 18 27 27 20 21 10 15 8 16 21 27 7 8 26 17 30 26 14 9 25 13 26 6 29 23 11 22 
18 26 4 14 5 16 21 15 26 27 5 30 0 9 21 30 27 30 0 17 30 15 3 2 29 23 9 16 13 10 6 17 25 7 5 7 6 9 11 10 7 3 14 25 29 
16 7 5 28 7 27 0 9 2 4 29 23 5 27 30 15 23 20 5 3 10 28 4 2 6 12 1 19 4 7 15 10 6 17 26 13 17 26 9 16 3 19 5 15 9 
0 1 1 2 14 7 9 6 14 29 15 5 23 22 2 17 8 15 13 14 12 27 16 15 21 11 19 5 10 30 6 16 29 28 30 0 13 23 18 29 30 16 4 24 23 
17 22 1 26 27 4 22 20 7 12 19 11 19 20 4 27 21 23 12 11 11 14 0 7 30 17 14 18 8 17 28 22 6 5 5 12 19 29 14 28 26 3 22 10 6 
21 29 16 2 6 16 20 21 27 17 17 15 24 16 6 3 30 9 18 5 2 11 9 23 5 30 2 23 16 13 7 14 22 29 19 0 5 18 30 23 26 15 24 17 0 
4 18 26 21 20 6 11 8 8 26 24 30 9 6 30 6 17 26 1 21 7 23 28 25 9 18 1 5 2 1 7 27 23 21 9 24 23 12 18 8 3 15 11 11 5 
0 21 12 6 0 27 6 22 13 17 7 25 25 15 15 17 28 13 6 0 14 19 13 10 16 3 22 17 23 1 19 22 25 11 21 8 3 23 7 23 2 8 6 19 25 
13 23 27 18 8 8 18 24 16 7 6 11 16 12 30 22 3 13 11 7 24 7 16 24 11 9 11 17 11 8 19 23 28 1 28 27 7 22 29 11 16 5 14 24 3 
6 15 1 19 16 26 15 19 8 25 25 11 23 15 9 3 14 13 19 1 20 22 24 7 29 12 6 8 26 24 28 0 17 1 7 2 0 4 19 17 12 29 6 16 27 
15 11 9 13 7 20 26 23 18 6 8 0 12 22 10 3 3 24 0 26 26 14 20 12 24 5 4 11 27 6 24 0 15 4 3 6 5 6 27 9 29 28 8 26 18 
19 27 27 8 25 26 18 25 27 4 20 8 23 28 8 20 6 17 14 16 12 7 20 1 26 0 9 10 0 2 22 18 2 29 29 23 3 16 16 24 28 2 13 25 17 
20 7 23 30 29 21 21 1 15 12 29 3 8 12 14 14 28 0 29 0 4 30 2 14 2 16 8 28 17 24 28 15 17 9 14 18 28 14 22 22 16 20 30 26 24 
