8
5 12 8 19 30 27 3 12 14 9 14 29 14 0 19 16 19 30 28 3 1 25 16 13 19 28 0 25 5 7 5 10 15 18 23 2 8 30 17 9 19 5 25 29 28 
9 10 29 26 12 13 8 2 5 30 25 23 25 28 24 5 4 16 29 26 28 17 25 1 7 13 25 11 16 18 0 11 20 23 21 1 29 18 12 24 27 25 9 10 13 
13 6 8 17 26 1 10 9 2 27 15 2 9 4 29 26 16 4 29 4 30 9 21 30 22 10 9 3 1 13 4 26 14 21 10 24 9 26 8 30 2 8 28 2 30 
25 6 23 12 17 21 1 22 30 18 7 10 2 6 17 24 3 29 9 20 11 24 10 2 6 9 28 10 24 27 23 12 14 16 19 30 1 30 23 9 29 6 21 6 4 
26 28 29 10 23 14 13 5 8 29 27 25 1 8 5 6 21 29 28 24 8 17 1 17 27 1 19 22 14 16 27 13 12 0 11 20 6 23 11 2 5 20 16 5 5 
25 18 27 15 9 21 6 26 18 17 3 3 24 15 14 25 30 16 11 12 1 1 10 20 8 1 16 0 14 14 17 1 27 21 21 10 28 8 16 8 19 3 21 12 23 
24 4 7 22 16 9 24 1 17 14 22 24 10 0 28 13 21 15 26 15 20 12 4 28 0 9 1 17 28 11 13 20 29 4 27 10 13 5 6 2 9 30 11 28 19 
10 18 10 27 28 5 6 8 7 8 3 29 10 0 24 16 5 28 22 5 28 4 8 9 4 0 22 25 26 2 19 16 4 1 1 1 16 28 28 2 6 19 10 7 29 
27 9 16 20 30 21 20 30 7 29 14 9 20 3 11 15 11 16 14 23 2 21 19 13 28 12 13 25 4 1 27 3 12 7 21 4 30 29 19 8 2 1 12 6 27 
2 30 0 6 5 11 16 29 14 15 14 28 17 30 20 2 10 20 25 0 25 9 1 23 26 30 21 0 29 22 6 7 4 28 9 0 23 28 3 16 10 3 15 17 22 
7 18 27 28 23 21 1 18 20 28 19 13 28 23 8 22 9 19 24 3 23 13 1 30 7 22 29 2 24 30 10 1 17 13 5 6 11 30 16 6 19 11 4 19 7 
19 18 18 17 16 8 18 27 9 5 1 5 19 27 25 15 24 25 1 1 20 17 16 26 7 19 24 13 29 19 22 26 6 15 20 30 21 24 19 26 20 4 28 18 26 
20 12 8 16 17 12 15 7 4 27 20 26 14 17 16 0 29 0 3 21 6 29 4 24 13 28 28 1 27 11 26 25 5 18 13 19 6 0 22 26 4 0 19 13 0 
3 14 19 29 30 1 5 15 13 28 10 26 25 19 15 18 8 17 24 29 7 29 28 15 14 24 24 19 22 14 12 2 10 18 0 6 1 28 23 19 1 24 18 18 1 
10 10 0 4 14 25 1 27 5 11 1 13 25 17 22 24 10 12 15 19 3 13 1 3 2 14 20 5 30 3 27 15 1 7 19 23 0 23 11 22 6 12 9 20 5 
5 18 22 8 8 8 17 14 7 28 24 30 2 0 27 13 26 5 23 4 27 16 4 30 2 9 16 2 1 3 28 7 3 2 11 19 3 22 9 10 22 19 1 23 1 
