7
7 12 22 11 1 19 9 18 22 13 0 6 24 10 27 15 6 5 15 20 17 28 13 6 26 22 5 2 3 0 30 30 0 6 24 4 
0 14 22 2 24 19 16 3 8 22 8 13 21 17 5 11 19 23 4 14 0 3 9 7 27 3 10 15 21 19 15 24 25 2 6 14 
24 18 6 0 6 0 12 5 16 20 1 16 27 16 2 23 17 11 20 24 13 21 27 28 27 18 7 10 28 30 7 28 29 22 1 3 
25 1 12 12 15 9 11 7 29 2 9 24 9 8 3 19 17 26 18 1 28 5 6 0 22 16 15 11 19 2 8 7 22 19 11 22 
15 9 15 2 27 6 5 14 9 4 12 14 25 9 4 24 22 17 1 18 6 5 25 27 26 14 11 13 10 11 24 0 21 15 24 23 
28 28 19 24 14 15 26 4 10 23 29 18 6 28 25 7 13 21 6 18 6 8 11 2 16 4 5 7 4 27 19 6 3 29 30 3 
27 19 28 20 2 7 12 2 30 9 16 10 23 27 29 21 6 24 12 21 15 10 16 14 8 11 12 5 15 19 5 13 1 3 6 15 
15 16 30 0 18 4 0 10 7 16 30 26 6 21 19 0 28 20 5 29 7 27 0 7 20 12 26 30 23 28 2 14 13 10 14 8 
9 10 30 0 11 18 2 30 27 27 16 2 14 0 7 21 4 0 3 10 8 6 10 29 5 26 0 24 3 20 9 12 30 0 11 6 
19 6 29 12 19 1 29 1 29 0 14 12 8 7 16 22 22 26 7 27 6 30 1 19 8 18 18 14 1 7 12 17 23 29 23 20 
14 27 20 1 5 16 10 2 16 2 29 26 2 15 18 26 22 29 28 10 20 20 1 22 21 0 14 13 23 18 8 14 21 21 7 3 
16 24 16 1 12 2 23 12 14 29 27 3 22 30 13 3 26 1 1 21 7 16 11 9 18 18 17 4 13 16 8 24 30 23 28 12 
19 9 6 1 20 4 26 9 16 24 16 11 24 15 20 15 2 23 29 8 16 16 22 7 12 5 21 12 14 8 16 14 12 5 22 27 
11 26 17 17 17 5 21 25 9 25 6 3 6 14 20 8 21 15 16 16 5 28 20 24 20 2 27 14 20 17 2 6 19 18 27 27 
