8
9 30 22 6 7 11 17 12 22 1 26 16 13 19 21 12 0 10 8 29 0 28 12 21 22 17 30 29 17 14 9 19 10 30 17 16 2 12 2 11 17 15 28 10 17 
13 21 29 3 30 16 12 17 19 3 25 11 23 10 2 19 28 5 22 14 3 8 3 24 26 1 3 30 20 1 2 21 30 5 2 2 6 13 15 19 14 21 8 22 21 
24 21 13 28 22 28 6 16 26 9 20 27 1 16 29 11 22 8 17 18 27 17 4 1 12 25 9 0 19 18 24 23 24 1 12 11 10 5 29 6 26 1 11 25 28 
20 1 9 2 7 3 0 20 11 17 10 12 3 6 8 21 10 10 22 13 19 15 22 4 1 13 23 17 1 21 5 30 21 1 29 7 13 2 2 8 21 5 2 24 19 
17 7 22 11 19 28 22 18 16 17 19 10 22 12 23 13 26 28 8 30 2 27 3 8 0 1 6 22 23 18 21 21 24 28 18 21 28 28 1 8 11 3 30 16 19 
20 24 1 10 1 25 8 30 3 19 12 16 0 15 29 29 17 28 19 29 13 5 8 13 20 8 0 4 19 11 3 9 30 8 2 7 12 7 9 14 10 2 30 15 0 
13 26 15 8 7 22 30 20 0 25 24 6 8 27 7 20 12 12 15 22 16 22 12 29 26 30 4 11 18 7 15 23 28 27 29 13 25 23 7 12 6 6 9 21 25 
26 3 15 15 8 1 9 21 0 5 26 14 14 16 16 19 11 6 25 8 17 27 6 15 3 9 19 25 20 9 11 29 11 26 1 4 24 27 4 2 1 20 2 9 11 
28 21 30 24 13 1 18 9 4 19 9 10 22 4 14 28 17 6 30 23 14 25 22 26 19 12 27 7 9 11 22 12 5 28 15 14 23 14 8 1 8 0 20 8 23 
22 15 14 3 3 19 3 15 19 10 29 26 6 4 7 6 17 19 7 22 14 0 4 6 14 24 23 15 30 5 11 14 28 0 18 24 17 3 8 14 11 15 9 1 29 
28 11 9 1 28 28 23 1 9 0 9 7 28 29 24 28 15 3 23 16 18 26 20 27 15 13 8 13 25 18 14 9 1 14 1 25 2 17 28 19 21 5 13 26 1 
11 19 0 24 28 28 27 27 18 17 12 11 27 8 20 22 23 0 2 9 17 15 11 8 14 24 20 14 28 5 25 8 24 25 13 15 27 26 20 4 6 15 9 23 27 
21 19 26 30 0 22 3 5 10 30 13 3 29 23 16 19 4 14 25 26 26 4 12 24 27 29 22 6 28 5 17 2 26 22 10 11 13 15 27 24 11 21 22 13 6 
22 3 22 10 22 19 16 17 22 8 18 17 2 1 26 13 27 7 1 14 0 10 4 10 13 2 10 13 7 29 19 21 9 27 12 24 25 10 25 5 22 13 10 27 20 
29 7 4 27 10 5 16 23 8 12 9 8 5 29 21 4 26 10 5 17 12 14 3 1 28 6 13 6 12 5 13 19 11 12 20 16 13 15 1 8 19 20 30 16 22 
23 9 29 23 22 16 30 30 1 27 4 10 25 7 16 27 4 24 6 17 23 24 18 17 22 8 16 3 0 4 28 3 15 11 6 20 2 12 30 13 11 9 15 17 26 
