8
26 5 11 17 9 3 30 13 17 20 2 16 15 27 15 17 17 1 27 10 2 9 9 14 18 21 12 18 12 9 6 4 5 9 9 4 6 22 16 19 19 4 27 29 30 
22 25 18 24 17 11 1 21 20 1 3 12 26 4 14 17 20 24 5 26 3 7 23 26 22 24 2 21 20 14 28 11 8 15 11 15 30 15 25 22 22 11 18 19 24 
9 12 14 14 1 2 2 22 0 28 18 2 20 1 13 19 16 30 2 0 20 11 5 21 6 4 5 26 12 16 20 6 11 15 0 10 15 25 15 9 11 22 1 23 9 
23 9 24 10 7 17 5 27 24 21 25 30 13 11 3 15 14 15 27 0 6 24 6 2 29 4 26 27 9 29 21 8 10 19 24 8 8 5 5 28 11 22 27 24 20 
7 17 24 30 7 24 18 12 28 25 1 19 7 26 29 21 2 9 2 6 26 26 5 9 20 8 13 1 24 3 4 14 29 14 11 3 24 20 2 20 3 21 26 7 30 
23 21 28 13 18 22 10 24 4 15 10 8 5 3 18 10 19 7 24 17 6 18 21 23 24 22 21 17 4 5 23 24 25 3 2 30 2 23 29 9 1 16 17 11 30 
17 1 30 16 26 24 10 16 25 9 30 21 16 6 22 12 25 18 0 3 7 0 19 11 28 13 23 18 12 28 9 0 28 8 7 1 6 7 16 22 19 16 11 5 5 
28 2 7 17 24 14 10 3 30 29 10 12 22 21 4 9 9 1 24 4 5 18 3 28 27 12 11 6 3 2 4 15 2 20 4 20 9 3 27 17 26 28 4 25 30 
6 14 19 3 5 28 21 28 27 14 21 22 9 13 14 21 11 8 19 28 25 9 17 0 11 27 27 9 17 1 0 4 14 13 30 5 29 19 1 11 25 20 4 1 30 
9 29 22 4 14 29 28 11 18 30 16 18 23 0 16 24 5 24 20 16 3 29 3 23 24 26 28 26 26 15 10 11 6 16 0 3 27 20 29 10 21 8 16 2 13 
15 18 4 25 15 0 0 3 6 28 19 17 22 21 19 6 16 22 20 17 0 3 19 13 2 4 24 22 17 3 4 21 2 23 14 11 21 13 10 11 18 7 2 11 26 
21 17 20 24 7 25 10 4 9 17 10 25 23 17 13 15 11 2 14 8 17 30 13 1 25 9 28 18 1 8 14 6 2 14 24 16 1 12 20 26 30 4 18 19 8 
17 28 30 18 12 16 6 21 19 3 16 18 5 23 6 29 28 6 10 19 12 0 14 29 24 18 3 20 19 0 25 19 4 29 24 25 29 8 8 14 10 8 12 3 10 
10 19 25 22 3 0 7 2 26 7 4 28 22 6 23 22 26 8 19 22 5 22 24 25 3 0 26 13 7 8 22 29 0 8 5 26 4 28 6 2 20 22 16 28 4 
30 6 28 3 23 9 7 30 12 15 9 9 19 8 19 26 10 30 10 9 4 25 9 30 30 10 13 26 14 17 4 3 3 27 1 10 2 18 9 7 16 2 26 8 5 
20 28 13 26 17 5 6 21 27 21 28 24 4 11 9 25 24 23 6 2 27 9 29 24 28 28 6 9 1 15 20 2 22 12 17 26 19 21 5 17 10 29 25 9 27 
