11
21 4 0 17 19 10 12 4 22 0 18 4 1 23 9 17 20 29 3 15 25 7 8 29 1 25 29 12 10 16 28 7 4 7 30 21 28 10 10 17 1 13 20 10 21 8 25 12 0 19 15 6 28 14 3 6 3 2 23 18 4 8 28 15 15 2 6 13 25 7 28 27 23 8 24 3 26 2 
21 22 23 0 27 18 15 24 14 18 4 12 12 7 6 14 7 7 17 8 24 0 16 0 1 30 20 5 10 4 9 23 20 22 7 14 10 7 26 4 6 30 3 0 15 2 2 28 16 3 9 22 19 18 21 17 9 14 18 11 14 11 15 20 1 18 7 3 30 11 5 4 8 15 1 30 2 24 
7 29 13 14 1 14 3 27 25 15 7 2 3 29 24 13 19 21 0 28 7 5 3 20 30 20 0 16 18 6 6 6 10 15 29 29 22 6 6 16 2 5 16 24 6 10 23 30 5 14 9 4 21 25 28 2 0 2 23 19 16 7 23 19 22 22 5 0 23 25 4 4 30 16 10 9 11 6 
20 12 30 21 11 22 3 9 28 10 24 19 30 30 26 20 30 2 22 26 6 28 18 5 9 14 8 18 11 9 9 30 21 0 20 29 7 20 8 2 13 4 4 16 25 7 28 1 30 13 12 20 16 7 17 7 28 26 18 26 15 26 27 4 5 13 7 1 15 30 22 28 7 6 15 0 22 30 
12 9 17 26 17 9 18 17 6 13 26 16 3 5 1 8 1 10 6 17 6 22 10 18 2 19 21 10 6 28 12 29 16 12 5 2 12 14 11 23 3 2 13 1 23 16 12 6 3 7 12 5 18 23 10 9 9 8 3 4 27 16 15 15 15 0 26 29 2 22 22 9 25 23 13 10 3 20 
21 23 19 24 7 8 6 26 23 29 29 24 21 0 22 13 9 22 15 24 24 7 10 7 20 3 28 30 24 6 19 19 19 9 30 4 11 10 6 23 17 1 19 2 25 29 8 21 24 15 25 29 5 11 21 26 5 2 14 1 10 2 7 22 24 8 3 22 26 22 26 19 19 0 10 22 22 24 
1 4 14 26 24 0 6 30 8 16 14 1 8 0 14 14 1 10 3 16 2 22 26 23 29 0 17 2 1 28 25 18 29 14 27 8 22 4 30 29 9 21 11 9 11 22 21 29 14 23 8 17 21 24 30 29 1 1 15 24 9 5 14 22 22 21 22 30 23 20 11 28 23 10 27 24 21 3 
25 16 9 29 18 12 0 30 8 6 10 20 13 3 22 10 26 16 28 7 28 27 14 17 5 12 12 6 26 27 20 20 29 14 11 15 26 13 11 12 16 9 3 7 9 30 1 10 21 15 13 5 15 7 27 27 28 27 10 17 20 15 29 3 14 18 1 21 25 0 23 25 2 1 7 1 18 1 
0 0 2 3 0 19 17 18 9 21 4 0 12 9 3 22 20 1 26 5 4 23 10 25 18 16 24 9 18 25 0 12 11 6 1 16 25 6 22 3 19 5 12 3 30 12 28 26 28 23 30 11 25 9 12 21 6 24 23 14 23 9 22 4 7 23 4 27 4 18 10 20 10 7 14 24 28 0 
29 14 27 5 9 9 28 17 13 25 13 20 21 3 24 15 10 25 15 25 16 6 7 25 3 7 28 3 26 7 6 7 1 26 6 11 16 7 27 7 14 15 7 18 6 8 16 4 17 20 0 17 1 1 15 9 11 7 28 0 5 18 0 30 12 12 0 16 17 0 2 30 26 29 4 9 10 5 
8 8 5 19 20 2 6 24 27 20 13 16 27 25 3 21 21 14 1 21 30 28 30 21 2 18 9 29 30 22 12 28 2 8 23 2 15 8 15 22 15 13 14 2 23 8 8 6 26 10 6 22 19 14 20 20 28 16 16 10 5 27 15 29 16 19 30 29 19 25 16 29 1 15 20 23 30 8 
18 13 5 22 24 9 6 25 14 4 2 0 17 7 3 5 9 15 24 15 6 26 21 12 18 1 19 29 21 1 30 7 22 10 1 16 27 20 24 19 29 30 10 25 15 3 5 3 23 13 5 16 0 28 28 0 2 17 5 29 17 10 27 8 29 27 1 14 0 20 6 2 11 23 6 18 7 29 
17 28 10 7 16 0 3 29 4 15 13 28 8 1 22 25 6 13 25 25 0 20 9 30 29 4 5 24 3 11 12 13 21 30 29 8 24 5 15 13 23 18 10 12 13 24 7 0 30 18 5 11 9 9 9 2 5 16 1 27 5 1 30 24 14 17 28 3 11 19 15 4 10 17 26 24 29 18 
16 28 23 11 30 16 13 25 28 11 9 10 25 29 1 0 20 21 4 5 10 8 30 14 30 29 2 7 11 21 25 7 6 1 17 23 15 3 30 10 8 14 29 2 25 13 18 3 11 4 16 0 6 4 1 23 16 25 20 4 22 11 4 6 5 20 12 8 0 15 11 21 20 10 8 10 29 11 
21 17 20 25 1 10 16 14 17 14 22 7 7 7 30 19 23 20 14 28 5 15 22 10 13 22 28 6 11 17 5 6 27 25 17 23 11 7 1 15 21 21 17 15 2 23 18 28 27 30 16 17 30 10 13 16 5 1 14 30 5 4 26 12 8 21 16 11 10 19 6 13 8 20 25 9 4 30 
10 12 18 27 21 29 28 20 12 25 20 2 4 3 2 1 13 24 11 6 19 27 6 0 2 9 8 26 1 22 0 7 8 13 1 24 15 0 0 2 12 18 7 14 2 12 17 0 20 26 17 12 26 25 8 12 27 25 13 11 5 29 28 1 7 14 13 25 30 27 2 15 1 6 8 1 27 23 
10 6 7 28 17 29 10 19 30 7 12 9 18 14 30 23 24 28 26 29 4 4 6 21 20 25 5 19 23 18 23 20 12 2 1 10 22 4 7 19 11 11 19 11 9 13 15 26 7 30 6 23 29 17 3 5 14 18 20 22 12 4 14 16 23 5 20 20 8 29 18 27 0 23 12 14 25 10 
9 28 3 5 27 1 17 13 22 5 19 8 24 4 10 8 6 21 25 18 16 2 18 2 17 19 0 26 15 26 2 2 16 25 18 15 30 0 12 27 1 0 22 16 23 6 13 30 2 2 6 14 9 25 10 0 25 13 8 15 12 17 11 0 26 22 30 15 18 11 26 26 8 19 13 19 28 19 
11 8 5 1 16 10 26 11 21 17 15 21 3 24 25 11 17 23 4 15 21 23 18 13 18 24 3 24 14 23 26 13 28 24 1 24 29 21 3 29 23 1 13 8 1 7 10 14 20 21 2 2 9 22 20 8 27 23 4 12 27 8 22 12 22 21 21 28 0 13 23 22 30 16 18 5 15 0 
17 7 27 28 21 29 2 19 17 24 22 18 19 17 2 15 10 8 27 18 3 5 4 29 6 30 26 5 20 22 2 5 3 18 26 22 6 10 26 2 3 14 10 23 14 8 22 0 23 28 8 9 5 29 2 20 30 16 24 1 6 15 3 15 4 1 15 18 7 23 1 29 29 2 10 5 30 3 
20 20 24 0 21 28 29 9 30 7 12 26 17 17 19 11 29 18 8 27 11 0 11 15 23 27 6 17 7 26 9 4 28 16 29 8 28 30 22 5 16 7 22 11 0 23 8 26 28 15 20 24 18 7 12 28 2 29 16 14 8 5 15 8 1 19 17 11 27 30 3 24 0 9 26 13 16 10 
18 14 22 13 12 8 21 9 22 15 10 0 25 20 2 27 11 19 28 2 0 28 30 10 1 1 19 9 15 19 26 19 7 3 15 21 0 24 23 7 17 11 21 27 14 21 7 0 27 14 28 24 16 26 20 6 17 13 18 3 24 3 24 1 4 30 17 5 4 2 11 6 10 10 11 13 26 30 
