12
17 10 16 18 30 25 2 28 18 29 22 26 29 24 26 28 0 19 3 23 29 9 19 9 19 19 7 21 18 2 6 23 23 13 24 28 28 13 27 19 22 7 20 9 0 16 22 14 19 8 24 14 27 5 27 8 10 3 2 1 30 27 23 9 27 7 11 29 27 29 10 24 1 11 25 7 5 26 19 20 13 10 6 15 13 30 4 8 12 20 9 
25 1 27 19 2 16 18 1 15 29 18 16 6 21 30 10 8 30 14 19 14 7 18 10 3 13 16 18 4 13 2 5 10 21 12 15 4 22 18 7 29 8 29 7 24 15 30 12 24 6 25 7 23 1 1 22 12 25 13 24 25 21 23 18 11 16 19 21 2 18 3 29 5 27 18 7 7 21 14 17 24 17 20 24 12 23 18 15 0 14 29 
4 29 30 13 24 21 17 17 15 0 12 2 17 3 14 17 6 6 28 10 4 18 4 3 8 26 28 22 28 25 18 18 11 24 20 10 30 29 22 15 17 8 25 14 21 10 16 29 10 29 20 13 29 29 29 17 5 16 9 11 16 21 12 1 30 4 23 13 23 13 20 20 2 18 24 11 13 3 27 2 2 8 0 3 2 2 13 2 23 18 9 
10 28 11 2 30 10 10 24 17 9 16 4 25 9 22 21 6 24 0 30 28 7 22 1 2 1 20 4 0 26 25 5 9 3 22 10 5 19 0 2 15 24 0 4 10 3 11 25 16 26 6 28 19 13 22 17 1 22 15 14 19 12 0 4 16 13 6 15 2 30 26 29 3 30 14 25 9 23 29 25 1 13 24 7 24 21 1 25 0 24 18 
17 18 13 14 6 5 23 26 19 13 8 22 27 25 20 15 4 7 24 13 22 15 22 4 14 17 13 21 29 22 27 5 16 25 11 25 3 27 5 11 5 2 26 24 7 1 17 13 25 0 12 10 8 4 30 14 16 1 29 5 1 26 12 0 10 7 9 21 14 18 3 20 17 19 7 5 10 24 22 3 4 25 19 18 16 15 28 12 24 16 20 
4 6 17 3 5 30 18 16 12 1 19 24 1 23 19 10 16 16 15 1 4 20 25 16 19 28 21 0 9 7 18 0 21 8 2 20 29 13 24 24 25 25 15 6 20 3 4 15 7 26 6 20 16 14 9 23 0 1 2 2 8 7 10 26 26 8 12 27 26 8 19 5 10 19 8 29 10 10 8 24 22 30 27 21 7 6 13 20 2 1 11 
12 14 18 14 19 5 30 1 25 8 16 4 21 24 23 0 14 10 11 23 2 5 6 14 12 4 26 21 5 0 26 17 13 8 9 19 4 23 3 30 4 12 3 0 5 12 16 28 1 7 23 16 18 2 19 12 12 23 14 11 9 15 24 1 21 7 22 7 11 17 0 7 27 15 8 4 9 29 23 7 8 2 26 26 30 30 16 17 23 24 13 
23 4 5 30 5 3 5 30 22 12 22 9 17 25 6 28 22 25 14 27 17 10 30 24 18 16 25 14 8 10 5 28 22 5 29 29 18 10 11 6 6 0 4 4 1 7 2 1 20 13 16 20 7 2 6 15 13 11 13 19 22 23 8 26 5 10 20 10 5 7 21 26 28 5 17 30 9 23 15 15 5 22 14 27 24 22 28 16 1 26 9 
10 8 21 6 6 22 4 17 26 6 30 1 10 16 3 18 18 27 4 14 26 0 1 19 19 25 23 11 25 12 9 2 4 3 6 29 30 7 18 1 25 16 22 18 15 4 7 10 0 1 17 30 23 23 22 8 25 21 9 29 18 5 20 27 7 27 8 17 12 30 19 14 12 4 12 5 18 29 14 14 8 23 7 26 7 29 26 21 2 25 26 
7 30 25 13 9 29 9 22 0 28 15 29 15 3 21 20 0 6 4 7 10 0 26 30 5 20 29 30 10 25 5 23 0 1 9 5 9 5 23 14 0 1 30 16 21 18 9 10 20 8 30 7 14 12 15 27 17 18 6 9 11 29 4 3 23 30 19 18 10 5 4 0 6 17 16 24 26 7 13 23 22 11 6 7 27 10 29 22 3 22 28 
14 3 13 5 19 0 14 15 24 2 6 2 8 5 12 19 30 15 26 22 22 22 22 16 22 12 2 9 1 4 17 15 8 23 18 20 15 14 2 17 9 24 7 22 14 3 16 11 3 22 26 4 6 30 9 15 6 19 1 30 26 14 10 1 3 17 30 5 28 12 12 25 3 11 27 26 12 11 13 25 24 18 28 8 15 22 24 14 8 26 27 
26 19 1 12 20 23 30 8 19 0 15 14 22 29 5 2 1 17 10 11 8 24 28 14 20 26 28 13 11 4 28 24 10 1 11 1 12 26 14 23 23 2 9 23 16 18 30 29 5 30 29 29 21 4 8 11 19 21 13 21 9 25 13 30 24 17 30 14 26 22 0 8 27 21 0 2 24 3 11 4 6 5 12 29 20 16 12 15 1 8 15 
27 2 5 14 15 24 7 18 30 24 7 29 17 7 26 9 6 16 5 2 16 2 12 1 20 29 8 1 6 24 26 17 14 15 3 20 5 5 25 27 12 5 7 4 9 21 5 15 16 1 10 2 1 11 28 0 2 7 2 21 24 24 16 2 14 1 19 16 21 18 10 27 1 4 12 15 30 28 2 7 28 10 11 11 6 6 23 16 9 25 18 
14 27 19 8 15 8 18 1 14 0 26 27 14 15 0 13 6 23 8 28 25 14 19 22 18 6 9 28 9 18 26 0 4 23 4 26 10 27 12 26 30 0 28 30 1 24 18 23 12 22 13 14 3 1 4 9 17 28 24 25 29 16 11 9 7 26 4 30 5 22 16 22 22 0 17 26 5 25 16 15 18 14 8 3 14 20 4 27 12 21 13 
10 24 15 8 0 20 6 10 22 15 1 27 10 5 16 6 24 17 29 19 16 17 12 19 20 25 1 21 16 8 29 0 11 16 25 13 30 8 10 0 24 2 3 1 18 4 19 21 16 28 19 21 27 7 19 30 13 13 29 10 7 13 23 17 5 13 10 26 3 27 24 27 1 16 25 29 18 26 12 26 5 14 9 19 22 23 29 12 12 28 14 
7 15 29 16 3 29 15 11 12 21 1 10 4 8 3 0 8 12 0 21 4 27 4 10 4 17 0 20 15 8 15 15 5 21 5 16 9 13 25 28 17 7 23 13 23 8 27 23 8 5 6 29 17 3 26 3 20 9 20 14 16 5 22 8 27 7 5 26 5 26 14 4 8 25 5 18 21 23 21 28 14 22 10 18 1 25 17 13 30 11 17 
24 30 28 8 25 29 10 17 29 4 11 22 0 18 11 12 8 9 0 5 21 13 8 22 9 25 13 13 20 3 13 22 6 11 5 23 11 23 15 18 6 3 6 4 15 1 16 6 12 25 23 16 6 8 19 20 2 6 4 20 1 9 3 29 25 24 16 25 22 11 20 27 3 0 9 2 8 14 4 20 18 26 0 10 15 26 20 5 2 11 16 
4 19 27 17 15 19 30 11 24 30 30 15 5 13 23 7 22 6 22 22 13 15 28 23 12 15 10 0 19 25 7 5 11 28 25 24 9 0 13 1 17 1 19 19 25 26 26 6 24 4 7 11 3 28 7 15 1 20 8 9 1 26 3 8 4 16 5 13 29 1 6 23 17 4 27 17 2 11 5 28 23 9 2 14 22 7 22 8 19 8 23 
29 5 3 7 8 29 21 8 30 16 4 24 16 2 6 25 7 25 22 3 28 10 27 7 28 15 20 9 9 10 12 15 26 23 10 18 4 10 24 23 17 19 4 13 29 14 22 29 15 9 30 19 26 1 4 29 29 0 6 1 15 10 11 3 21 27 9 20 3 10 17 8 6 9 17 12 25 17 7 19 19 13 3 17 24 28 26 12 13 21 12 
27 5 18 28 14 29 20 29 21 15 17 21 9 5 9 11 6 11 16 13 19 16 7 17 24 3 20 9 25 14 26 11 24 1 17 13 7 7 19 6 12 29 28 0 6 15 12 22 1 1 12 28 19 6 24 22 28 13 23 1 27 30 29 16 8 29 10 13 12 25 10 9 9 29 21 23 0 14 30 27 13 20 1 15 22 28 20 6 15 0 21 
27 27 15 29 23 3 8 18 9 26 0 8 21 25 11 20 4 25 15 5 20 28 29 13 11 26 13 8 0 1 16 18 9 28 23 1 10 22 3 16 13 16 15 14 18 8 25 22 14 26 27 15 24 30 24 9 18 19 15 27 4 21 14 17 8 11 28 28 4 20 0 10 27 24 30 21 2 26 27 8 25 12 17 22 13 12 6 28 27 28 7 
24 18 10 13 5 7 30 25 26 21 22 11 29 25 13 27 6 28 14 20 29 12 19 2 30 14 18 24 23 13 2 22 7 5 20 3 9 23 17 19 19 27 13 0 25 14 30 12 27 28 19 9 20 0 11 27 0 7 7 7 1 22 14 22 16 5 3 3 5 4 10 11 6 22 30 5 17 18 7 0 7 13 6 26 25 4 14 21 30 26 23 
17 8 10 17 12 18 18 30 9 0 11 0 25 9 17 11 19 11 18 8 22 27 4 15 25 20 7 9 4 6 29 21 29 24 13 4 18 17 20 14 6 5 17 24 2 21 7 18 20 5 6 25 15 22 12 15 30 19 28 1 24 22 23 20 7 22 16 3 21 15 18 12 17 4 28 16 10 6 22 12 29 11 27 10 18 8 23 4 22 17 26 
18 11 2 19 29 12 8 27 2 14 11 13 11 16 28 24 16 19 23 22 23 4 4 9 26 28 22 24 18 20 29 5 16 19 10 5 17 8 20 0 23 0 12 17 1 23 18 22 1 1 11 3 11 2 28 20 9 6 14 8 29 16 17 18 8 20 4 24 20 19 12 24 3 7 0 29 27 22 6 13 4 2 12 16 22 12 22 15 25 1 22 
