12
4 6 4 5 12 6 14 0 19 4 9 24 17 22 17 22 4 0 9 10 28 30 19 23 4 6 29 24 1 12 3 24 27 9 3 22 21 14 10 7 2 24 30 27 30 10 27 28 15 1 11 10 10 22 29 1 19 17 12 29 20 20 28 3 20 6 24 23 15 27 3 18 24 22 29 6 18 23 17 12 29 1 26 13 18 1 29 16 8 11 4 
26 10 25 20 30 1 23 21 2 27 21 26 13 19 5 29 8 4 6 2 11 29 17 1 25 1 4 12 7 7 10 7 3 2 25 11 14 21 11 12 17 10 19 9 14 24 20 6 12 28 7 11 22 3 22 1 4 16 6 8 19 8 4 22 26 13 12 13 7 28 7 23 14 4 14 27 26 12 7 11 3 0 29 2 22 23 6 30 0 7 30 
17 21 4 18 28 13 8 25 30 3 8 21 19 20 1 23 29 14 5 9 2 21 22 16 22 15 7 22 16 7 15 12 11 20 9 26 16 29 23 13 7 20 26 15 14 28 23 13 16 16 30 28 22 5 19 12 14 13 17 8 24 9 19 3 2 14 1 16 22 27 20 26 7 22 5 29 17 26 4 29 3 20 20 18 26 17 16 3 14 15 26 
0 15 12 13 28 22 1 2 22 24 18 3 1 15 8 14 9 4 14 22 24 2 0 8 11 6 29 29 14 20 26 30 14 11 0 3 7 1 19 24 12 27 24 22 23 3 30 11 28 24 26 12 29 7 2 9 5 19 0 21 12 11 6 23 28 17 12 4 3 22 2 27 7 30 7 21 8 16 9 30 19 8 5 22 0 14 15 1 23 29 2 
11 26 21 9 2 9 11 4 11 6 14 8 26 10 24 20 27 24 12 11 5 30 29 13 24 25 10 13 11 29 17 24 24 15 13 10 3 25 9 15 5 7 10 17 4 0 20 7 27 2 26 1 28 7 1 19 16 19 11 0 16 24 19 6 11 10 26 3 10 26 3 5 1 27 5 29 3 8 12 23 19 14 30 30 24 17 19 18 19 15 16 
4 19 10 13 5 15 14 15 27 13 19 9 2 4 28 2 18 14 11 9 15 14 25 23 10 26 1 21 4 13 18 9 14 4 7 12 20 28 24 22 6 0 21 5 14 9 29 11 5 6 1 12 1 15 11 27 11 20 7 12 11 19 17 21 1 21 7 17 25 23 26 13 12 15 13 19 26 11 26 16 27 0 26 0 12 25 25 17 7 22 17 
9 5 3 12 28 25 7 18 27 12 26 0 7 19 29 7 3 17 27 20 6 18 23 7 15 19 12 21 15 17 11 23 20 12 26 13 0 11 14 24 14 2 29 1 19 27 19 6 19 9 21 27 24 4 20 15 17 23 21 1 5 24 26 9 18 9 27 0 13 29 25 12 27 12 7 1 13 17 12 7 25 3 6 19 19 19 11 28 26 29 12 
24 23 2 29 2 10 27 9 23 29 2 29 15 25 0 17 0 21 14 27 0 18 8 17 16 27 28 14 27 26 24 3 4 30 22 2 18 23 28 23 30 1 26 17 6 9 6 27 22 22 28 13 25 18 12 11 25 11 1 12 18 10 11 4 21 0 14 24 6 9 3 2 3 18 21 4 7 4 5 22 23 10 22 11 29 23 20 23 17 20 2 
18 13 3 11 21 13 11 2 1 3 18 20 9 2 5 10 11 22 20 18 14 16 11 27 20 5 24 15 1 24 17 24 12 26 14 29 2 1 10 23 26 8 30 17 13 12 7 2 28 30 7 18 24 8 19 26 11 8 26 0 13 10 20 21 30 4 10 15 13 10 24 10 7 13 4 7 24 11 26 20 25 1 10 3 21 13 25 9 5 23 15 
28 4 17 6 12 16 7 5 4 19 30 10 14 26 2 25 28 28 4 18 23 5 22 21 18 11 11 12 26 20 1 22 17 7 8 26 5 1 7 0 7 30 26 30 29 16 29 25 2 6 1 12 15 19 27 12 26 13 2 21 4 26 20 8 16 0 2 0 28 14 25 6 8 12 27 11 30 1 17 30 24 2 20 19 23 29 11 13 4 0 18 
10 22 20 25 10 20 1 12 29 15 30 10 11 30 15 16 12 28 2 13 20 27 16 12 15 25 10 8 18 30 25 19 13 4 29 10 12 9 22 11 23 2 30 12 21 13 0 11 2 23 18 13 27 9 19 28 16 28 16 1 7 14 26 24 0 5 21 7 23 7 4 29 12 3 21 6 16 25 4 17 26 6 22 11 25 7 30 22 15 8 9 
24 13 26 0 4 11 8 1 14 28 4 27 1 18 11 12 23 23 7 11 15 21 7 21 0 3 18 29 20 12 6 30 7 1 2 28 18 12 23 18 0 0 19 0 14 28 12 14 3 21 11 3 9 26 28 6 5 2 20 10 11 15 7 22 12 9 15 7 12 6 4 1 17 20 5 19 7 8 7 28 14 6 26 21 11 19 22 20 6 14 12 
0 17 27 20 13 17 0 20 11 10 14 16 6 13 14 3 28 25 18 9 28 21 16 20 2 13 23 17 8 17 15 26 28 7 23 21 11 5 0 28 13 30 28 30 2 3 25 17 1 18 28 13 21 3 12 28 16 29 15 5 30 13 12 3 8 3 18 17 13 14 12 17 24 28 16 30 27 17 15 16 20 23 0 15 7 10 9 3 1 25 9 
9 29 30 23 4 16 8 7 19 30 23 20 9 29 15 26 2 16 10 18 15 7 18 9 17 30 17 8 2 15 0 18 30 7 3 20 26 27 25 30 18 7 29 27 14 5 30 10 15 21 1 24 19 7 27 17 3 10 29 15 13 22 6 8 16 28 4 12 14 28 27 4 10 28 13 7 0 10 18 29 2 3 11 7 9 2 22 23 30 2 28 
13 13 24 26 12 24 5 3 14 6 22 20 10 3 20 11 29 20 4 21 25 1 1 25 3 26 16 16 27 8 14 23 15 18 0 8 14 9 18 30 5 12 9 29 5 16 20 4 10 22 30 14 8 16 27 20 24 6 17 17 17 16 19 6 21 16 19 27 17 29 20 20 29 13 22 20 24 15 14 25 17 20 17 26 8 23 16 1 18 29 8 
23 14 29 28 0 29 20 2 1 8 14 24 7 3 19 12 14 22 26 12 19 10 8 25 15 0 25 20 26 22 22 13 21 29 19 1 26 0 3 28 12 7 29 6 4 9 3 23 24 21 17 6 18 5 25 28 10 28 29 29 10 8 25 7 6 24 4 19 19 7 26 18 18 25 21 3 11 30 14 12 0 7 2 7 9 28 0 0 11 20 3 
22 11 19 27 7 6 17 1 23 10 6 11 16 1 23 16 24 9 17 10 11 17 12 26 17 13 29 24 14 24 11 11 13 0 15 10 17 16 21 5 6 25 28 27 3 14 12 2 18 18 4 4 3 12 4 1 2 23 21 14 29 13 2 12 8 23 12 22 6 17 30 0 30 19 16 8 30 2 4 2 20 13 2 23 25 0 11 22 9 0 24 
18 14 23 15 15 26 8 24 15 13 7 16 26 11 25 28 28 27 8 15 5 13 20 25 15 13 22 3 29 13 13 25 1 14 7 2 13 22 17 11 21 30 2 0 28 17 8 18 13 7 20 0 7 20 0 1 17 14 0 3 27 28 24 1 13 22 8 16 20 9 1 1 27 5 26 0 1 8 3 16 25 26 16 14 4 13 2 1 6 22 1 
6 3 26 28 11 11 12 8 14 6 22 0 18 17 1 4 24 27 23 22 23 24 5 20 25 27 5 20 15 10 26 25 27 5 30 10 20 13 14 2 25 21 1 6 25 23 1 29 30 12 17 26 30 25 4 4 26 29 16 18 25 11 30 11 9 21 4 6 13 12 7 19 29 27 12 18 3 4 28 6 18 9 20 30 20 2 13 5 29 18 19 
17 5 22 15 0 30 12 4 19 30 24 28 21 18 30 13 1 18 21 14 23 3 21 27 4 22 10 0 27 1 1 15 20 22 20 25 21 3 16 27 1 20 7 18 10 21 27 10 3 4 13 11 24 28 23 27 1 6 28 25 28 17 11 4 16 2 22 13 19 27 21 23 8 3 28 3 9 8 26 26 1 3 24 28 13 2 7 14 17 0 13 
20 7 23 20 17 28 8 28 20 18 22 17 17 6 28 13 12 0 11 16 18 26 30 8 2 10 13 1 21 7 17 6 6 29 0 8 26 24 4 6 23 25 30 27 9 19 12 23 20 16 4 21 21 10 9 22 12 9 2 29 2 3 30 19 7 28 9 27 22 30 9 16 9 24 28 4 7 13 5 26 9 11 6 21 24 22 17 20 0 23 9 
22 11 5 20 14 6 30 30 7 7 2 9 3 13 20 10 10 14 28 27 23 17 7 29 24 2 23 1 27 0 30 19 12 2 3 8 1 8 0 11 29 3 11 22 19 15 5 12 1 8 3 14 28 28 27 16 8 25 16 17 15 14 10 22 11 14 24 0 21 27 8 18 18 5 1 13 15 7 25 23 8 9 26 22 8 8 6 7 4 14 25 
29 27 4 20 7 5 1 22 3 26 18 28 12 8 19 17 14 1 1 2 2 1 15 3 0 10 1 8 4 30 25 23 15 9 19 3 10 26 17 6 26 17 14 8 22 5 15 16 1 11 27 22 24 7 5 0 16 29 15 18 3 8 22 14 22 26 6 23 22 22 15 5 4 20 0 25 25 30 30 6 30 1 1 14 17 5 15 5 16 18 4 
15 20 6 14 21 14 25 28 27 9 25 8 26 26 23 10 30 13 28 0 15 19 19 28 21 0 7 13 17 4 12 25 14 5 2 22 3 8 0 20 22 5 5 15 29 15 20 14 29 7 22 29 28 9 23 30 7 19 23 27 14 27 5 13 21 6 2 28 23 2 12 24 16 12 22 17 0 29 15 29 3 11 24 7 12 6 5 19 18 15 26 
