10
23 2 8 26 16 11 1 16 10 7 11 10 9 0 20 3 25 30 10 10 0 25 3 17 28 16 11 14 17 30 2 21 10 3 23 5 1 6 16 2 20 11 5 6 22 5 20 28 20 26 6 4 9 23 19 14 18 9 9 9 7 11 22 4 6 1 
25 6 26 17 6 26 22 2 29 22 25 27 5 21 6 26 20 23 7 22 23 14 15 9 17 17 18 13 14 9 23 6 25 11 6 23 22 11 26 10 23 24 7 13 9 17 30 17 16 25 24 10 6 29 10 9 22 24 18 3 21 9 0 12 29 28 
6 24 20 8 6 16 30 6 0 8 17 14 20 20 4 18 8 30 17 27 29 7 11 21 4 3 15 5 11 4 8 29 8 13 5 17 15 3 17 10 17 3 20 22 18 26 13 23 19 24 13 30 30 2 21 11 17 15 1 15 24 29 28 6 26 19 
4 10 20 18 15 4 9 20 12 5 28 14 0 27 27 12 0 17 5 7 11 1 2 19 22 19 24 9 25 27 29 18 1 20 17 1 21 6 21 0 3 9 22 29 22 22 11 11 0 6 19 8 3 6 19 24 4 12 2 1 28 13 24 23 27 22 
6 20 9 0 6 4 19 10 7 6 5 17 19 3 22 29 9 26 5 14 26 28 1 17 27 0 14 10 13 10 27 21 11 4 21 25 2 4 19 9 2 22 18 0 16 29 19 2 23 12 21 22 6 23 5 16 13 13 3 21 14 0 15 9 11 21 
7 2 17 29 16 14 7 29 28 2 29 20 7 30 25 16 29 20 21 2 11 26 2 30 26 20 15 4 23 23 13 22 8 10 14 2 24 20 18 27 2 4 29 16 23 26 21 26 27 24 17 21 11 3 4 25 24 5 11 23 21 30 10 24 7 6 
7 19 4 29 30 24 18 12 19 30 7 21 3 9 29 7 27 9 3 10 27 6 17 13 0 18 24 19 27 29 24 12 11 8 11 8 8 10 18 19 16 12 8 30 19 18 12 12 20 0 4 13 16 16 30 27 30 19 27 17 26 18 18 26 10 29 
15 27 20 27 18 16 23 13 26 6 9 27 23 29 9 22 26 5 29 29 13 30 4 21 20 4 11 0 0 8 29 20 9 6 17 23 15 29 18 22 29 29 23 20 16 25 22 17 28 5 16 5 4 4 17 15 12 24 24 29 17 8 12 7 27 0 
22 15 23 18 6 8 3 24 8 29 8 20 9 23 2 22 9 30 15 16 18 19 4 26 15 12 27 6 23 29 10 14 30 17 16 23 29 29 29 15 11 15 25 1 11 26 15 12 30 21 11 6 26 28 9 1 29 8 19 13 19 9 17 30 10 9 
14 15 23 22 24 19 22 5 2 29 0 5 3 21 12 3 12 24 3 9 24 8 27 4 7 7 19 7 1 11 19 8 9 17 3 29 27 11 25 17 1 9 13 18 12 8 29 14 21 20 6 6 29 24 11 10 13 7 10 29 23 18 16 8 6 29 
23 1 20 10 8 8 19 0 8 20 7 1 17 17 12 29 9 25 25 7 9 20 10 19 30 26 14 27 21 30 16 22 23 21 29 9 10 7 13 30 12 2 17 2 30 18 19 6 20 5 24 29 12 29 9 12 9 16 21 17 20 9 14 20 1 17 
12 29 2 27 1 3 12 26 6 20 4 20 16 2 28 19 15 2 22 6 13 17 29 26 2 17 2 14 0 19 1 9 30 7 28 7 5 1 30 22 26 27 1 4 24 21 11 5 15 9 28 13 30 5 13 16 9 12 24 30 2 7 16 28 8 26 
16 22 18 16 0 17 13 26 14 27 7 5 23 3 22 15 15 23 30 10 23 15 3 2 23 9 15 24 17 14 19 7 26 7 10 14 29 26 9 10 10 19 9 28 15 7 16 3 19 16 23 20 30 6 1 23 25 3 7 29 25 30 20 2 11 21 
18 24 8 3 24 25 0 3 22 9 0 26 27 14 6 5 29 10 15 5 14 18 21 17 18 14 22 1 0 23 11 17 5 1 10 24 9 29 19 4 14 19 10 12 7 26 30 21 16 20 0 14 13 17 25 29 24 4 4 7 22 16 23 14 29 19 
27 9 25 10 18 30 16 16 11 18 2 25 19 5 18 0 26 24 11 18 9 26 22 27 23 30 30 27 26 8 0 10 18 20 30 11 13 19 27 25 26 12 17 19 30 8 22 13 22 6 23 0 16 16 0 29 6 8 0 17 28 6 25 10 7 3 
20 4 7 12 6 13 15 15 25 29 13 16 1 11 26 9 30 22 12 25 9 18 1 4 1 24 9 20 2 25 29 19 22 22 22 23 23 28 17 14 20 4 29 13 19 30 22 26 3 8 18 17 24 29 29 0 6 1 7 18 28 2 12 5 9 23 
12 26 9 12 19 27 2 29 12 12 10 3 23 9 1 2 14 12 29 18 3 21 24 10 30 26 20 10 18 28 9 4 16 22 12 10 5 10 10 2 8 17 1 4 26 2 30 30 22 16 6 28 18 20 28 24 5 15 1 17 27 8 25 26 24 7 
3 22 0 6 24 18 25 17 19 9 1 5 3 19 1 15 19 3 0 20 8 10 24 4 13 23 11 21 28 15 2 20 10 1 27 28 0 11 24 0 30 19 27 25 8 19 12 11 13 21 19 19 22 28 0 22 3 13 26 14 27 10 2 0 8 0 
28 28 24 9 26 1 23 26 12 16 22 7 29 21 14 2 18 2 30 29 10 13 27 14 7 20 11 1 16 17 21 28 19 8 5 22 8 19 7 13 24 30 21 13 24 12 30 27 22 22 25 8 19 24 13 8 1 9 19 2 11 11 8 9 6 18 
23 2 4 7 20 25 26 3 20 14 17 4 30 6 14 9 30 6 6 28 24 14 3 26 1 23 25 0 29 28 24 21 21 17 28 30 26 19 28 19 22 29 0 21 11 19 11 18 11 16 8 5 3 20 21 0 25 24 13 25 18 27 14 8 6 12 
