11
15 3 26 20 28 27 11 7 11 17 13 10 7 18 5 18 29 16 27 5 6 14 13 3 9 4 15 5 14 1 11 11 8 13 16 2 16 17 21 15 21 2 21 24 3 26 24 5 29 1 0 9 11 5 24 14 7 16 9 29 0 26 30 8 24 26 22 4 30 22 0 19 8 27 2 13 12 2 
3 8 8 27 7 12 13 5 14 28 22 18 29 28 14 7 22 6 25 8 19 26 22 30 15 21 0 3 23 13 30 11 20 4 24 21 18 22 27 28 22 1 12 3 30 14 25 10 13 9 29 23 28 11 25 13 25 26 23 17 3 22 26 6 26 13 29 5 9 9 22 21 14 1 19 11 0 0 
6 12 20 17 8 7 17 8 5 29 8 23 25 5 14 9 0 6 23 16 8 6 9 14 23 23 0 5 10 30 22 1 8 10 11 28 30 19 7 16 22 10 14 2 27 20 25 15 21 22 10 1 30 16 18 11 12 13 25 20 12 15 17 8 27 16 26 0 22 12 2 21 19 4 4 15 23 13 
1 9 23 12 4 4 23 4 24 5 9 9 5 13 26 19 29 6 2 8 17 27 12 24 14 20 22 27 1 6 1 6 8 19 3 18 0 2 0 22 12 30 29 29 5 29 26 12 30 16 24 21 24 11 19 11 28 13 25 26 4 2 28 24 27 2 18 25 22 0 19 9 14 30 10 8 0 27 
21 27 6 4 18 10 29 13 27 18 30 8 27 16 29 12 23 23 6 25 24 0 17 6 17 25 14 9 2 9 11 12 15 21 23 19 7 26 25 7 15 29 12 5 7 16 12 12 14 7 26 25 15 30 1 29 11 2 13 26 17 28 12 13 24 23 21 25 20 5 7 12 5 1 20 9 13 10 
14 22 19 12 25 28 18 19 2 22 10 1 21 23 25 6 18 17 15 13 7 30 2 8 0 6 18 16 18 19 18 3 25 9 23 30 28 0 13 9 5 7 29 10 2 28 9 17 4 26 6 11 11 7 26 5 6 22 0 17 29 7 10 20 24 7 18 14 17 23 27 13 27 30 27 19 28 22 
19 9 30 11 10 24 25 2 4 27 10 9 4 2 21 28 5 4 9 6 0 7 30 30 0 18 6 15 17 17 19 8 8 27 5 20 17 4 18 24 3 0 16 12 23 1 10 20 4 15 20 21 18 28 3 16 29 1 4 30 25 22 25 27 8 25 7 25 30 4 17 6 15 6 10 6 24 28 
14 28 29 17 19 18 4 19 14 28 17 18 8 25 21 29 30 1 5 23 14 24 2 22 4 12 18 18 22 23 3 23 7 15 2 11 14 27 8 3 18 19 9 7 18 25 11 12 29 13 3 11 17 10 5 10 29 21 9 27 18 21 29 30 10 0 26 19 19 30 0 10 16 15 18 23 1 11 
19 21 21 11 8 14 1 4 23 9 16 8 23 8 30 27 8 21 13 15 18 17 15 17 18 8 24 5 2 14 22 7 26 29 27 2 25 9 15 4 30 7 12 14 9 27 2 16 0 5 12 29 11 22 28 18 18 3 19 27 22 11 4 7 27 2 9 28 18 25 25 4 22 9 13 30 7 6 
9 2 15 26 27 2 5 19 14 15 25 13 28 25 19 10 18 19 20 20 12 6 15 11 20 13 18 4 23 9 14 7 28 11 20 4 21 27 1 6 10 4 7 2 22 21 13 7 7 13 1 17 8 18 2 18 15 30 25 18 27 14 24 6 9 4 0 1 19 26 22 28 22 27 12 22 3 8 
4 2 23 28 2 5 14 5 3 10 24 2 18 30 10 3 29 17 4 8 3 11 9 7 21 23 23 14 11 18 5 20 9 21 14 24 20 17 26 18 30 26 26 1 9 19 21 12 3 9 17 20 18 14 27 13 26 16 11 4 17 3 16 18 26 20 23 3 11 9 20 5 1 22 11 13 4 18 
27 19 1 6 7 28 19 7 21 23 25 29 5 28 19 26 4 30 17 22 17 14 19 28 23 16 14 5 10 20 12 18 27 19 18 17 28 17 8 3 6 22 15 0 19 22 22 29 30 26 12 9 26 29 7 0 19 18 24 28 11 2 20 15 21 21 7 11 5 25 14 26 3 17 16 11 29 18 
14 8 28 28 25 3 29 2 24 20 1 17 29 13 13 28 27 28 17 5 16 28 0 27 18 22 25 13 2 5 11 10 14 29 16 9 23 22 23 5 26 2 14 7 14 3 11 13 14 9 6 23 6 2 5 2 21 30 21 19 17 22 17 18 17 0 23 25 23 16 12 2 24 3 30 1 4 15 
15 18 19 19 3 18 14 12 17 1 2 18 5 12 3 2 19 14 3 22 17 24 12 4 15 0 12 3 10 27 6 2 4 18 25 9 18 21 29 8 2 13 1 11 16 26 26 12 10 21 22 18 13 6 9 12 22 10 15 16 20 23 19 2 24 26 16 25 26 10 20 1 28 25 10 26 18 18 
8 24 19 3 19 1 26 9 11 2 5 16 16 8 6 11 9 4 26 15 17 2 3 2 6 28 7 15 2 9 19 16 15 20 0 17 28 20 27 2 4 3 30 28 28 26 9 13 6 3 26 1 8 16 10 21 27 22 29 7 12 21 26 19 13 17 9 28 30 2 2 28 19 24 14 17 6 11 
24 4 11 24 3 12 27 28 7 13 10 18 11 14 9 23 19 11 28 22 30 23 9 17 1 25 18 4 19 30 3 0 8 30 10 27 19 15 3 7 12 18 5 11 16 4 15 25 4 4 28 13 20 30 26 2 20 24 9 9 4 6 8 19 16 10 25 10 13 17 13 30 15 4 12 21 10 28 
24 1 22 14 9 6 17 20 9 19 11 24 1 10 3 28 1 10 10 3 3 21 16 16 18 18 13 19 16 17 17 17 15 1 24 11 30 1 26 16 14 18 17 14 30 29 14 24 16 1 23 22 12 14 26 19 3 15 18 1 9 27 22 3 6 0 4 29 20 16 16 9 16 1 30 19 30 5 
17 24 16 16 10 30 17 11 2 14 20 3 11 19 9 23 15 11 24 15 14 16 17 26 25 9 27 30 1 11 26 4 22 16 25 8 0 29 8 5 7 20 20 1 15 16 24 25 7 2 19 16 22 28 10 14 28 10 17 15 30 7 30 20 6 20 5 18 22 19 15 8 0 23 13 6 5 16 
25 5 3 7 29 29 23 13 0 12 3 20 23 11 6 16 7 7 21 28 1 12 3 6 4 9 3 28 5 26 11 22 17 26 2 3 17 28 16 0 6 7 22 14 9 25 19 9 28 21 10 8 18 12 23 21 20 4 19 11 15 23 2 14 9 24 19 16 5 11 15 6 18 0 13 28 11 22 
23 27 1 5 6 17 19 20 15 24 21 30 24 16 7 23 23 5 29 4 22 21 11 11 25 5 18 5 27 15 18 3 30 23 4 25 26 12 29 15 17 22 2 18 17 21 21 15 2 30 0 16 3 2 23 27 2 4 16 6 20 18 12 6 22 12 3 30 2 25 24 11 19 19 19 23 3 9 
4 13 26 30 12 9 13 13 23 10 24 11 5 12 15 29 2 7 29 17 18 24 5 1 4 28 28 25 14 28 8 19 2 24 10 17 25 14 9 15 2 3 6 26 23 22 12 30 8 16 21 6 12 2 8 14 9 6 20 16 2 4 26 22 28 17 13 10 18 2 24 21 19 27 27 1 14 1 
23 20 11 29 0 28 0 8 11 3 15 9 13 29 0 14 0 3 17 26 9 6 15 9 24 24 8 18 6 14 6 4 14 19 23 15 10 28 25 11 15 4 6 28 30 5 24 2 25 1 4 10 15 20 9 14 23 19 9 2 29 18 13 10 28 8 30 18 19 18 14 29 9 30 2 28 6 0 
