8
8 3 12 29 2 8 11 2 14 15 8 2 2 5 13 19 12 20 29 3 8 5 20 21 14 2 12 7 2 3 19 8 2 20 19 21 26 26 27 13 10 20 10 11 9 
11 13 12 13 20 6 16 25 13 20 11 14 10 20 25 6 4 12 21 3 15 17 21 19 1 8 17 12 4 5 30 27 19 6 24 8 4 5 27 14 9 25 30 26 30 
30 6 23 30 29 1 17 13 6 2 24 6 23 16 6 19 27 3 30 16 6 1 9 15 16 23 17 21 11 28 27 19 18 5 6 2 17 24 16 11 19 0 23 5 29 
18 13 4 9 29 0 1 12 9 5 25 27 15 29 11 14 24 14 25 10 23 17 0 20 4 1 4 24 10 10 11 2 14 9 10 12 19 16 15 30 20 20 6 0 15 
13 5 18 10 5 6 14 18 7 1 3 4 15 1 18 27 21 2 18 3 19 7 29 27 10 10 4 0 14 17 7 15 4 8 15 17 0 24 4 18 9 27 21 26 26 
30 7 8 30 30 18 9 30 13 14 11 13 4 29 21 30 29 3 18 16 0 23 20 18 23 22 0 20 24 23 15 23 8 21 7 10 16 2 5 13 23 1 20 14 4 
23 3 21 24 18 27 6 8 2 1 26 26 30 20 7 20 6 13 16 23 26 29 29 21 16 20 20 27 27 14 23 9 5 4 7 10 21 22 25 14 20 9 0 0 30 
6 23 30 0 19 7 14 26 11 15 16 15 13 18 6 1 14 8 15 6 19 22 18 2 21 2 10 24 2 20 16 12 0 4 11 20 24 21 16 1 13 24 14 18 16 
4 25 3 4 1 12 21 11 0 29 13 14 18 13 10 12 1 18 7 0 24 14 7 30 11 30 25 28 13 25 18 19 6 30 30 12 11 14 26 3 19 24 11 6 19 
12 8 11 29 16 0 25 19 2 6 15 22 6 4 9 19 6 15 22 1 1 6 16 12 8 25 27 2 15 22 7 13 16 20 8 20 23 4 26 25 19 5 15 6 8 
20 16 5 17 3 24 0 5 25 2 15 22 28 13 22 27 25 16 22 28 15 24 27 24 27 18 22 3 28 18 14 22 17 10 5 2 24 8 19 18 28 29 9 9 12 
8 12 17 9 10 13 10 8 13 18 18 14 8 8 22 3 18 16 13 20 4 20 23 14 26 12 3 4 17 12 12 9 24 21 6 6 12 18 5 3 7 27 1 6 28 
26 4 11 9 24 14 23 29 23 11 5 6 18 15 9 9 12 20 0 28 28 9 14 16 12 22 25 9 26 1 27 20 6 6 21 12 23 8 17 18 25 30 25 30 12 
29 29 11 28 7 14 2 30 22 27 17 6 7 26 30 7 21 10 3 20 28 19 15 30 22 28 14 25 11 23 20 15 28 30 23 2 12 30 17 25 12 30 3 22 11 
13 19 3 24 16 27 19 2 16 16 22 19 15 24 13 24 10 28 18 17 23 2 27 25 26 7 17 17 1 10 30 19 30 21 20 13 7 14 5 23 14 4 18 3 11 
27 22 16 25 28 27 11 29 6 26 15 28 6 20 17 4 11 27 7 28 17 0 25 13 23 16 8 0 25 9 8 20 7 1 30 4 9 15 17 0 1 13 2 29 26 
