12
29 23 5 12 18 1 22 14 8 26 27 18 1 28 25 21 13 12 22 24 16 0 27 11 4 21 12 28 25 22 0 1 10 17 30 8 3 26 27 10 4 22 2 16 10 15 15 26 29 8 0 20 13 2 7 5 18 6 1 27 18 26 7 25 11 2 1 0 27 3 7 3 1 20 13 24 3 13 9 16 12 11 22 10 15 1 29 9 22 22 12 
16 29 25 17 2 16 28 5 13 25 30 1 7 6 2 5 4 22 15 26 12 8 1 15 15 20 13 1 5 8 20 22 26 14 10 30 5 5 4 3 8 13 2 28 11 15 18 13 18 14 27 13 28 20 4 8 23 30 12 26 13 6 7 7 12 30 7 25 12 29 28 23 16 10 21 5 3 9 23 29 9 13 11 2 13 22 6 29 7 29 22 
14 28 17 0 20 14 11 21 2 27 10 15 21 22 29 1 29 21 28 17 13 17 29 29 19 7 3 20 6 29 2 22 27 19 10 7 11 28 4 13 17 29 0 9 14 17 11 14 27 28 28 16 24 12 11 2 3 13 1 8 6 7 22 15 8 9 4 3 11 11 19 27 4 15 15 27 4 18 16 18 2 24 30 2 18 17 17 24 9 26 25 
19 11 29 28 0 9 6 17 10 22 16 11 26 8 11 24 16 5 4 0 27 24 5 0 8 6 14 14 4 4 0 14 29 22 0 27 13 10 15 19 5 20 14 28 19 28 18 20 29 5 15 22 8 7 8 30 25 10 28 17 2 28 5 6 12 26 28 15 0 10 29 1 14 15 8 16 11 10 7 22 14 23 14 10 21 18 8 22 30 8 13 
17 24 4 23 10 0 20 12 14 22 16 30 28 28 23 6 21 10 4 18 13 3 8 14 28 9 5 11 5 24 13 5 20 16 11 3 4 8 9 29 10 10 7 0 27 4 7 10 2 15 3 8 26 20 3 30 16 19 18 22 28 14 18 8 2 13 9 6 24 22 18 13 25 30 5 18 14 25 25 29 9 26 16 11 11 27 6 1 27 7 4 
20 26 28 30 14 19 26 1 10 27 19 27 13 26 14 3 22 15 21 25 30 21 12 17 20 12 20 23 3 24 2 15 1 7 17 2 9 4 1 13 13 27 1 21 15 18 9 19 15 10 15 17 26 12 4 11 4 29 26 24 2 20 11 5 4 11 7 24 1 28 6 28 12 24 21 4 4 7 27 24 7 21 7 17 14 18 28 20 16 29 8 
17 11 26 13 23 11 4 13 30 18 30 26 9 4 27 18 8 17 2 13 12 10 22 11 27 26 24 16 19 4 13 15 27 1 13 23 30 13 19 22 4 22 23 19 2 27 11 0 29 18 21 21 15 23 4 10 30 18 5 27 23 9 16 22 28 12 19 12 6 5 25 11 4 22 15 3 3 27 1 22 16 15 5 5 30 22 6 15 21 8 25 
8 24 18 7 20 3 1 18 3 30 22 18 13 7 17 2 15 4 28 26 25 22 16 13 8 4 3 27 9 2 9 20 0 6 22 24 10 4 23 16 28 13 26 28 25 15 4 25 30 5 21 6 12 19 14 15 11 7 21 6 25 29 4 0 14 23 1 14 9 14 3 25 15 29 11 0 6 27 21 11 0 9 24 23 1 21 22 3 15 17 19 
3 26 18 0 30 3 30 24 19 11 18 7 11 18 7 1 13 12 3 8 3 5 22 30 24 17 2 4 21 12 5 2 25 6 12 9 17 10 13 10 25 26 28 26 21 8 0 20 16 29 12 5 7 0 3 11 9 2 18 6 5 1 13 7 9 19 30 0 19 22 12 17 6 12 30 26 12 30 20 0 23 12 2 12 17 11 29 24 7 28 1 
3 22 27 2 20 3 9 30 13 1 30 18 28 15 26 23 24 29 8 19 5 24 14 12 5 24 1 10 0 28 20 8 22 16 2 11 13 14 4 20 10 24 9 2 16 14 24 26 19 15 1 28 0 1 6 29 0 16 17 25 3 30 12 1 30 11 6 9 3 18 24 28 22 28 5 16 18 17 18 25 22 6 16 0 3 16 0 27 24 24 10 
4 22 5 23 13 28 28 1 20 16 22 30 21 15 25 15 6 17 19 15 26 22 25 29 8 26 8 8 27 5 13 12 10 25 5 2 27 20 19 23 16 19 11 13 2 21 15 21 30 16 18 23 0 27 14 24 19 6 6 6 6 12 26 13 21 14 1 25 4 17 24 20 9 11 14 29 7 4 20 28 22 7 14 21 21 9 15 7 3 6 24 
4 24 6 8 14 26 1 7 9 22 7 4 1 19 14 4 22 9 22 8 29 20 22 0 18 13 28 14 2 19 21 11 16 10 6 19 7 27 18 21 24 7 15 29 23 10 13 13 29 10 3 28 30 22 3 9 14 8 22 0 12 8 6 24 3 17 22 6 18 28 8 24 27 1 20 9 23 13 13 13 7 8 5 17 29 26 14 0 9 16 22 
14 9 13 6 9 12 15 7 30 26 6 19 22 10 14 0 26 6 29 14 23 10 15 27 6 10 6 4 14 5 2 22 12 4 16 9 15 12 7 1 3 16 20 22 7 6 2 19 29 22 20 3 14 0 29 15 23 6 2 28 18 11 28 29 27 10 10 5 25 27 5 22 25 12 19 22 6 2 16 1 27 7 1 10 4 26 20 6 27 12 10 
14 13 18 8 27 8 7 0 19 17 30 26 6 12 18 19 26 30 8 25 16 23 3 6 30 13 3 2 20 27 29 17 16 27 25 11 9 29 13 14 0 19 9 25 19 8 8 14 13 5 0 23 30 18 22 29 28 19 7 7 4 30 26 24 5 15 5 12 8 13 12 4 12 18 13 22 1 9 5 2 18 6 12 3 16 19 23 29 0 7 22 
5 2 13 12 1 12 23 9 20 1 20 11 17 16 3 1 4 11 7 9 29 10 16 1 28 21 10 25 14 1 29 10 0 12 27 5 20 8 23 23 7 3 26 3 14 2 3 19 27 18 30 25 3 17 13 24 20 3 28 23 21 8 14 19 23 18 13 24 21 4 3 23 3 5 18 19 6 1 13 17 11 17 14 28 2 5 29 12 12 21 12 
19 1 1 2 1 25 24 11 26 25 10 18 4 19 22 28 25 3 1 18 9 9 2 25 16 6 3 5 13 28 5 0 1 22 0 14 17 14 7 19 15 28 16 4 5 21 11 10 4 20 5 16 10 12 27 14 13 22 17 21 12 2 9 10 22 19 20 17 17 23 25 17 27 15 15 0 24 28 6 30 11 22 30 6 0 20 26 28 9 3 15 
10 12 22 17 10 22 21 8 10 16 12 20 23 18 21 27 24 6 6 11 12 24 1 6 19 12 13 16 9 3 11 16 2 7 2 7 29 26 17 29 16 25 14 13 25 17 24 12 20 17 1 22 8 5 27 0 17 6 0 18 23 8 26 29 0 2 13 11 15 5 27 30 0 28 12 1 21 7 9 5 16 10 12 5 20 1 13 5 9 8 8 
3 6 0 24 8 15 19 19 21 11 4 14 6 8 23 14 6 19 0 20 17 9 13 20 23 17 18 2 10 16 22 26 3 13 20 11 23 8 30 20 21 8 27 23 29 19 28 10 27 12 6 23 16 11 5 6 5 5 22 0 17 1 7 16 30 9 20 21 12 18 6 22 1 20 18 4 1 29 20 28 4 13 14 19 28 16 12 10 2 10 22 
7 19 16 3 1 10 16 22 26 6 12 4 18 28 23 29 20 27 5 3 3 10 28 17 3 2 18 26 16 15 29 30 5 24 10 23 26 25 24 25 24 5 4 3 16 21 1 22 11 29 10 28 0 19 18 17 20 10 11 12 4 16 30 21 9 7 17 19 19 10 2 11 30 15 17 29 18 15 7 12 27 2 25 3 28 30 13 14 19 21 12 
17 15 12 19 16 14 2 27 28 24 28 1 12 28 18 23 26 23 21 7 22 24 30 13 27 12 23 12 5 4 1 27 11 7 5 11 29 23 24 16 4 30 8 26 17 25 11 7 5 18 8 9 24 0 15 6 23 9 12 21 7 23 12 11 4 10 26 2 29 15 19 14 18 7 29 19 19 12 3 23 29 17 26 21 9 10 15 20 4 1 29 
17 17 2 30 17 19 2 3 11 3 13 3 28 12 14 10 10 17 5 1 15 8 23 2 8 22 28 19 20 19 15 22 4 0 25 17 29 4 25 9 27 23 1 24 29 11 27 12 26 2 22 30 4 15 4 20 12 26 2 20 20 9 6 10 6 28 20 21 15 9 16 26 30 20 25 25 3 11 11 20 23 28 27 19 2 30 14 23 5 30 18 
2 30 27 28 20 8 8 14 3 6 14 18 5 9 8 4 18 21 27 15 13 19 19 7 13 1 14 1 28 0 11 8 24 28 12 23 1 11 7 12 3 28 12 26 28 5 15 12 10 7 24 8 10 22 20 2 26 2 9 19 16 25 9 1 16 15 10 28 2 10 30 4 9 25 6 28 2 25 18 15 28 11 19 13 26 25 30 7 26 28 27 
21 9 26 1 3 27 2 21 0 12 13 27 1 11 18 9 12 19 28 15 16 19 20 10 20 24 7 0 27 6 2 28 11 14 21 22 29 15 17 30 21 4 4 10 11 19 22 9 25 24 0 13 4 8 23 14 6 16 19 16 0 17 0 26 12 18 0 21 27 22 22 18 20 16 19 12 23 4 0 21 22 6 21 7 30 22 25 7 8 11 22 
30 2 10 15 27 6 17 30 3 22 7 6 7 24 0 6 12 11 20 22 20 8 10 21 11 2 28 0 1 16 11 15 22 25 2 26 29 13 9 24 11 18 14 25 21 10 6 10 9 28 14 11 23 6 9 3 12 9 8 2 10 21 22 7 4 25 4 28 12 6 19 3 27 4 21 11 0 4 15 22 23 7 15 3 25 13 16 29 3 8 20 
