15
28 16 5 28 23 16 18 17 17 23 29 12 14 22 23 4 15 19 23 9 1 14 16 29 14 23 4 8 15 9 15 15 27 10 10 8 26 30 8 1 1 25 15 21 23 3 27 25 7 3 2 28 14 2 12 4 14 15 18 20 7 29 7 25 26 27 27 20 19 30 23 12 16 30 10 26 24 30 13 18 14 15 12 3 8 21 27 2 7 14 14 16 21 25 15 12 23 1 2 18 25 14 24 28 6 17 23 9 17 27 29 21 15 29 8 9 12 24 30 7 9 7 23 15 12 24 4 1 13 23 22 22 19 21 18 17 
28 5 27 30 13 27 1 10 6 11 15 20 28 13 0 18 0 27 29 24 26 17 13 28 14 15 16 7 15 0 2 15 5 18 1 29 14 13 4 29 22 19 4 26 22 28 2 19 27 24 3 25 26 7 9 6 5 24 17 11 6 0 16 2 0 26 10 15 28 15 0 19 4 12 11 17 5 25 13 17 5 20 3 6 21 19 16 18 3 27 19 28 24 30 21 30 24 10 28 8 15 1 26 20 18 27 23 24 9 14 12 28 25 5 0 29 17 29 23 5 11 24 3 3 22 28 13 27 0 28 25 21 11 29 1 14 
2 9 0 22 13 21 13 14 15 18 6 8 2 27 19 30 25 15 18 9 29 5 22 4 9 8 13 9 9 21 9 1 19 18 18 17 18 21 17 25 23 4 22 27 26 11 23 3 17 23 15 25 10 13 24 26 26 10 27 10 21 14 23 9 21 5 25 27 2 18 15 22 21 8 20 29 24 10 21 19 13 27 9 13 17 3 26 23 9 21 13 17 16 12 23 13 8 2 23 16 3 0 8 10 30 22 15 25 12 18 8 25 2 0 15 19 23 18 3 8 14 11 9 9 20 3 13 20 19 5 11 14 12 7 28 13 
10 8 17 27 29 20 28 5 5 13 29 28 12 28 2 15 16 3 6 21 6 23 4 29 0 15 6 15 16 29 0 1 17 26 29 9 26 15 11 9 25 19 22 11 10 30 28 8 20 15 15 30 1 10 3 3 21 16 9 0 30 18 29 13 14 7 6 6 21 10 12 21 5 20 29 8 29 13 26 20 0 28 0 21 8 12 6 22 24 10 11 1 28 10 15 30 28 9 19 26 5 2 14 1 5 18 25 5 1 9 5 23 7 17 13 21 11 28 13 3 2 29 15 20 23 6 5 16 16 23 0 6 19 26 22 23 
27 22 22 15 16 27 27 8 28 24 5 17 3 30 2 19 3 1 2 8 10 10 15 10 27 4 15 5 23 29 7 22 24 23 21 16 7 26 28 0 10 5 6 8 19 12 14 10 28 9 28 15 23 20 30 7 22 28 0 13 17 30 16 10 4 2 2 24 22 8 29 29 28 12 5 28 3 24 30 11 27 13 17 18 27 5 22 0 7 19 30 5 24 18 26 4 2 7 21 15 16 14 26 0 30 30 29 13 19 0 2 23 15 7 7 12 8 7 19 29 5 4 30 3 22 0 28 21 27 18 20 0 26 14 25 16 
15 27 28 14 1 14 26 15 30 19 21 12 13 27 11 16 8 17 28 8 19 20 17 13 8 10 27 17 29 12 24 12 11 2 23 30 9 21 6 1 29 5 29 12 28 17 23 23 25 23 8 14 5 17 30 21 24 12 30 8 19 4 30 3 19 22 29 13 3 11 17 16 1 19 9 1 16 30 10 0 30 3 28 5 27 12 5 27 10 2 13 13 29 8 13 4 3 28 8 14 22 13 5 23 9 8 24 1 2 6 23 0 13 28 6 9 27 26 27 6 17 13 29 5 21 13 30 26 0 9 7 17 17 2 22 7 
9 0 10 5 25 22 4 7 9 25 14 27 27 13 11 24 11 14 1 7 28 19 0 23 18 8 0 22 26 26 1 15 18 27 19 19 22 20 8 11 24 25 4 8 24 28 28 3 24 7 8 15 27 25 19 27 28 28 24 6 29 7 3 11 25 15 5 22 4 3 22 26 10 10 19 18 28 30 24 6 7 11 22 25 21 20 18 29 29 3 27 0 5 25 30 16 7 8 5 7 8 23 7 0 12 18 8 5 19 12 3 23 25 22 15 25 15 23 23 9 4 18 13 25 22 9 26 4 7 23 17 18 28 22 12 23 
23 26 23 15 20 16 25 29 9 19 0 13 21 18 21 21 0 15 19 7 3 18 16 24 9 5 0 0 22 26 25 29 20 9 28 15 26 25 4 25 15 23 0 2 20 14 16 6 0 20 3 27 18 23 15 11 19 16 26 15 29 2 20 29 19 11 8 4 9 3 12 17 24 8 26 13 1 30 30 3 25 8 28 8 3 22 27 18 10 0 17 6 1 9 27 21 24 2 30 1 28 19 0 15 7 7 19 26 11 17 17 23 8 23 1 18 26 7 9 2 4 2 15 25 30 6 19 26 25 15 4 0 0 27 0 26 
30 18 25 2 29 16 29 27 18 18 9 21 28 21 2 19 16 24 18 6 7 24 29 21 25 24 24 12 10 19 9 16 10 15 6 9 6 9 28 6 24 2 18 11 6 6 19 30 18 23 25 9 25 10 23 21 5 7 15 25 27 28 19 14 7 12 20 25 25 29 30 27 29 8 20 26 24 18 16 8 4 7 14 9 10 2 26 21 17 28 7 14 14 10 24 15 22 29 25 12 6 10 2 3 7 5 5 29 13 26 9 3 0 12 22 3 4 1 29 24 29 24 12 8 23 23 15 27 0 0 4 29 14 6 19 17 
13 19 6 20 14 18 7 0 24 0 3 15 23 28 27 20 5 28 26 2 29 7 8 14 20 27 6 17 15 4 0 27 5 13 6 1 16 0 14 13 28 7 26 29 2 7 0 1 3 1 23 4 5 14 7 12 4 11 20 0 30 3 17 16 14 5 10 24 7 27 15 29 9 4 9 17 4 19 5 8 25 14 14 2 26 14 17 2 6 27 21 9 13 13 7 12 17 17 28 7 25 2 22 17 16 13 14 3 0 10 22 15 3 4 29 22 9 0 14 0 2 15 22 22 3 23 5 16 29 5 9 10 15 5 26 30 
9 28 20 11 21 1 3 2 29 24 14 28 27 20 3 4 19 23 2 12 27 6 10 30 3 24 8 19 24 8 25 10 17 29 15 11 0 26 18 9 18 8 20 12 26 19 1 29 26 10 25 21 14 11 30 11 10 14 30 1 28 28 28 8 3 22 26 28 1 26 28 15 0 25 5 4 3 11 6 18 7 1 10 13 16 8 25 22 18 5 20 26 13 12 18 19 6 1 27 17 6 29 3 16 20 15 16 0 13 17 1 10 7 21 27 22 20 30 19 20 14 1 16 30 19 0 17 21 18 18 13 7 8 22 7 24 
16 8 8 3 12 15 4 24 22 6 27 22 15 23 13 8 10 4 4 30 20 4 23 18 29 22 5 11 14 25 15 14 26 7 8 5 24 26 0 15 5 7 9 1 6 27 13 7 0 17 26 20 22 15 1 29 6 16 3 25 16 18 16 0 11 19 8 5 26 9 22 6 4 19 26 27 19 2 0 12 18 28 12 0 20 13 6 21 26 2 10 16 28 15 15 19 25 8 15 29 2 22 20 15 24 29 4 19 18 27 27 19 21 21 29 28 30 30 9 30 13 18 12 11 9 25 20 28 27 1 1 0 29 11 26 16 
8 4 10 26 4 17 13 26 23 6 21 8 10 21 0 27 27 7 30 25 2 5 17 7 8 14 5 4 19 22 0 27 8 16 7 15 10 22 0 9 9 9 11 10 25 15 26 5 8 17 14 16 19 8 13 19 28 13 27 21 25 22 24 8 25 10 4 27 10 16 18 3 14 23 25 22 14 20 8 8 13 17 1 25 12 15 12 10 5 2 26 29 9 4 3 19 28 21 10 1 7 23 22 9 25 13 19 0 1 24 12 25 18 17 28 5 3 11 15 18 15 24 10 19 9 9 21 9 11 1 5 17 20 22 23 6 
1 17 22 19 24 23 10 3 8 7 2 26 19 13 28 9 17 5 30 19 17 27 26 2 12 27 18 9 7 7 7 22 7 20 19 21 19 13 28 14 13 12 19 24 2 25 30 4 16 21 3 25 22 8 11 1 29 12 22 18 3 26 1 25 13 24 12 25 15 25 18 18 26 5 17 1 14 20 4 8 22 20 17 16 22 1 5 3 29 1 24 2 2 26 21 22 11 13 18 13 20 27 18 23 22 18 25 17 27 14 5 14 20 19 26 25 21 29 3 13 14 10 22 13 17 26 21 23 12 15 3 6 2 21 20 6 
6 17 10 22 19 27 29 24 18 22 19 14 6 20 13 2 18 6 16 10 16 25 4 26 5 6 18 5 26 3 22 5 9 14 27 28 4 20 1 22 20 14 13 14 11 2 9 18 20 6 3 7 14 11 0 23 6 18 11 8 1 8 17 15 5 13 5 5 4 11 15 27 1 2 13 20 8 25 10 25 9 12 28 10 5 0 3 2 22 26 14 28 13 24 4 9 18 0 18 24 1 29 16 17 1 29 28 20 30 3 1 17 10 3 0 14 24 17 17 2 12 23 13 2 28 8 26 28 17 20 1 29 10 5 25 10 
23 25 27 15 20 6 29 24 25 6 22 10 23 14 20 30 4 21 9 16 25 15 6 27 20 18 27 27 3 26 9 26 24 24 20 9 22 4 26 1 26 25 5 0 30 5 20 12 14 10 14 14 15 25 4 2 6 21 0 25 2 17 6 16 18 19 2 16 19 15 24 8 2 15 10 0 6 11 10 11 8 30 11 15 21 14 2 0 23 13 2 23 2 29 26 22 24 24 11 5 8 1 8 30 1 24 13 21 3 26 29 1 9 26 17 8 23 9 10 3 26 1 27 24 11 11 18 28 25 30 13 15 0 20 11 6 
27 3 28 5 16 6 29 0 0 2 19 19 17 21 21 24 16 30 18 5 3 21 14 15 29 4 28 20 30 0 17 18 22 3 9 15 19 22 21 5 27 14 13 2 7 12 23 22 21 29 6 28 12 0 2 14 6 23 19 0 11 30 20 30 9 17 20 20 3 25 1 20 29 0 4 14 17 14 21 19 29 9 21 15 9 28 13 10 7 29 8 8 23 1 0 18 11 6 23 8 2 11 30 16 5 11 27 12 1 10 15 12 18 28 5 25 17 24 15 17 21 9 0 29 2 20 4 16 20 11 29 26 7 23 26 5 
1 24 14 1 5 15 19 11 15 4 8 25 11 28 19 6 6 7 9 11 7 15 20 29 4 29 3 3 30 29 11 28 16 15 25 11 12 25 13 8 0 5 18 10 1 4 13 11 3 18 16 29 16 21 14 5 21 8 6 25 12 16 28 10 26 26 11 2 7 13 16 23 17 5 30 24 23 24 20 4 16 6 21 29 28 9 6 26 18 19 12 26 16 10 0 26 14 23 9 1 22 29 0 13 9 5 14 24 16 15 7 22 23 12 4 15 24 8 5 3 18 14 1 7 3 23 27 5 10 26 12 1 25 20 7 24 
6 15 27 13 24 0 3 24 0 5 1 22 9 7 13 4 15 0 7 7 1 14 22 3 5 25 3 8 28 2 1 10 26 26 27 27 1 7 27 27 4 28 26 12 7 25 28 11 18 16 16 16 1 4 0 5 2 30 0 19 9 2 11 17 0 7 14 21 0 15 18 23 1 9 30 8 26 15 22 28 2 5 3 9 21 15 3 16 1 17 30 22 10 5 16 18 20 19 11 13 7 28 18 20 21 30 15 4 21 9 6 16 5 6 14 21 20 12 26 24 8 24 28 21 22 17 5 19 15 8 29 20 22 23 13 4 
7 1 24 24 21 20 7 5 9 13 1 29 1 26 3 27 20 21 14 18 3 18 17 23 15 16 21 26 29 24 8 10 20 6 18 22 30 11 29 23 5 14 19 3 1 18 9 3 16 16 27 2 14 14 18 25 16 16 30 15 28 9 1 15 23 16 0 22 26 13 28 22 30 21 19 13 8 19 3 9 9 28 21 9 17 9 19 7 0 12 1 25 2 23 29 0 27 23 4 7 23 3 4 12 1 2 26 0 18 4 2 6 23 0 26 29 15 30 0 7 0 9 27 4 6 15 27 28 22 3 17 26 9 5 30 14 
18 4 14 26 8 13 26 24 2 7 13 27 0 16 18 10 23 5 29 13 25 18 14 30 6 15 14 4 15 25 3 26 13 9 4 7 24 2 4 8 4 16 18 8 9 21 25 16 6 20 14 30 19 18 16 16 30 9 10 24 21 2 15 1 22 16 29 28 0 15 26 8 16 30 12 8 16 15 0 14 20 10 28 19 25 4 1 3 21 11 6 30 14 12 30 29 25 13 27 9 7 7 18 21 21 14 8 25 5 26 13 27 29 17 6 21 4 6 15 18 19 13 11 22 5 0 14 0 17 26 22 26 1 18 23 19 
8 24 20 23 30 22 3 26 5 23 12 11 19 15 20 4 18 15 14 11 12 10 21 28 22 21 17 7 22 20 18 4 12 23 21 6 17 1 27 1 12 8 14 21 13 14 21 24 20 27 25 12 24 19 29 25 23 14 21 28 20 28 15 1 14 20 27 4 26 10 1 7 5 28 25 26 4 0 2 14 16 18 16 9 1 21 23 23 17 13 13 8 14 24 24 26 11 1 4 25 17 18 28 10 3 29 26 20 17 22 25 28 9 15 6 0 20 24 4 26 10 15 10 2 8 30 14 6 27 18 15 15 25 19 6 24 
25 2 21 30 25 25 25 9 17 25 16 7 16 6 8 15 1 12 14 5 30 20 2 3 13 10 13 7 3 16 25 16 15 3 10 16 2 15 16 2 22 27 24 27 28 12 24 9 19 27 6 16 27 22 24 26 0 29 14 20 2 11 23 12 24 2 18 19 1 11 22 1 8 4 15 28 14 29 20 24 3 0 28 17 1 14 2 0 14 6 16 26 2 13 18 18 19 16 9 25 19 7 5 13 1 18 21 25 24 15 1 17 20 9 22 5 11 20 4 21 30 21 18 19 26 29 24 23 21 27 13 15 17 16 30 5 
5 24 20 18 17 24 29 11 17 29 22 20 7 5 16 8 29 1 5 26 25 28 21 28 14 24 27 29 0 12 21 15 10 6 6 30 21 29 4 24 2 10 13 15 15 3 5 16 6 7 23 9 24 19 3 5 29 10 24 29 14 5 29 16 0 25 13 1 0 10 15 26 21 0 14 22 28 15 12 0 3 25 27 15 8 28 28 23 5 24 20 12 9 29 21 19 25 13 9 10 20 14 10 29 16 19 11 2 14 5 18 5 27 2 9 13 2 5 6 7 26 0 26 3 10 10 28 2 4 14 17 24 10 30 2 1 
10 10 29 8 17 14 8 0 25 16 18 30 19 7 28 4 23 16 10 0 7 24 4 16 20 17 21 26 22 6 25 20 5 12 8 13 22 13 23 22 8 17 28 19 3 9 30 3 21 4 11 16 28 26 24 17 25 15 26 20 18 9 19 9 18 22 3 5 23 7 27 12 9 27 29 14 1 20 14 9 6 28 30 20 13 0 25 10 13 25 10 8 15 4 0 16 29 19 9 20 22 14 7 24 19 27 29 27 28 29 3 13 24 17 19 15 27 0 21 4 14 24 14 1 20 15 8 12 18 13 2 3 8 22 2 8 
27 17 3 6 5 21 3 30 22 14 29 4 30 16 4 7 20 9 13 20 0 21 1 1 19 3 10 3 26 28 29 9 28 25 29 28 12 6 24 13 8 7 16 21 2 17 1 15 1 7 27 17 3 5 18 0 17 24 14 27 29 13 8 22 13 5 30 19 8 26 18 19 10 22 16 16 13 1 15 8 14 22 28 27 6 11 30 5 14 23 17 8 29 20 30 0 18 0 0 27 3 17 5 19 0 26 25 11 9 4 29 5 4 18 17 25 26 27 22 14 16 29 14 10 20 7 9 30 15 18 6 5 30 11 1 16 
0 18 4 24 9 26 19 6 23 9 4 2 25 16 28 25 10 27 17 22 5 28 9 27 16 0 30 4 4 7 7 20 8 17 19 9 7 23 25 3 20 13 23 11 14 22 20 18 20 26 26 3 6 22 12 29 10 16 29 8 18 10 23 20 28 19 24 25 19 22 12 30 22 24 20 25 0 21 20 25 17 22 12 4 6 3 10 3 7 6 9 26 16 11 20 7 5 16 14 0 2 30 19 20 26 16 24 18 14 5 8 5 6 8 8 20 20 12 5 13 4 5 10 8 8 18 15 24 16 12 27 8 13 19 2 26 
3 7 0 0 4 28 11 26 0 13 30 30 3 1 12 11 10 2 25 5 13 2 29 22 22 11 19 10 27 11 30 3 7 24 10 30 20 0 6 11 13 21 20 5 23 4 17 9 2 16 25 22 27 5 4 11 23 16 12 22 2 13 24 4 6 22 2 25 3 0 3 19 18 15 28 13 19 5 14 1 20 10 11 9 19 22 8 20 0 9 27 16 1 4 17 8 16 18 12 17 27 17 12 24 27 28 13 12 11 19 1 30 1 14 14 16 16 2 13 13 4 9 18 7 10 13 29 13 19 2 26 5 18 22 18 22 
8 20 17 8 9 6 29 11 16 29 8 19 28 7 19 20 28 0 25 24 17 3 10 9 9 12 7 5 25 13 18 19 9 29 14 7 17 14 7 30 3 25 30 7 0 7 5 8 2 0 26 1 5 16 14 15 23 24 19 27 10 9 23 30 30 21 27 8 9 20 3 10 8 6 30 4 29 11 9 5 26 26 26 2 12 24 2 21 13 14 9 27 17 23 23 26 1 5 29 10 28 16 21 13 3 28 28 27 8 22 29 5 9 4 16 8 2 16 6 20 26 21 10 11 30 22 25 13 10 8 7 20 25 7 1 11 
8 4 11 6 25 18 15 8 21 29 9 20 5 20 17 20 22 10 6 18 17 5 7 5 22 24 23 15 26 18 13 24 7 4 26 5 23 13 11 7 9 10 5 18 19 19 8 3 19 13 12 6 27 4 9 11 24 8 26 6 15 9 28 5 23 12 29 26 6 21 24 6 18 11 16 9 14 22 21 15 3 25 12 10 23 6 8 26 4 7 21 4 18 28 6 24 18 25 17 11 2 9 7 0 1 19 10 2 8 24 24 24 27 1 6 24 28 9 16 21 3 29 15 22 10 1 8 29 17 4 20 29 4 22 18 11 
