12
12 28 23 5 0 4 27 6 5 14 26 8 10 8 10 6 21 9 4 21 12 24 16 29 24 1 30 17 28 30 25 14 2 24 15 20 7 1 4 9 16 19 17 1 13 26 21 26 25 27 22 25 24 12 17 9 30 28 5 29 12 4 30 12 30 9 28 22 9 1 23 21 28 6 2 23 30 0 7 13 8 9 19 30 0 6 10 28 15 8 12 
7 13 5 22 13 13 1 10 16 9 1 10 21 20 22 10 16 26 26 23 22 3 24 30 0 18 6 11 22 4 20 15 1 4 11 2 29 28 13 26 2 16 20 15 5 10 20 21 9 9 29 5 18 8 7 5 6 18 4 4 25 4 23 13 29 14 17 23 15 30 14 14 21 14 27 2 17 8 1 14 30 21 21 5 14 4 26 4 4 29 9 
25 13 26 28 22 23 19 28 25 15 26 9 28 23 12 21 19 23 29 1 23 2 23 6 21 11 16 27 20 30 15 9 29 25 29 1 13 15 13 12 27 6 20 21 24 29 14 28 7 22 11 21 5 23 23 26 1 23 13 16 14 10 6 21 20 27 14 13 22 1 22 6 6 19 3 10 13 3 17 18 11 11 13 3 26 9 5 27 30 21 28 
22 3 15 24 27 25 10 22 11 30 12 23 8 7 20 3 1 26 24 10 22 3 1 23 25 27 18 0 3 16 28 19 28 27 23 7 8 6 12 14 7 24 30 27 27 27 14 2 3 30 27 14 7 14 13 8 15 28 22 14 7 27 8 7 2 12 21 17 2 17 3 13 12 29 8 2 25 12 8 14 0 13 2 14 18 16 25 5 18 1 24 
20 11 21 3 24 30 4 27 5 7 16 9 8 21 22 5 22 19 9 6 24 6 7 10 16 24 4 30 4 1 0 28 8 14 22 27 30 20 16 30 20 13 9 25 22 23 11 3 16 27 24 19 15 3 25 4 22 14 25 27 17 12 11 25 16 18 27 19 22 10 15 9 25 18 13 7 22 15 6 13 27 24 2 12 15 6 3 25 1 14 3 
0 19 14 9 23 1 0 6 9 4 2 28 28 5 30 10 27 21 15 4 4 25 1 28 13 1 6 8 10 25 23 24 0 0 7 11 15 10 25 28 27 15 23 1 27 30 28 10 0 0 8 20 23 27 14 27 1 10 28 7 27 17 16 17 14 27 10 17 20 23 8 30 3 14 28 18 8 25 30 5 26 14 15 5 9 7 15 8 26 27 15 
22 20 22 8 30 30 27 27 11 12 6 2 4 24 24 13 13 26 27 3 26 26 23 10 21 10 15 11 22 21 9 6 21 7 21 2 6 12 29 28 1 3 20 2 6 4 13 25 29 22 3 23 8 19 10 25 15 1 18 23 17 6 14 28 4 4 13 29 18 21 14 0 9 8 1 16 26 18 4 25 22 4 18 27 6 12 19 9 14 21 27 
15 8 21 27 8 16 8 9 26 27 1 13 5 6 27 8 22 9 10 25 7 1 28 11 28 24 14 21 11 20 22 17 3 28 18 5 8 4 25 14 21 28 25 15 20 26 20 12 10 13 20 15 10 15 7 25 10 24 16 18 3 27 22 9 0 23 25 22 7 5 24 22 4 17 3 26 3 17 19 1 21 4 24 30 5 13 21 12 0 30 26 
0 15 24 6 14 16 28 18 0 11 27 10 14 13 12 26 29 18 5 4 5 4 29 27 27 20 18 21 4 1 19 13 30 30 17 26 29 26 2 8 29 27 26 11 23 5 22 10 14 20 5 26 25 16 26 5 1 22 7 21 15 10 5 15 27 6 9 26 25 9 2 7 20 11 18 4 25 6 24 1 5 12 14 13 4 23 20 28 20 14 20 
8 30 3 15 24 29 21 21 27 14 3 3 8 11 7 29 4 24 17 24 3 18 16 0 19 13 13 24 7 14 15 5 23 17 22 11 10 30 0 17 11 24 18 3 16 5 13 14 2 22 11 25 15 23 11 22 29 12 30 17 5 9 4 4 2 13 0 23 18 26 20 16 2 3 11 2 1 3 22 10 3 13 28 29 9 10 1 28 30 29 18 
25 15 1 9 0 11 30 20 26 26 6 4 12 22 1 27 0 30 30 12 2 22 23 14 21 28 17 24 13 7 2 4 18 23 23 25 25 26 20 26 26 30 0 28 19 12 15 21 0 22 25 13 17 17 18 19 27 17 30 16 24 25 15 26 12 7 23 1 4 1 21 8 29 10 5 14 27 23 2 11 2 27 8 11 2 23 30 14 25 27 15 
3 0 18 19 25 6 24 17 5 2 13 25 8 10 12 17 6 28 27 17 4 11 16 24 4 7 8 14 9 11 5 1 29 21 22 22 21 27 28 24 19 29 10 7 19 0 6 23 4 15 23 3 7 27 25 30 26 9 27 1 10 2 4 1 2 13 9 29 5 17 5 16 6 16 11 28 23 8 20 21 15 20 13 19 15 20 6 12 24 18 7 
5 21 14 3 0 27 23 11 3 14 1 26 19 13 13 6 3 16 13 26 0 19 26 14 15 10 8 27 2 19 16 26 4 26 10 21 23 5 28 23 14 28 23 20 12 21 23 18 23 27 1 0 30 7 3 20 8 27 29 21 18 12 14 12 12 27 4 26 27 0 26 7 21 9 18 2 25 27 8 30 28 26 21 24 5 2 25 0 7 24 21 
24 28 14 19 30 6 3 8 11 0 0 4 23 6 19 3 1 7 26 29 0 10 18 3 17 4 5 24 24 27 21 28 20 21 7 11 28 2 30 29 28 10 1 30 28 5 3 8 8 27 22 25 29 16 27 24 22 26 26 21 2 12 27 16 4 20 7 14 4 13 16 11 19 27 2 12 25 25 19 19 25 10 10 15 30 1 1 29 19 21 16 
18 9 1 29 21 17 7 14 11 26 18 28 0 23 21 18 1 14 17 15 10 24 24 21 27 17 7 5 1 21 17 5 28 27 28 7 17 28 13 20 16 11 30 6 2 20 3 17 25 15 9 22 20 11 24 25 15 24 30 4 15 19 20 8 21 17 3 11 27 15 12 20 2 10 19 11 18 8 3 22 5 5 3 22 11 29 29 18 26 19 13 
1 20 11 16 26 12 19 27 8 7 23 1 14 25 14 22 12 24 14 17 17 9 4 27 12 22 28 12 25 5 30 4 28 1 5 20 14 18 30 0 10 4 20 14 30 17 9 13 12 20 30 28 3 24 29 3 28 18 6 1 5 5 10 8 9 5 9 3 14 16 26 10 17 24 10 18 18 2 26 22 27 2 3 30 27 5 21 18 6 3 0 
13 25 5 19 25 25 30 18 17 1 12 10 11 26 19 24 3 3 4 3 1 27 12 11 23 28 29 11 23 21 10 25 21 17 27 27 0 13 5 3 14 5 8 17 28 6 12 5 6 14 3 1 14 20 6 13 4 8 20 16 24 0 25 4 28 30 17 29 1 13 25 0 4 14 17 7 6 24 12 9 0 10 30 11 9 22 4 0 29 20 7 
20 6 0 14 25 17 5 5 7 22 5 1 19 7 10 28 10 2 9 0 6 29 26 1 27 1 7 18 7 15 25 18 17 9 19 23 4 24 2 15 20 26 9 6 20 6 26 21 3 17 19 21 30 11 24 26 7 12 16 18 11 26 7 9 14 4 29 11 24 17 9 14 5 23 17 30 30 2 8 28 24 0 3 12 25 14 8 19 15 6 12 
16 18 5 6 12 25 25 2 9 13 17 25 6 14 27 0 23 7 14 15 0 22 14 16 23 21 22 16 13 21 12 20 16 7 5 17 21 17 14 28 2 5 2 19 9 4 10 20 10 26 14 2 4 15 16 14 11 30 27 9 5 25 22 7 5 28 1 0 12 15 17 26 9 6 29 20 10 26 0 29 25 25 7 9 17 26 7 6 7 11 20 
12 29 7 18 1 20 24 24 28 19 14 22 19 11 23 6 18 23 2 5 22 13 28 16 15 20 30 20 29 15 6 12 11 19 11 13 20 19 9 8 6 14 27 27 17 17 9 12 18 28 18 7 4 7 1 26 0 29 13 28 16 16 29 27 6 16 12 0 29 21 7 7 28 18 29 8 27 16 9 18 24 24 7 11 29 9 16 15 27 4 29 
15 0 15 10 9 19 20 20 17 29 24 8 5 3 23 2 22 25 12 16 2 30 6 26 12 7 21 23 21 27 9 18 19 7 24 6 16 16 0 21 26 26 25 11 26 24 16 7 23 12 2 22 1 23 12 13 18 15 11 8 15 21 24 5 23 30 18 23 24 30 14 21 3 8 4 3 8 11 18 29 14 15 23 4 16 4 20 3 0 15 10 
11 24 27 1 14 5 10 21 16 16 13 21 22 29 23 4 13 14 6 15 16 13 30 5 9 19 25 26 18 12 7 18 4 19 7 29 22 16 15 21 3 4 18 5 1 9 10 1 24 17 7 5 15 14 27 13 28 27 16 14 24 17 26 15 30 1 30 0 22 7 0 8 17 7 6 25 11 1 10 30 8 3 7 26 20 17 5 0 27 30 16 
28 19 14 29 25 25 30 23 14 0 26 12 30 3 23 17 28 14 19 18 18 14 20 30 7 1 25 14 25 26 28 26 16 23 20 8 6 4 28 16 24 29 12 2 8 20 18 19 28 4 18 16 16 0 28 18 24 6 25 21 15 0 26 6 26 7 27 12 17 22 18 20 14 24 13 23 0 28 2 21 11 13 17 4 3 2 5 29 0 15 4 
17 17 15 10 29 12 3 23 1 24 15 11 21 4 28 27 21 4 1 27 20 0 3 22 0 11 30 12 5 19 1 25 5 7 25 24 6 11 19 5 0 5 26 25 1 30 11 27 21 15 13 14 18 27 21 7 26 29 4 17 5 29 18 13 24 10 19 16 29 27 16 8 25 24 27 9 9 18 1 1 16 11 26 24 6 10 27 30 24 24 4 
