8
3 14 0 30 7 9 9 9 22 22 19 24 13 14 1 22 26 2 23 26 30 8 14 29 26 10 28 28 30 19 14 3 21 19 8 27 30 14 29 29 29 17 9 2 21 
19 10 11 16 3 2 20 18 5 3 4 5 28 16 30 2 14 3 16 14 25 26 11 10 3 25 4 0 18 3 25 3 12 22 15 13 22 28 5 28 28 30 19 4 3 
0 15 23 24 18 28 8 24 9 10 6 3 12 28 1 12 26 24 7 20 18 27 12 26 22 6 27 11 8 20 7 26 28 8 2 26 13 14 19 30 11 4 21 6 22 
6 18 3 16 14 14 9 18 29 29 2 4 7 18 11 0 4 8 23 11 29 5 20 11 14 6 20 9 5 17 17 6 10 8 28 1 21 25 4 12 22 17 24 7 29 
0 6 21 24 13 29 5 22 22 6 3 14 11 2 4 2 27 28 13 2 24 21 14 22 3 20 13 26 4 27 3 21 22 24 16 4 8 30 25 21 13 8 26 22 19 
23 10 23 13 7 2 23 28 13 14 8 6 28 6 17 0 3 23 1 22 10 20 15 13 20 8 23 2 4 19 25 28 22 5 2 15 2 6 10 27 19 24 6 18 3 
11 14 1 9 29 7 13 24 0 4 0 3 1 9 24 18 29 13 9 5 4 18 25 25 28 29 20 26 13 1 7 10 6 15 8 17 22 3 8 23 2 18 15 1 14 
26 1 12 4 12 6 4 0 11 27 24 25 27 26 28 1 10 8 16 8 30 20 22 22 13 15 18 14 23 2 3 8 1 26 3 9 23 17 0 15 9 11 6 8 23 
2 18 15 25 14 16 2 5 15 10 14 26 15 16 26 25 5 11 16 14 8 8 7 17 30 13 11 23 11 29 3 2 19 6 11 9 19 12 30 20 23 3 25 8 3 
22 20 17 15 18 10 27 27 14 29 1 14 22 20 7 10 7 24 20 15 15 28 22 4 23 4 22 25 22 15 22 30 12 17 26 19 17 1 4 11 11 13 4 2 0 
29 8 11 5 14 9 26 11 30 5 24 20 3 21 12 7 10 4 5 27 27 9 4 20 5 16 12 10 19 15 12 5 20 16 28 22 2 14 18 7 20 8 6 9 12 
21 26 29 22 30 0 21 27 30 24 1 7 10 27 29 28 10 6 17 14 14 3 13 11 6 13 26 15 30 3 0 21 4 19 13 30 21 25 22 6 25 12 13 22 17 
19 3 16 23 2 22 17 23 1 23 0 5 22 29 4 26 13 27 24 8 18 30 30 29 12 16 15 0 21 14 22 15 26 29 11 2 15 2 5 17 14 3 23 23 3 
17 14 15 18 15 3 4 4 13 0 2 30 22 24 24 6 10 15 1 28 24 17 12 29 1 12 4 20 9 24 24 12 28 24 5 3 27 28 24 1 12 8 19 10 7 
17 25 5 3 17 10 20 26 27 11 23 25 6 9 6 29 2 15 14 6 9 24 24 21 15 4 11 12 11 0 11 22 11 29 19 16 14 0 22 4 9 5 18 23 7 
16 4 25 15 17 15 10 20 6 22 3 2 16 24 30 21 24 27 11 18 20 25 17 14 19 18 29 6 15 30 27 18 24 3 10 15 20 6 21 19 19 22 24 25 8 
