9
17 12 19 23 19 13 27 21 18 20 16 6 4 2 5 12 7 24 19 9 20 4 26 8 19 16 15 17 10 28 22 20 22 5 6 4 11 22 11 23 8 4 8 20 23 11 12 22 7 28 26 18 26 18 5 
15 30 24 3 20 25 13 6 25 4 7 18 16 13 28 26 7 25 9 18 28 1 18 24 6 16 15 29 20 5 25 16 2 15 25 26 10 4 13 8 25 30 8 9 18 5 26 23 20 17 15 27 20 4 22 
4 15 23 15 8 5 4 6 16 18 3 17 2 0 11 22 25 29 23 12 25 23 14 19 3 26 5 7 10 11 19 20 17 21 3 9 12 13 30 19 9 16 0 7 27 14 18 21 13 17 12 8 27 5 4 
16 3 6 15 17 1 14 25 13 15 7 6 12 11 14 26 17 29 9 7 13 22 0 0 25 22 23 16 2 5 23 5 29 0 24 22 23 30 11 10 27 26 5 27 3 18 24 3 16 14 25 28 14 21 2 
3 28 26 3 7 22 30 0 14 7 25 12 19 21 24 14 10 20 25 30 1 19 30 0 10 26 14 0 22 30 3 3 7 17 10 29 22 16 30 14 30 20 19 18 17 8 22 26 22 23 15 3 23 24 0 
15 15 29 3 3 18 10 25 20 0 23 16 30 7 1 15 29 25 4 27 17 19 15 6 22 21 19 21 2 4 29 24 29 24 27 26 27 7 1 20 29 23 6 28 5 18 18 20 30 4 14 4 6 29 0 
3 29 4 23 23 27 14 14 13 6 4 27 8 5 24 18 21 23 10 21 11 7 26 18 28 15 16 2 14 13 7 0 25 29 0 7 0 7 15 9 22 4 18 24 30 12 14 9 4 27 0 28 24 26 19 
0 21 9 12 27 1 0 11 17 15 14 20 27 14 7 13 10 23 29 21 13 5 22 22 30 5 15 26 7 2 0 22 4 30 30 3 2 5 30 1 17 5 22 12 27 5 9 11 2 9 24 19 2 17 18 
16 0 26 28 26 27 7 8 6 9 18 28 0 22 0 6 2 12 10 13 1 21 0 11 25 12 13 7 24 26 2 23 13 20 13 15 15 5 19 2 1 8 25 26 24 17 6 24 30 21 26 30 26 29 12 
17 21 27 10 28 28 25 14 12 6 17 11 3 12 3 5 22 0 10 12 4 16 21 0 11 8 6 9 14 15 27 2 20 17 14 14 16 17 27 15 19 21 10 4 4 14 7 8 17 12 12 8 30 23 4 
29 22 4 7 30 26 25 3 21 2 17 22 3 30 6 0 12 19 9 23 17 2 18 24 23 26 13 0 26 20 15 27 15 30 16 27 28 16 1 27 25 17 23 25 30 13 4 24 10 26 6 14 13 13 3 
28 13 28 16 26 6 26 24 16 15 3 9 16 12 10 3 27 5 25 22 8 20 1 21 4 6 24 30 3 11 13 22 29 12 4 27 17 30 22 2 9 12 21 18 5 16 15 24 12 7 17 18 6 17 8 
6 8 4 12 3 0 16 21 2 28 13 2 25 30 29 26 0 14 26 17 3 22 8 3 9 17 10 27 9 4 2 24 3 1 4 15 30 3 9 12 30 28 27 3 5 2 9 6 1 13 24 8 25 24 22 
4 29 0 1 18 12 8 25 26 22 11 10 15 19 30 1 20 25 25 24 10 8 30 16 2 0 19 21 11 22 19 6 21 12 28 14 28 5 18 10 20 8 19 1 0 19 10 28 13 13 6 15 18 11 29 
2 6 18 19 5 0 28 19 2 17 29 2 25 19 22 26 12 21 3 15 18 6 20 5 0 15 14 8 21 5 21 12 15 0 12 20 3 23 12 25 28 10 10 0 17 7 29 1 20 2 23 26 14 19 28 
12 21 27 9 8 26 5 18 9 10 29 14 26 25 22 20 25 22 26 10 5 25 9 24 18 2 26 20 17 3 16 27 24 11 24 13 3 24 28 11 5 7 12 12 5 25 25 18 30 1 6 19 13 18 23 
7 11 6 8 8 28 13 29 24 13 3 8 24 3 0 16 3 12 15 14 17 2 14 29 19 6 30 13 29 20 23 8 6 22 24 30 29 2 26 19 25 1 22 29 28 4 16 9 20 26 13 29 1 1 20 
20 5 28 20 19 4 11 11 6 30 22 2 10 30 13 23 9 11 27 22 23 8 0 24 23 9 10 5 20 4 25 17 8 3 28 6 7 12 6 7 28 1 20 27 12 22 22 19 16 23 17 15 6 22 3 
