11
14 13 12 30 18 21 1 23 8 30 4 17 29 6 30 7 5 14 24 18 7 1 29 15 23 6 3 15 8 22 15 7 4 6 26 10 26 29 17 13 8 25 4 8 6 3 16 16 22 14 10 3 16 13 1 20 28 22 21 18 30 6 5 22 21 11 27 11 21 12 6 5 24 6 17 9 22 13 
28 4 8 10 22 27 1 24 3 28 6 0 17 25 12 15 16 23 23 24 26 12 23 6 26 28 5 7 30 17 6 23 25 0 6 4 20 14 23 26 7 13 30 5 26 26 3 21 29 26 1 21 10 29 22 5 19 8 10 20 24 8 23 21 26 22 2 15 17 16 12 9 8 20 24 13 8 14 
5 28 0 17 23 3 22 6 22 1 2 17 12 2 6 19 7 8 9 27 25 20 24 28 4 25 9 23 13 12 11 0 6 7 15 15 1 30 27 26 15 2 26 20 8 14 16 11 23 15 9 3 27 10 13 16 1 2 30 2 2 23 2 22 6 20 2 13 9 8 14 25 28 24 23 8 6 16 
23 23 1 14 18 2 0 23 28 29 19 17 1 7 11 10 8 13 8 7 29 11 13 28 12 17 14 3 25 6 17 25 23 14 24 1 22 9 17 14 18 30 11 20 14 3 11 29 9 7 21 30 21 17 9 17 15 12 28 25 0 15 20 18 22 28 11 18 5 11 18 1 19 9 29 29 12 9 
1 2 8 29 1 19 22 24 28 7 2 11 3 21 29 21 30 17 11 2 23 18 4 13 11 15 1 27 19 24 11 29 6 30 5 20 7 3 13 13 22 7 20 17 13 6 16 17 8 24 25 23 7 26 4 20 13 30 25 15 8 9 17 12 7 13 5 21 18 4 24 24 18 2 12 8 18 2 
4 29 8 7 16 25 15 11 29 19 28 19 10 5 26 22 21 14 5 24 24 27 21 18 8 5 10 15 18 7 27 9 15 20 29 3 10 27 15 27 8 25 11 5 20 18 8 4 28 27 26 30 28 1 5 11 5 2 16 30 29 3 21 10 23 18 8 16 4 24 3 21 27 12 6 6 20 7 
1 30 9 14 1 26 28 9 21 11 6 27 29 21 17 20 22 7 2 9 5 19 15 10 6 19 15 26 10 3 14 29 21 14 14 12 27 26 17 4 9 9 2 15 18 25 15 23 14 22 21 11 28 12 15 25 10 8 16 9 1 15 19 8 4 15 19 25 20 8 27 30 29 22 18 9 17 14 
21 16 6 28 2 21 14 12 4 10 27 15 5 23 24 22 0 13 7 30 30 4 15 20 28 1 3 11 30 7 19 19 19 23 21 28 23 10 3 27 5 24 22 13 2 13 29 8 1 25 20 5 4 16 8 4 24 22 20 9 3 5 28 5 26 21 10 29 13 24 6 21 27 29 25 4 25 27 
21 8 13 20 29 9 0 6 16 5 1 22 4 7 17 16 20 23 20 20 7 8 24 20 2 30 21 27 11 14 4 6 10 8 30 27 11 23 10 7 27 20 17 8 4 13 16 16 4 16 4 25 23 1 5 11 0 18 3 30 1 9 25 7 13 29 29 5 21 27 18 4 16 28 22 20 1 12 
1 14 22 10 25 0 18 3 9 16 19 13 19 22 7 7 17 14 3 3 3 5 14 23 29 11 10 23 4 19 25 17 18 15 7 22 10 11 26 11 21 4 30 10 11 14 18 23 7 28 2 29 30 22 3 3 26 28 9 18 22 23 8 9 25 3 8 18 10 17 13 14 1 0 19 26 21 25 
24 2 30 3 14 11 27 13 21 23 4 8 10 29 27 3 30 30 18 4 19 6 27 1 12 12 3 6 26 29 3 5 0 13 25 5 27 0 27 11 17 25 24 4 10 28 11 4 15 24 8 21 25 19 21 9 6 5 7 29 24 16 11 20 21 28 30 17 1 10 1 25 21 0 9 1 25 19 
3 24 6 21 16 3 28 1 18 23 1 19 17 26 8 14 24 5 24 14 5 27 9 15 6 24 6 18 19 10 4 21 8 27 25 2 24 18 3 9 6 20 14 16 13 26 3 29 30 2 11 12 29 0 11 29 25 14 23 20 25 19 26 23 2 19 25 24 22 21 28 11 25 24 22 13 14 0 
5 3 26 0 29 12 15 26 0 11 18 11 23 11 22 26 12 13 29 6 30 22 9 13 28 2 27 10 12 17 29 25 24 28 29 24 11 11 23 14 9 5 9 29 13 23 16 14 22 16 8 11 25 20 16 24 1 15 22 24 21 9 28 26 26 20 9 0 27 16 9 0 2 14 10 20 29 3 
11 22 0 13 6 22 10 9 21 8 30 18 6 17 24 12 23 23 21 18 9 16 14 5 6 10 11 27 16 25 19 18 13 8 30 23 11 9 7 9 14 13 12 12 14 1 19 18 1 0 17 18 10 22 4 10 15 26 0 7 21 11 18 0 25 30 7 5 1 1 24 5 27 17 3 16 1 3 
7 17 18 9 6 12 12 10 18 24 17 8 26 24 14 8 13 19 8 24 19 4 3 8 10 29 22 30 2 3 27 28 14 15 0 11 21 14 2 3 6 30 6 22 8 5 0 4 13 8 30 18 18 29 26 24 1 5 10 0 1 27 20 0 9 20 3 25 4 19 7 10 20 20 26 18 24 4 
7 15 6 22 18 27 8 15 2 3 15 9 7 14 22 25 3 28 16 16 12 12 9 4 1 0 1 23 29 1 19 25 1 29 21 28 10 15 28 2 8 22 27 28 4 21 4 18 19 26 1 24 16 10 19 19 22 30 14 22 29 29 26 11 21 7 16 5 25 17 13 25 4 25 13 27 10 4 
24 7 8 1 10 23 14 22 18 8 11 5 1 16 23 24 18 26 28 21 5 15 29 15 19 13 14 27 28 20 30 4 23 15 18 26 19 17 24 14 2 28 28 9 24 8 27 18 4 10 16 6 17 25 0 9 3 7 25 27 4 24 20 4 10 24 30 2 5 20 9 13 20 18 19 1 28 11 
15 17 10 11 0 4 16 5 29 5 10 16 9 14 23 29 30 22 11 16 21 22 16 24 24 21 6 6 6 4 19 6 18 27 23 18 7 22 29 23 30 12 1 24 22 4 16 1 4 17 16 11 3 27 17 1 26 6 17 5 16 20 28 5 17 13 13 21 19 6 11 0 14 19 11 2 27 27 
16 3 19 0 23 29 6 30 4 11 15 9 10 11 0 15 20 1 19 10 18 28 8 10 22 2 16 14 15 18 13 15 27 26 16 29 1 3 12 7 26 18 29 28 3 10 3 8 11 23 5 26 25 10 6 8 4 4 29 9 2 10 28 14 4 16 21 22 9 24 21 9 16 12 11 18 19 8 
27 21 14 12 9 10 5 7 13 13 4 15 0 21 17 4 27 27 14 28 1 13 2 5 5 11 20 14 13 6 24 15 19 10 29 7 14 24 23 23 19 7 30 5 1 6 6 20 30 19 13 9 7 30 19 11 5 27 21 13 8 15 6 12 4 6 0 17 24 12 16 16 1 23 1 16 25 11 
6 29 28 12 6 8 11 4 22 9 0 19 12 6 10 3 29 28 20 28 15 27 9 30 9 6 9 10 14 0 25 12 11 23 4 25 7 20 0 15 13 23 22 0 23 24 15 27 8 16 10 10 14 17 25 14 29 30 14 7 9 24 3 27 26 0 15 22 26 23 21 18 7 3 29 14 7 13 
4 1 25 22 4 4 5 13 0 4 7 1 24 27 20 4 20 14 11 17 9 10 19 15 7 29 26 21 26 9 29 29 29 2 22 24 22 30 13 29 10 2 16 16 12 15 9 20 18 18 8 29 3 29 3 29 13 10 18 14 14 24 5 24 19 25 2 25 2 17 19 15 22 28 28 10 10 19 
