8
12 10 26 28 4 3 3 27 30 8 17 15 7 0 29 5 9 13 15 29 29 3 13 8 23 28 10 29 17 10 22 0 6 17 24 20 13 23 22 7 19 19 11 8 11 
8 1 2 20 27 9 13 10 27 24 16 22 29 8 3 7 20 25 7 0 18 15 15 20 24 10 6 8 13 29 18 28 4 17 5 22 29 20 27 1 20 24 29 20 27 
15 23 18 5 15 28 23 1 6 6 11 25 11 6 29 30 24 9 29 23 1 27 0 8 17 2 8 19 13 27 24 18 9 9 29 14 22 30 2 28 21 29 0 1 28 
13 12 22 28 7 10 27 28 20 14 7 30 18 7 14 20 23 14 13 27 16 4 13 12 19 23 0 0 26 16 25 19 17 22 0 5 19 21 6 28 26 24 17 2 25 
25 27 6 13 27 6 0 3 25 2 0 17 18 17 23 15 15 2 7 6 22 19 29 28 28 6 28 17 4 10 21 19 1 15 13 3 5 21 25 22 5 9 1 26 18 
30 3 15 17 3 25 17 9 3 19 12 2 16 18 23 9 11 28 27 9 19 23 2 22 24 2 6 21 1 18 19 26 3 9 19 7 26 23 9 29 7 29 28 11 14 
5 9 27 5 13 17 4 29 21 9 10 10 17 12 20 19 0 21 1 16 12 24 7 20 24 11 5 29 22 29 12 11 10 20 28 29 27 13 4 4 25 4 26 5 12 
14 28 26 5 6 14 9 25 6 8 18 25 5 29 18 20 11 25 11 5 19 4 8 2 6 2 29 29 3 28 9 10 5 21 1 12 19 30 28 20 18 22 28 28 26 
24 9 10 13 18 14 5 8 9 3 30 20 29 22 14 30 19 5 6 9 27 27 29 7 15 18 18 25 15 25 26 16 26 17 19 11 29 4 0 29 9 2 5 30 18 
28 12 7 6 9 29 4 17 0 23 17 4 10 27 3 11 9 28 16 6 0 25 11 3 30 0 24 15 26 9 15 22 9 1 18 15 5 8 17 24 15 7 10 22 15 
13 24 17 13 14 8 11 2 9 29 28 13 11 22 9 24 7 18 30 12 13 20 1 26 3 7 5 11 27 5 18 14 27 6 8 16 4 30 19 2 22 25 27 4 6 
14 19 29 9 25 4 20 2 26 4 30 9 1 9 23 4 21 9 14 29 21 15 22 27 16 6 0 30 5 8 5 15 2 26 30 21 13 13 14 23 11 21 13 16 23 
11 21 28 19 21 16 20 16 8 17 1 15 17 17 6 0 29 24 30 16 21 29 15 0 18 22 5 8 15 29 8 5 4 2 6 20 1 8 8 25 23 18 28 21 2 
24 12 22 30 2 0 8 6 26 17 24 14 27 14 4 13 24 15 11 6 21 9 19 9 1 19 19 26 3 14 18 4 3 6 3 26 6 7 11 28 21 23 15 5 17 
18 23 3 5 11 15 9 5 25 22 23 8 1 24 21 1 9 26 0 18 14 20 16 18 23 11 25 18 9 4 23 9 17 0 11 5 15 27 17 28 20 23 24 29 14 
14 9 26 25 2 5 11 18 9 19 25 24 11 17 14 28 20 14 19 27 14 0 27 27 0 19 24 30 8 6 21 7 5 29 14 24 17 13 14 24 8 22 22 4 28 
