8
23 14 4 21 18 11 9 17 21 18 8 16 22 26 30 27 9 27 20 28 5 1 27 16 5 19 9 6 5 23 14 30 19 20 0 3 8 15 18 16 26 6 8 21 18 
16 28 13 4 30 3 4 5 22 22 10 7 30 7 21 17 6 1 11 11 3 3 6 23 20 2 25 12 10 29 23 5 3 0 12 19 27 5 24 20 6 19 5 16 19 
17 21 12 24 12 29 26 5 12 15 22 16 28 12 21 11 28 0 18 1 13 10 17 5 9 17 18 14 23 4 5 4 14 21 15 12 24 29 1 19 0 18 29 27 14 
14 17 10 6 25 13 9 6 16 25 3 18 27 3 17 5 5 17 1 23 5 13 28 23 0 25 10 25 11 24 4 23 11 10 1 5 1 5 0 1 22 29 4 11 13 
4 17 30 7 21 22 28 24 1 2 24 13 30 29 1 6 11 26 16 9 28 3 16 9 7 14 0 21 20 2 10 12 5 24 24 0 29 14 2 19 8 18 25 5 5 
23 4 27 25 5 4 4 20 19 6 19 29 21 16 5 11 23 11 17 1 14 13 20 20 19 15 15 0 8 3 0 12 29 1 30 5 6 6 10 3 9 22 8 15 17 
11 20 30 7 30 6 25 19 19 8 27 0 3 13 26 18 5 8 4 28 20 21 12 26 4 6 18 26 12 29 0 11 9 2 20 10 28 15 28 14 5 6 4 15 22 
25 28 3 27 4 27 21 25 15 7 4 9 0 19 24 0 4 8 1 9 1 18 14 6 5 21 0 22 21 14 24 25 28 29 23 3 23 10 9 17 23 8 3 18 15 
7 25 4 28 13 20 2 13 1 18 15 12 23 9 14 25 24 0 14 24 29 17 21 2 23 1 19 14 28 17 0 22 24 3 10 1 23 13 19 23 9 14 11 14 15 
10 15 8 19 1 13 27 22 10 18 6 2 26 4 27 26 24 3 28 11 3 20 16 23 28 29 9 8 30 3 7 30 16 16 0 24 1 23 0 17 23 18 11 2 21 
24 3 22 16 26 1 22 19 10 14 13 29 20 0 21 29 30 13 5 15 7 20 6 11 17 22 8 16 27 16 5 1 8 19 27 7 25 16 7 20 5 21 21 27 25 
19 2 27 10 29 23 12 7 28 8 25 25 22 23 3 5 26 30 13 7 27 1 19 1 26 6 26 19 5 27 3 24 4 6 19 0 25 2 0 10 27 25 21 11 6 
19 9 2 3 22 27 22 21 0 14 18 8 23 19 7 29 18 28 25 19 24 12 6 4 13 25 16 14 17 11 2 11 29 11 11 2 10 18 23 1 4 18 12 7 24 
2 14 24 21 22 24 25 21 30 8 22 9 17 28 16 10 20 4 8 26 5 20 18 7 16 26 9 11 28 20 5 23 28 12 1 0 9 4 24 3 8 23 10 26 26 
21 8 15 12 15 8 29 13 28 22 10 16 5 29 16 18 10 1 30 11 12 11 23 19 21 7 5 4 13 23 5 27 7 3 30 4 6 26 28 3 14 26 1 9 22 
22 18 23 12 8 14 18 11 22 26 13 25 10 30 0 21 8 1 4 14 26 6 7 18 6 19 3 3 9 17 11 17 8 0 26 10 24 27 23 27 30 18 22 4 6 
