7
15 9 23 30 21 24 9 19 4 23 4 1 30 10 22 15 30 8 5 21 18 19 21 21 29 28 22 2 2 15 5 23 15 21 22 2 
29 28 6 21 6 25 0 8 20 21 13 4 2 20 5 4 25 20 4 29 23 19 28 24 8 15 24 19 24 10 23 10 14 2 26 11 
20 20 4 22 20 14 27 5 13 29 27 7 22 29 20 26 29 12 18 18 11 23 4 5 27 24 8 16 18 8 3 15 1 29 28 0 
27 0 15 12 10 24 14 26 13 28 24 24 29 6 24 19 29 23 15 23 29 13 23 13 9 30 0 16 11 30 11 18 28 9 0 21 
25 26 1 5 4 30 11 0 1 0 11 14 8 20 6 4 18 13 29 7 24 30 12 28 8 4 25 27 2 5 3 10 11 18 14 29 
29 7 18 23 4 6 18 16 3 2 18 12 26 17 13 2 20 13 11 12 22 25 0 6 29 4 19 29 22 4 28 28 6 7 16 0 
3 27 29 16 29 13 29 9 28 7 2 8 29 0 0 17 6 6 16 4 7 23 26 18 2 7 2 6 19 24 20 22 1 6 13 6 
10 15 23 19 17 18 10 19 22 27 20 13 9 9 9 23 7 6 16 17 14 24 29 15 23 24 17 26 19 13 20 28 11 3 26 20 
25 6 19 28 6 19 16 17 8 3 6 28 14 4 26 16 0 7 10 0 14 13 12 0 18 7 28 2 16 17 17 30 23 28 1 19 
19 29 24 27 18 24 1 22 13 29 0 14 13 18 15 3 9 9 13 15 15 30 11 6 27 29 15 21 24 6 19 7 8 13 17 16 
9 8 25 16 8 14 9 26 7 1 14 29 23 27 12 4 0 18 16 2 2 18 17 9 27 28 4 11 12 28 15 7 19 8 1 10 
6 15 28 29 8 12 27 9 8 7 26 7 24 30 9 19 16 6 26 3 0 25 0 19 17 11 10 19 2 30 7 4 19 9 0 24 
2 13 7 25 4 23 24 10 25 16 20 24 16 7 23 23 7 3 29 30 14 24 4 11 22 5 26 22 28 21 18 17 6 27 27 1 
8 18 30 17 1 6 5 22 5 30 28 24 29 26 14 21 27 18 29 6 5 2 19 18 5 1 0 20 21 28 22 10 16 19 18 16 
