11
19 19 25 22 25 10 14 11 17 17 10 5 29 18 29 25 7 2 22 24 2 6 26 12 11 4 1 24 18 20 16 2 7 0 20 6 2 21 19 23 20 4 18 26 14 10 26 15 10 29 28 11 27 16 3 10 5 4 6 29 25 4 15 29 2 7 28 8 30 29 26 30 24 5 30 8 20 3 
17 5 17 25 26 28 6 3 3 20 11 15 0 21 18 26 21 3 29 12 22 23 28 21 23 4 19 22 30 14 27 9 28 7 10 15 18 0 19 13 28 10 24 22 28 20 4 16 28 10 2 26 13 0 23 17 20 30 25 20 6 17 2 21 26 20 13 4 18 22 15 16 28 1 30 12 3 16 
30 30 28 28 18 4 16 1 25 14 1 22 22 5 12 5 4 21 26 26 25 10 25 3 23 16 0 12 17 30 9 26 25 4 15 13 8 5 2 9 5 3 9 3 18 11 10 2 22 3 26 19 3 20 16 21 22 1 11 17 12 24 17 12 12 9 22 0 6 20 14 14 30 2 20 21 14 4 
2 9 21 21 22 0 29 19 27 3 14 7 30 3 6 4 24 26 0 19 24 1 20 0 26 7 16 30 9 0 18 4 19 4 4 5 15 14 13 1 6 27 6 20 19 27 8 24 6 27 17 16 3 2 25 0 9 19 26 16 30 19 4 22 5 19 15 9 9 30 9 18 26 27 17 12 28 17 
23 28 19 8 25 10 6 5 5 29 29 26 22 12 1 9 30 10 14 13 24 27 11 9 28 4 20 22 16 27 14 18 17 20 9 24 24 23 15 4 1 18 17 3 30 12 4 0 30 20 6 22 3 26 26 6 13 5 6 23 15 21 18 7 29 27 15 10 29 8 8 29 3 26 19 27 6 1 
6 6 24 27 13 19 7 21 16 12 16 1 28 13 29 25 30 7 30 22 21 1 22 2 29 8 16 12 28 14 17 15 23 11 5 2 11 3 17 19 17 7 7 6 15 16 22 23 2 27 14 2 21 19 3 13 13 0 2 23 23 16 13 6 11 29 22 3 21 29 19 27 25 5 27 8 4 11 
10 8 25 28 21 3 30 29 19 20 30 0 20 28 22 1 3 11 0 4 15 22 13 25 10 15 21 19 14 9 20 12 22 23 15 6 23 14 14 1 6 10 22 29 3 19 20 6 17 30 5 16 2 3 27 22 16 14 14 17 19 15 12 12 13 22 28 1 12 7 7 25 10 14 24 1 20 16 
29 5 5 29 10 5 11 6 3 23 0 16 30 2 6 5 30 29 25 7 4 8 27 0 25 10 19 18 25 17 2 16 5 0 19 16 25 17 4 5 3 8 25 13 17 12 29 8 29 21 2 28 27 29 23 2 14 15 29 2 9 29 30 20 18 23 25 14 20 29 16 22 15 16 16 30 18 28 
18 25 29 28 9 27 5 0 17 17 24 8 24 29 13 0 20 18 0 8 15 11 14 5 9 22 6 11 9 3 5 24 4 4 22 19 21 15 13 20 26 21 17 27 11 16 10 1 16 22 22 6 13 8 25 23 17 14 22 7 15 21 23 17 6 18 14 29 2 16 4 15 29 3 25 13 3 16 
26 20 16 16 7 25 27 17 9 1 28 4 14 6 7 7 15 24 10 11 20 3 12 17 16 23 14 3 2 4 2 27 29 9 13 9 17 2 4 30 17 12 15 1 16 5 29 27 26 4 2 16 30 6 18 10 27 5 18 17 18 8 30 4 12 25 18 19 26 27 28 17 24 22 11 11 18 13 
7 12 15 29 27 25 0 30 9 19 6 24 2 22 14 20 30 19 21 26 29 15 23 8 22 16 6 5 5 15 27 14 26 5 21 6 14 14 13 3 30 14 12 10 17 24 8 27 5 0 5 29 13 26 0 0 18 10 20 28 27 17 22 19 0 7 17 28 22 22 0 6 16 5 6 8 28 29 
29 16 6 25 11 17 20 9 3 25 12 24 8 18 11 28 29 4 24 4 13 9 7 5 14 11 4 1 5 12 4 4 9 24 6 14 17 23 4 0 12 22 20 1 27 17 15 0 17 2 2 20 28 15 13 5 30 18 24 27 14 4 30 21 4 21 10 11 16 7 29 12 21 30 19 3 0 23 
27 10 5 22 0 10 23 6 14 7 23 20 15 17 25 2 20 18 28 5 22 11 19 13 18 4 19 17 20 9 27 11 28 2 5 14 26 4 1 18 10 12 14 10 18 30 23 7 2 26 28 26 1 14 2 16 23 21 11 25 3 16 1 28 24 22 19 2 7 15 24 16 22 10 13 4 26 21 
25 12 30 26 17 9 22 7 20 25 0 20 1 25 13 8 27 11 7 22 19 16 23 15 26 5 5 24 25 24 7 18 17 17 23 18 11 21 20 10 1 19 13 24 18 26 8 28 24 30 16 3 12 13 23 5 24 0 8 17 13 6 9 14 12 23 11 28 11 28 28 29 22 2 25 14 11 18 
24 13 2 21 26 24 1 30 8 28 25 29 9 27 2 13 18 0 6 22 22 0 1 29 0 27 27 14 18 18 4 27 12 0 27 16 10 14 22 28 25 5 1 6 18 21 25 21 16 21 30 3 15 21 10 24 17 20 3 8 4 22 22 9 23 1 8 5 30 5 12 1 14 13 4 16 30 14 
27 25 18 28 14 15 2 1 18 9 22 13 20 0 30 18 12 15 27 16 14 1 17 11 6 13 23 16 18 10 26 19 29 23 27 6 12 1 11 25 18 12 26 28 16 21 13 7 17 18 6 30 4 1 14 10 13 20 0 0 14 24 16 8 19 16 20 15 7 9 17 23 19 6 21 26 2 14 
8 15 14 12 2 7 22 3 6 19 10 5 26 25 21 29 1 25 17 11 28 0 9 28 18 16 8 10 21 23 15 4 1 17 25 17 29 14 20 21 13 0 2 7 13 11 18 11 29 16 23 23 22 8 6 30 17 27 5 13 16 16 12 4 13 24 8 7 16 7 4 8 2 29 15 1 18 0 
29 18 0 6 14 29 10 19 13 19 1 3 3 9 6 9 10 13 3 15 24 29 14 24 30 19 16 22 28 9 14 18 5 25 7 27 14 6 1 21 19 11 4 13 22 18 4 27 7 4 21 19 13 20 26 1 20 14 24 11 4 13 10 20 23 9 13 20 9 15 5 4 1 2 20 1 27 16 
12 10 10 17 8 16 2 6 20 25 22 13 10 19 10 23 30 10 13 27 5 20 2 6 21 26 28 6 1 26 20 2 22 26 25 20 16 25 14 5 20 12 20 17 29 12 7 25 1 22 6 19 24 28 4 5 21 25 7 6 28 18 26 10 11 26 8 26 18 23 22 18 17 23 28 12 18 6 
24 21 12 24 19 9 29 2 0 23 23 7 10 16 8 24 27 1 10 5 2 9 4 30 5 18 15 18 28 28 12 18 5 8 17 25 24 27 8 1 24 16 22 14 25 19 18 12 5 13 4 11 4 25 9 2 10 2 24 22 8 21 5 0 20 14 27 15 15 6 3 1 20 16 17 7 21 2 
27 30 15 28 10 22 28 21 12 13 5 26 7 27 4 15 14 0 27 3 1 25 19 12 9 17 22 10 24 2 17 17 2 3 1 12 25 7 18 6 13 25 27 14 17 14 5 1 8 14 15 16 18 19 23 17 26 17 7 25 21 2 7 26 8 5 12 25 28 22 25 28 26 5 14 7 19 7 
30 21 20 14 9 17 1 9 30 8 15 5 28 5 18 1 10 3 0 17 3 5 1 20 5 30 9 15 11 15 15 3 23 19 4 25 20 4 3 4 29 15 2 27 21 14 12 26 22 21 20 9 29 27 25 4 20 1 5 30 26 25 24 30 20 16 1 24 27 23 18 19 8 8 8 11 19 22 
