8
20 18 10 4 28 12 6 26 9 16 21 18 0 4 18 26 14 27 23 7 9 26 26 24 8 30 9 13 14 8 0 18 3 12 21 17 1 10 7 0 3 26 2 4 8 
23 19 17 11 16 29 14 25 29 4 28 13 23 3 30 16 12 28 3 29 21 1 24 20 17 21 19 2 26 20 13 2 10 4 25 28 27 16 29 11 5 8 7 8 30 
7 29 19 16 11 2 4 5 9 21 1 20 28 26 21 13 29 14 20 25 11 4 1 29 22 22 29 11 8 6 14 11 26 14 12 11 19 3 14 23 9 5 0 1 11 
20 0 6 28 7 11 19 28 8 17 22 22 29 9 24 16 17 2 1 9 20 1 5 26 30 21 27 18 11 29 13 16 10 16 22 26 7 22 30 19 12 1 28 26 2 
3 29 12 23 14 4 26 11 8 9 14 24 13 3 22 8 10 20 16 30 14 8 7 29 15 25 23 14 5 17 27 9 0 19 18 6 8 25 25 13 11 4 15 29 3 
12 8 10 18 15 21 27 0 30 27 26 11 24 18 10 3 6 25 11 18 30 13 14 9 28 16 25 7 29 20 20 0 25 11 29 8 17 0 2 6 11 27 28 25 1 
28 14 7 17 14 2 17 18 30 15 19 19 14 20 14 3 10 20 10 9 5 8 4 20 12 1 6 29 5 14 30 23 8 15 17 24 25 21 22 28 16 30 22 17 18 
12 29 20 30 1 29 4 29 29 28 2 3 7 15 17 2 15 29 29 2 23 4 12 27 16 24 11 28 17 16 11 4 17 15 16 27 11 15 9 30 8 8 30 9 26 
13 21 8 3 27 3 15 27 27 4 7 15 1 16 24 26 9 17 18 9 24 13 22 15 0 13 21 11 25 18 22 29 16 11 24 30 25 18 18 19 29 4 19 25 30 
11 5 14 23 21 10 20 6 0 16 23 24 24 23 11 4 7 14 29 9 3 28 7 11 29 13 11 6 21 20 12 20 23 3 26 28 30 8 18 14 23 3 9 3 8 
18 10 27 5 8 23 24 8 9 4 15 16 8 19 19 15 17 11 23 22 20 13 29 10 9 28 11 30 30 28 20 14 6 23 8 11 24 27 7 8 19 14 0 24 18 
24 20 25 9 15 15 21 26 27 4 6 10 12 0 16 23 8 23 14 16 8 2 19 13 11 13 25 10 9 28 19 25 4 24 30 11 3 26 8 26 28 28 13 10 13 
17 7 12 30 17 0 3 17 21 22 20 29 4 3 0 7 14 18 9 11 23 14 3 30 5 30 5 9 10 6 8 10 15 3 13 28 27 9 29 1 9 18 13 30 16 
24 30 15 23 9 1 3 21 17 30 2 21 1 29 4 6 17 11 11 6 6 24 14 3 29 5 4 28 25 5 17 4 21 28 19 4 25 27 14 11 25 25 5 11 5 
0 12 0 15 10 0 11 27 17 14 28 12 4 11 21 19 14 17 15 16 10 21 7 4 22 5 25 12 9 10 2 19 26 2 22 16 17 17 18 0 20 29 13 18 7 
28 16 7 29 15 9 8 19 28 29 2 28 21 6 3 29 24 15 19 10 30 6 1 27 14 25 12 10 1 24 29 7 12 11 13 0 22 10 1 22 19 13 24 8 27 
