7
19 10 10 26 12 8 6 20 27 19 3 23 7 9 5 14 0 30 0 16 27 19 0 22 20 6 29 10 29 1 16 18 20 4 5 24 
3 6 11 21 14 14 6 3 9 23 30 6 12 16 28 30 18 27 14 3 15 6 8 0 17 27 19 27 1 19 27 19 19 11 30 26 
3 16 17 3 15 5 29 14 17 30 23 0 2 21 14 12 19 7 18 18 3 12 15 6 23 5 29 12 20 4 11 20 23 21 30 21 
4 5 28 24 11 1 2 21 2 13 1 11 20 10 13 0 18 22 22 4 12 7 22 4 13 18 1 25 21 9 9 17 16 28 28 28 
24 14 26 5 4 19 14 13 14 22 26 2 17 30 8 22 4 22 1 22 13 17 22 4 16 10 16 5 30 5 15 19 30 10 11 15 
29 17 30 18 25 19 12 21 17 0 6 13 28 24 25 3 9 0 27 21 23 9 16 2 21 12 26 16 6 27 19 19 24 16 29 10 
3 19 1 27 26 17 6 2 12 22 30 11 5 11 11 30 20 22 16 26 15 23 29 2 1 10 25 0 6 1 16 5 0 17 6 16 
15 16 10 27 10 9 3 26 3 14 11 28 22 6 29 15 15 12 2 7 18 11 19 30 17 10 13 6 0 29 8 9 15 23 27 2 
12 4 18 7 18 29 12 6 0 24 8 10 1 29 0 9 15 21 16 6 17 3 28 1 1 29 28 12 1 12 13 27 11 7 30 13 
23 29 8 23 11 17 9 18 23 2 15 17 1 27 18 19 16 9 19 26 7 12 1 21 11 18 5 9 1 28 4 20 11 12 23 21 
18 28 19 24 19 20 13 6 29 26 0 18 24 30 9 16 23 7 12 4 25 20 1 2 3 11 15 29 28 11 0 17 14 18 28 15 
1 6 6 15 12 28 27 26 19 13 3 17 1 26 4 29 17 28 4 7 3 17 7 5 27 16 8 16 12 13 4 8 20 20 12 12 
25 24 12 7 28 27 1 27 22 30 2 27 0 5 0 27 19 17 11 23 30 5 4 18 25 16 9 25 7 3 16 5 0 27 29 4 
0 4 16 10 30 22 7 8 27 11 0 13 13 3 18 3 22 3 3 3 6 16 24 1 8 25 23 14 11 12 1 20 10 13 11 9 
