11
24 1 14 20 26 25 8 25 4 17 8 28 8 18 1 19 27 23 5 17 19 24 27 2 5 24 29 3 2 8 1 4 9 0 29 6 29 4 27 11 13 28 19 7 28 7 10 30 8 7 5 17 14 8 16 21 1 21 5 28 1 0 1 26 16 29 26 20 15 22 2 1 7 11 17 22 27 28 
26 12 2 9 9 19 18 6 1 29 5 26 4 20 10 27 30 20 13 10 14 22 1 3 11 3 0 16 7 25 12 9 27 25 9 27 7 10 20 2 5 6 15 29 6 3 23 10 0 7 22 9 23 20 23 24 10 24 7 11 27 3 27 10 3 29 5 9 20 19 18 12 5 24 20 7 25 10 
26 10 20 17 12 2 3 10 15 25 8 23 13 30 22 24 16 29 16 10 16 7 12 26 11 19 4 7 16 4 29 13 20 11 4 24 2 7 17 26 2 27 19 19 10 11 11 5 27 17 21 20 24 18 22 4 5 13 30 20 30 19 27 10 9 24 28 29 21 8 29 5 28 11 14 13 24 24 
3 22 18 20 0 29 6 21 20 7 29 19 3 27 20 11 22 28 20 7 21 23 15 22 21 24 11 20 26 17 9 21 0 28 19 22 24 18 29 1 12 24 15 23 25 19 25 3 7 12 0 29 11 18 9 7 25 16 27 20 28 9 23 28 10 21 8 6 30 7 21 13 20 22 14 12 30 15 
21 23 16 7 15 28 4 25 5 9 30 22 8 9 19 2 10 28 2 24 22 10 20 13 2 24 28 27 6 11 13 11 5 13 20 21 10 17 1 9 12 9 30 11 20 15 4 16 30 10 12 25 20 26 19 10 20 13 30 28 2 19 6 10 3 20 30 26 29 20 14 28 16 18 14 23 29 29 
12 23 27 21 14 5 21 9 28 2 9 14 3 11 27 27 13 4 28 2 1 6 7 19 26 16 18 24 10 29 15 28 0 30 10 21 17 10 15 1 3 19 18 18 21 25 22 7 18 8 27 4 29 12 7 4 18 10 1 27 7 23 3 22 1 24 9 17 4 28 7 17 23 15 26 15 29 3 
19 16 10 12 14 9 11 16 25 5 18 11 27 0 28 14 25 14 7 0 29 10 23 26 4 24 8 0 27 6 27 25 6 25 23 25 26 5 10 16 8 6 21 22 16 16 15 16 2 14 19 16 10 11 28 3 30 27 6 19 3 19 4 6 3 14 9 25 21 16 25 26 18 29 20 18 24 16 
10 21 20 27 16 21 19 24 28 19 15 28 24 5 30 4 16 4 12 27 22 21 19 17 10 3 15 25 29 4 10 9 16 5 13 21 14 30 18 16 26 19 15 1 8 7 21 26 1 1 29 5 4 13 7 19 19 30 21 3 29 29 26 14 30 15 5 3 14 18 10 16 22 14 13 9 14 6 
20 6 12 25 9 12 18 2 17 0 14 4 29 2 7 18 28 11 13 7 22 21 24 4 3 25 23 5 16 17 10 20 2 1 9 3 5 11 26 24 11 2 28 30 4 24 14 29 2 19 24 30 27 10 1 17 27 11 18 27 10 23 28 21 26 24 9 23 4 26 30 10 1 12 8 19 17 29 
13 18 14 24 12 10 23 14 5 4 24 9 26 8 23 8 12 3 22 15 28 5 8 0 12 26 17 16 29 26 4 26 5 29 4 5 12 28 15 21 13 14 5 29 13 12 15 22 2 11 4 12 27 20 0 10 30 19 16 27 7 29 4 25 8 21 29 19 30 19 0 1 30 5 14 11 22 11 
1 11 9 25 7 17 21 14 2 24 2 21 19 12 29 23 18 20 15 22 29 25 16 24 26 17 8 18 8 21 17 21 4 13 2 27 28 2 3 17 27 27 24 24 14 19 29 17 26 15 23 7 27 0 9 20 21 28 7 19 12 25 6 13 8 21 22 30 30 28 6 2 13 20 19 23 21 8 
15 12 2 18 9 9 16 28 17 12 17 4 20 12 17 15 15 7 3 11 7 7 14 3 7 4 18 23 15 25 0 12 5 15 23 8 1 16 18 25 8 24 25 16 4 29 23 22 3 13 0 1 3 10 26 14 13 12 2 6 19 26 8 1 11 14 3 2 16 11 1 18 18 13 2 21 23 12 
1 24 22 15 29 0 25 2 9 9 20 14 23 13 7 17 23 26 13 20 27 13 20 22 6 25 10 15 23 4 20 15 29 12 27 23 1 29 4 7 17 29 27 20 0 21 26 7 2 0 16 29 4 11 29 12 21 6 7 21 26 25 22 2 8 24 1 24 9 30 17 22 22 28 0 12 10 23 
5 23 17 9 26 28 16 9 26 28 8 0 1 9 24 10 6 6 11 18 8 6 15 20 0 20 13 14 12 20 26 4 24 28 13 19 25 1 4 15 8 18 15 6 27 17 27 7 10 25 3 14 19 15 22 11 30 16 18 16 30 22 11 28 1 0 15 30 15 0 27 4 8 1 23 14 13 9 
11 21 11 28 9 25 9 12 11 1 10 9 2 13 5 28 2 16 4 7 27 0 10 30 12 10 15 20 21 13 1 6 12 26 5 28 16 23 10 16 9 1 16 29 22 3 24 29 6 29 30 3 12 5 5 1 5 16 21 6 22 10 16 21 28 11 7 13 19 24 12 3 2 21 9 24 3 3 
12 14 19 20 15 11 4 1 2 4 10 12 4 24 17 14 24 0 27 11 13 20 17 4 1 0 2 14 23 23 4 28 6 15 0 7 2 10 15 26 25 24 29 17 0 16 2 19 27 9 19 1 16 14 28 10 19 9 3 25 2 7 30 8 18 17 16 30 22 9 6 18 4 13 20 8 1 2 
8 29 22 0 27 5 11 15 8 10 23 13 17 25 14 28 20 9 7 17 5 11 1 30 7 17 8 7 3 28 6 1 5 12 22 25 23 20 11 30 11 8 16 23 0 7 29 23 0 1 5 15 20 30 30 2 17 30 19 1 13 3 10 6 3 23 2 27 19 12 25 7 21 4 3 1 10 26 
19 14 2 2 21 9 8 8 15 17 27 30 21 20 17 8 8 27 25 3 13 14 14 1 10 17 17 9 1 5 2 16 1 14 20 26 29 16 7 17 16 19 19 28 26 11 14 19 21 30 21 30 1 17 6 23 13 0 16 30 3 7 30 18 30 3 12 3 0 28 30 13 20 23 23 15 25 25 
17 24 8 0 2 20 2 17 13 8 30 9 20 21 13 21 2 1 16 0 9 10 8 2 27 20 2 6 19 26 23 15 12 24 17 24 14 22 13 10 9 5 19 12 8 9 23 7 14 27 7 4 0 30 4 1 25 3 11 3 19 23 29 27 17 2 17 2 5 23 13 28 15 24 23 22 6 29 
1 7 1 29 21 30 11 15 1 22 12 13 14 19 25 7 2 10 9 8 23 10 4 15 18 3 23 15 19 16 17 6 13 21 17 12 25 1 20 23 2 0 18 26 5 23 28 11 19 25 30 27 11 4 26 13 5 15 5 16 28 21 10 2 28 30 3 14 25 13 16 9 21 15 27 26 12 6 
27 5 30 27 18 27 12 8 19 0 8 13 28 27 18 21 20 25 5 15 30 28 10 8 26 1 15 2 25 22 0 6 24 12 0 6 29 30 29 27 2 8 1 28 24 15 0 0 6 3 27 27 2 23 12 18 7 24 26 25 20 8 12 5 19 6 10 28 16 25 18 7 13 8 7 15 27 15 
14 27 1 10 6 18 29 30 4 25 3 17 25 7 5 8 26 6 2 7 2 2 12 27 27 0 10 18 19 29 13 14 2 8 15 1 16 11 4 22 3 24 27 9 27 2 26 22 14 1 1 5 7 6 14 5 3 14 29 29 6 11 30 25 8 28 27 13 3 17 18 27 19 0 12 25 4 21 
