7
7 30 23 30 9 26 10 8 22 28 25 1 30 29 2 17 6 7 27 27 20 5 27 7 16 6 0 18 14 29 11 19 22 26 10 28 
3 6 14 8 25 24 7 14 12 28 28 8 1 13 7 19 1 26 4 1 9 26 4 25 9 1 29 15 30 22 20 7 12 13 9 16 
11 19 26 25 0 22 0 21 27 5 21 25 1 17 29 8 16 25 17 11 1 26 26 9 20 3 18 25 27 7 0 28 13 14 14 30 
28 3 15 0 12 13 20 15 12 5 5 9 0 3 15 0 23 17 17 9 12 7 26 12 4 10 3 17 3 30 2 20 0 4 0 17 
30 22 0 23 16 25 30 20 9 1 28 26 27 10 1 18 19 4 25 30 27 8 5 26 17 12 22 9 3 17 10 5 25 20 22 26 
12 30 19 29 19 2 19 6 15 30 27 8 27 14 12 20 26 2 25 11 26 21 0 0 14 2 9 23 16 4 23 21 26 1 12 19 
8 20 8 16 2 15 9 16 29 15 29 13 3 13 8 22 24 9 29 21 6 11 11 0 13 0 23 2 19 18 14 16 4 19 15 25 
30 21 5 9 16 9 23 26 30 21 26 15 16 22 25 10 13 0 16 7 17 10 20 17 14 13 7 21 25 27 6 19 13 8 18 24 
3 23 18 12 5 3 21 23 23 0 19 20 1 27 8 3 15 11 28 12 4 24 13 19 10 28 8 17 17 29 20 7 7 27 30 30 
22 26 9 29 17 12 29 19 9 17 27 12 1 9 21 7 24 10 29 9 24 30 10 4 11 0 18 4 18 5 23 18 8 16 15 30 
21 23 16 0 13 22 28 13 14 19 11 5 8 21 27 28 0 23 7 3 15 28 11 6 9 16 0 8 22 7 2 20 23 2 14 18 
1 6 29 3 30 15 8 30 27 25 3 3 9 8 9 1 5 24 5 26 7 5 18 4 4 19 25 20 1 20 20 14 21 9 28 10 
17 23 14 23 1 11 7 13 24 27 29 30 6 9 1 20 29 3 15 26 19 24 25 15 26 20 22 2 11 2 12 28 24 28 13 17 
15 13 28 10 9 30 24 30 27 21 15 17 23 3 0 2 21 30 18 0 26 16 23 14 28 15 22 18 27 28 17 23 27 15 20 3 
