11
13 1 1 8 11 27 24 21 6 22 6 11 28 5 24 0 18 12 3 4 17 3 29 1 16 24 12 9 17 27 19 6 23 6 17 5 26 0 9 22 30 15 21 15 12 7 26 15 3 25 19 24 11 21 21 25 13 27 7 2 29 6 29 13 12 10 10 23 27 23 10 1 16 5 23 14 18 6 
23 17 5 6 11 4 26 25 2 19 7 8 17 23 17 20 26 10 25 8 13 1 0 4 8 25 30 27 15 6 24 4 27 8 24 25 22 19 30 30 30 1 29 30 20 2 0 8 11 30 19 22 3 21 14 28 20 2 12 22 18 24 27 17 20 13 1 12 28 19 2 20 4 8 19 24 14 22 
21 17 15 10 3 8 20 10 17 6 5 12 30 8 13 24 6 7 25 11 20 16 21 0 18 28 26 16 1 5 22 25 7 9 0 16 2 16 21 4 13 21 16 0 15 5 12 6 18 20 15 18 19 1 20 22 21 14 22 7 29 22 2 11 22 26 22 29 25 0 22 27 18 29 5 18 26 28 
19 9 0 3 13 16 14 4 0 24 20 8 17 6 11 0 18 27 24 10 25 4 28 12 12 8 8 20 14 9 11 17 26 5 28 0 24 3 19 8 20 30 23 30 14 24 1 26 20 28 9 20 20 7 5 26 2 20 2 1 1 12 0 14 12 27 25 17 0 8 9 28 8 20 6 29 20 13 
29 26 10 13 4 27 3 29 27 30 25 30 9 17 0 25 6 25 15 7 27 4 1 30 26 2 2 11 25 18 10 10 20 1 20 5 22 17 30 30 0 16 7 18 19 24 14 14 12 24 19 19 10 7 21 18 6 18 11 28 0 9 19 9 15 23 29 5 21 17 27 0 15 23 25 27 28 22 
26 17 9 10 14 7 25 3 26 26 29 29 20 8 22 30 25 10 2 11 15 11 29 8 1 28 20 27 12 13 3 16 16 5 16 22 13 25 18 23 22 2 30 28 0 0 24 3 13 19 11 16 1 4 16 1 6 18 8 22 29 17 4 13 17 14 27 5 19 4 11 23 5 28 1 24 1 11 
2 6 8 18 24 20 14 8 2 9 14 0 10 2 9 24 13 29 1 29 20 13 3 3 29 20 29 10 17 28 6 3 24 13 26 7 15 26 21 0 9 3 17 9 24 25 23 6 12 3 29 22 2 0 12 5 21 29 28 16 26 28 14 23 9 13 19 27 6 10 30 30 30 30 22 15 7 18 
5 5 4 12 16 20 30 9 13 27 22 18 15 24 24 29 28 6 7 24 30 11 5 28 18 16 12 25 4 30 8 14 18 6 29 14 2 18 5 21 25 23 3 2 19 7 24 19 1 24 18 0 21 22 0 14 11 28 13 5 9 9 6 23 10 30 15 1 20 17 1 3 1 1 18 6 0 30 
7 19 25 10 22 27 9 13 9 16 14 3 26 0 11 12 11 10 18 23 5 16 15 19 0 5 24 28 7 6 25 3 13 30 18 5 23 18 9 12 27 14 1 3 2 20 7 7 16 24 29 14 20 25 15 0 25 7 22 26 0 30 7 8 27 16 3 21 25 2 22 7 27 28 2 30 6 6 
18 16 17 28 7 4 2 13 14 10 26 14 15 29 12 13 13 29 0 13 16 5 3 20 16 3 23 22 6 14 28 10 3 20 26 30 9 16 21 30 18 4 19 22 4 27 11 9 20 14 30 4 28 15 28 30 11 1 9 11 13 13 0 16 1 4 16 2 20 12 10 13 29 25 14 14 24 8 
25 8 21 20 29 26 18 3 23 13 22 27 7 14 5 8 5 8 7 6 23 29 15 30 8 6 1 3 9 9 5 12 28 6 17 29 6 28 8 10 26 24 7 8 23 1 15 0 0 1 1 8 6 0 21 29 9 18 17 13 10 18 29 8 12 19 19 15 13 19 6 4 13 3 9 18 9 10 
1 29 1 27 14 24 1 11 23 6 0 13 12 20 13 8 18 12 5 5 28 25 2 29 14 24 28 6 14 16 21 22 12 29 12 4 27 17 26 3 4 30 30 7 6 8 22 25 23 15 20 27 8 11 12 20 14 20 15 20 30 13 11 26 3 18 9 16 24 29 15 26 2 24 15 6 24 16 
8 13 13 20 25 25 15 3 21 16 25 1 11 2 23 25 0 23 23 25 13 10 28 16 16 19 15 27 5 9 4 27 9 23 2 1 2 2 23 8 1 18 27 14 13 28 8 18 13 26 20 22 2 0 6 23 28 20 4 4 16 19 10 5 8 20 13 20 27 18 0 3 26 28 1 0 28 18 
3 30 19 29 18 23 28 6 14 14 19 16 29 23 0 11 0 22 11 6 21 2 15 14 21 14 5 27 20 16 9 7 23 28 9 7 1 29 29 18 8 16 30 13 12 21 1 22 5 28 16 12 18 8 9 20 29 19 25 4 18 20 24 3 8 23 24 10 26 11 3 14 28 28 1 0 28 22 
18 15 14 22 16 22 14 19 14 16 19 4 26 20 26 24 11 16 6 13 19 30 9 26 20 5 4 4 0 2 6 20 14 21 3 29 16 29 30 17 22 12 13 26 27 10 26 11 24 27 17 6 24 19 7 23 5 1 0 30 15 10 8 12 16 17 26 9 20 17 24 23 8 27 27 19 29 5 
11 24 16 25 20 17 20 27 5 27 17 7 23 24 13 5 26 26 10 10 9 29 15 15 13 25 29 12 23 22 17 19 19 6 15 13 17 0 13 7 8 4 26 24 19 29 8 12 24 11 2 22 10 17 6 20 29 0 25 0 20 13 26 0 29 6 11 16 29 14 1 10 29 20 20 4 11 10 
21 28 19 26 4 0 22 2 26 10 13 7 0 28 28 19 19 9 18 30 7 1 1 24 9 17 7 17 1 21 26 25 24 17 6 3 7 7 6 7 11 21 6 15 26 6 25 30 1 2 2 17 30 18 27 23 19 0 12 6 0 0 30 14 28 2 11 3 28 14 2 20 12 22 6 1 4 7 
30 17 17 11 16 17 11 18 6 16 24 16 18 9 18 28 21 30 21 28 6 16 7 18 4 13 10 3 26 15 26 5 19 0 21 11 6 10 18 2 6 19 29 8 24 5 4 11 13 13 12 16 23 9 13 12 16 19 24 0 5 29 19 8 14 15 8 27 14 26 21 15 0 25 23 24 4 11 
14 25 13 17 14 9 30 30 5 24 21 30 5 9 29 3 12 22 3 17 1 16 21 15 24 5 13 3 29 24 6 8 17 21 12 20 20 19 14 2 0 15 15 24 17 8 17 15 25 12 17 23 2 14 25 17 11 12 7 5 11 27 22 2 12 3 29 1 8 6 10 28 3 20 8 23 30 10 
15 9 10 26 8 11 22 26 25 25 6 12 14 11 10 15 13 28 19 20 18 28 23 11 29 13 15 5 24 8 30 29 29 28 3 21 11 5 9 30 29 1 10 29 10 0 4 24 29 7 11 16 10 9 6 2 15 13 25 1 21 21 2 19 13 22 16 11 26 1 20 21 9 28 28 26 13 8 
2 2 1 5 21 16 0 2 6 29 10 9 2 13 6 23 22 5 11 9 27 4 17 2 29 6 12 20 11 5 4 5 23 20 22 25 3 13 28 21 6 5 6 13 3 0 8 30 27 20 21 26 30 28 15 23 18 23 5 26 11 19 27 25 23 28 30 0 10 6 22 28 26 30 24 26 30 17 
23 23 3 15 12 5 15 15 3 24 25 9 15 30 18 24 2 3 17 17 22 1 28 11 25 3 22 15 8 0 8 22 3 8 7 28 3 22 24 5 29 30 25 27 10 8 12 8 1 1 27 30 14 1 1 19 16 21 21 12 2 26 18 6 0 4 20 15 25 0 13 6 29 23 18 9 25 10 
