11
26 6 3 19 15 1 2 12 1 12 19 27 22 25 26 7 17 29 15 21 7 0 15 25 2 12 28 1 8 3 4 1 7 12 16 28 27 28 25 24 18 12 1 25 10 10 21 9 27 5 14 7 5 27 15 23 8 17 21 13 14 0 25 29 15 20 9 15 3 11 20 1 16 23 26 10 25 6 
17 9 23 20 8 5 29 3 1 24 30 23 11 4 23 3 29 21 12 21 30 19 25 14 2 2 22 12 12 7 1 8 10 27 20 1 16 6 17 1 27 10 23 5 8 28 4 7 0 20 2 12 17 19 14 4 15 25 0 21 10 13 17 4 30 3 22 20 15 16 4 30 21 10 25 18 19 17 
26 22 30 7 1 7 2 21 30 0 26 12 26 22 10 5 12 8 13 28 4 10 22 20 6 9 23 22 15 28 27 5 2 2 5 5 17 13 15 25 2 25 14 18 15 28 13 8 19 0 0 14 29 25 2 26 13 13 1 29 15 18 7 5 7 25 20 18 28 1 12 22 20 18 12 9 17 11 
4 0 16 13 8 18 4 4 25 17 0 27 6 20 30 14 26 20 4 22 25 22 23 28 26 3 2 21 27 6 20 7 12 19 29 30 30 26 1 20 24 29 19 2 11 29 6 23 25 10 18 30 17 7 19 25 17 22 23 28 22 26 16 5 30 6 30 29 5 12 5 17 24 16 8 6 19 12 
1 7 19 15 21 15 16 1 24 1 23 15 30 12 2 15 9 7 18 29 30 25 12 10 25 13 23 6 6 5 22 9 0 8 21 4 2 13 13 26 0 6 4 15 16 20 28 14 3 27 0 23 5 17 11 23 27 1 10 25 3 1 27 18 3 16 28 6 10 16 4 4 9 10 12 0 10 28 
29 23 26 16 20 5 29 9 13 6 25 5 30 28 13 27 8 10 24 3 18 6 13 9 23 18 1 28 29 0 22 13 0 18 19 16 27 27 11 16 6 0 12 1 16 5 1 1 26 21 25 26 18 30 9 26 10 15 6 4 12 29 6 25 22 23 0 2 6 13 1 26 20 30 20 26 2 5 
25 4 12 23 12 29 18 19 4 15 3 30 5 21 24 9 7 19 24 27 25 26 14 26 13 9 7 4 16 2 12 28 14 11 14 1 1 3 11 2 27 1 12 26 13 0 11 17 1 25 27 26 0 11 22 19 9 17 7 9 28 21 6 29 18 28 26 24 11 30 11 30 9 11 20 21 8 29 
15 21 24 8 18 3 26 17 8 11 3 9 2 4 10 5 22 28 11 30 4 10 12 28 3 23 5 19 26 10 6 20 26 12 25 7 3 3 23 5 9 0 13 14 0 3 9 22 13 4 16 19 26 2 16 15 30 19 5 5 26 24 28 22 10 21 7 28 21 21 28 16 22 22 13 29 18 22 
10 13 14 4 7 17 15 7 8 18 14 10 11 11 30 16 28 2 0 24 20 14 25 22 30 16 18 21 9 25 22 14 0 30 22 7 3 11 3 18 21 26 12 5 7 27 28 23 16 17 14 5 15 18 21 8 2 12 6 1 10 14 3 28 6 19 4 12 21 24 9 15 1 17 15 19 21 23 
2 15 24 21 7 2 15 0 12 15 5 3 16 9 23 6 10 16 25 17 20 6 9 1 28 14 14 27 10 17 29 22 4 5 13 2 17 11 2 25 26 16 12 11 11 4 10 16 30 7 16 18 22 14 29 5 28 25 11 29 1 16 27 5 22 19 24 18 30 27 7 5 9 6 12 18 12 14 
23 1 22 10 28 26 29 1 26 22 18 16 10 5 24 12 14 6 27 23 24 27 10 1 23 12 29 23 21 4 4 12 14 14 25 21 5 11 28 0 1 1 21 26 4 7 6 23 5 10 11 13 14 28 10 15 8 23 16 20 2 18 15 29 13 19 26 15 21 16 18 3 22 22 1 25 0 20 
0 23 1 3 20 7 22 23 16 14 2 10 0 15 7 28 14 18 25 3 27 19 21 7 0 17 30 21 27 24 27 4 25 1 15 6 17 25 5 0 12 7 9 11 20 3 16 29 7 26 0 18 26 30 10 17 3 11 13 26 23 12 19 21 20 0 14 1 14 15 0 2 3 10 6 8 28 3 
3 2 8 0 9 27 6 2 7 1 7 3 6 29 28 8 19 9 0 3 15 26 23 17 13 26 6 13 23 26 6 16 2 2 9 13 10 26 28 3 29 7 30 25 25 20 17 7 26 1 23 11 2 21 19 1 1 7 27 8 22 25 7 9 26 3 15 3 1 13 10 0 4 10 13 1 15 16 
7 21 7 19 15 23 13 18 24 26 28 17 3 12 14 28 4 24 22 7 11 12 19 16 22 20 27 25 16 11 30 23 11 29 20 25 25 16 21 30 4 26 9 30 2 22 24 26 1 10 18 10 22 4 23 23 5 10 24 4 26 8 14 27 23 22 10 25 22 19 27 29 9 25 25 28 6 27 
22 3 16 12 11 7 0 8 5 12 14 3 23 8 14 8 26 4 13 12 2 1 18 9 25 6 25 24 28 8 12 11 10 12 28 10 6 0 5 8 17 9 29 27 4 0 21 29 29 26 6 18 1 6 23 12 15 27 29 6 26 13 20 22 7 28 20 26 16 20 15 2 11 7 9 10 2 10 
18 3 29 15 6 14 10 3 3 1 30 0 21 20 19 11 29 18 12 18 3 25 28 28 21 25 28 23 29 26 7 0 21 22 12 1 26 21 14 14 16 20 16 17 5 9 24 27 19 25 17 26 26 2 6 10 7 9 22 5 9 5 12 27 29 8 22 26 23 7 21 2 9 30 0 15 20 13 
8 18 16 28 18 5 6 29 1 25 27 4 14 2 26 17 24 19 14 17 27 6 29 13 25 26 9 12 11 22 27 26 0 27 8 21 0 14 28 25 14 1 29 16 16 27 25 14 18 17 9 11 9 11 21 12 18 9 1 6 3 7 27 0 6 23 23 1 4 3 16 13 1 28 10 25 8 20 
19 6 9 3 2 20 20 17 14 24 7 9 15 0 10 22 25 16 9 17 26 18 12 25 7 28 15 26 18 4 27 28 3 1 20 24 2 12 28 29 25 18 13 15 20 25 24 12 12 24 8 26 7 20 23 14 25 9 13 17 24 8 14 29 0 18 24 3 28 9 1 8 21 2 22 26 26 1 
2 21 21 23 6 10 20 6 24 7 0 23 29 27 27 0 23 26 26 10 22 4 0 18 29 21 17 25 14 10 3 1 4 20 16 3 11 10 28 4 29 24 21 3 13 22 25 19 29 4 8 8 5 26 2 24 15 18 1 27 23 21 4 26 3 27 29 15 19 29 28 19 18 24 27 24 2 25 
7 27 27 7 15 0 18 16 30 9 6 1 17 6 6 15 15 7 14 18 23 14 9 2 23 18 6 5 12 12 20 24 12 7 17 13 25 25 8 22 19 5 9 15 3 4 18 9 6 23 3 30 4 3 24 28 2 27 15 21 28 11 14 25 24 23 26 5 11 12 6 2 23 8 23 8 29 8 
5 1 26 24 27 1 1 25 20 24 17 9 16 23 12 16 11 11 18 20 6 17 8 25 13 4 22 27 15 20 14 1 14 10 18 10 16 27 20 28 20 22 1 2 11 18 23 20 8 11 17 16 12 1 26 25 20 19 6 14 9 5 23 24 12 24 30 13 30 5 17 26 22 17 29 21 25 22 
19 10 9 7 12 7 16 23 28 14 21 30 27 2 21 18 6 28 24 26 0 6 22 8 30 5 16 23 14 9 4 7 28 0 3 30 29 0 25 10 18 4 13 27 27 17 25 25 30 4 29 15 18 13 15 27 0 27 23 16 3 10 2 11 4 28 8 14 5 26 22 5 4 8 11 25 19 28 
