9
7 16 26 23 24 21 2 17 1 23 27 7 15 30 17 5 12 14 8 9 1 16 0 11 16 7 8 14 26 12 23 30 1 28 7 28 15 30 29 13 20 20 27 21 6 10 28 2 28 9 19 8 17 22 11 
0 26 14 2 1 21 20 15 1 16 14 29 7 5 18 26 6 30 6 17 2 1 29 0 22 22 7 0 1 27 6 8 28 17 13 1 8 9 18 1 18 17 23 2 1 26 24 10 17 26 17 8 23 2 22 
8 16 22 2 15 7 23 30 24 5 2 16 1 13 21 13 2 24 7 20 9 1 1 14 2 15 1 28 13 28 19 17 30 1 5 2 11 5 1 5 25 0 7 20 22 30 1 29 20 25 3 24 17 29 6 
11 30 27 11 18 13 15 7 3 1 15 6 4 4 3 14 1 11 16 22 4 11 15 26 8 14 7 9 28 8 26 6 22 9 11 25 26 12 4 5 14 17 0 10 5 9 1 25 0 15 22 13 20 25 12 
16 26 14 22 25 27 14 9 29 4 11 20 0 3 5 15 17 19 19 29 26 17 26 11 20 19 30 2 28 2 14 27 18 9 4 23 3 19 29 10 15 20 0 16 2 20 4 23 6 15 22 0 25 9 14 
26 18 8 30 26 22 26 19 29 23 29 26 27 9 10 10 22 30 17 19 8 7 23 28 14 14 21 14 19 9 0 23 17 0 1 19 28 2 27 27 5 26 27 21 15 24 28 24 14 6 28 21 2 25 19 
30 2 27 23 25 18 20 11 10 30 10 8 25 30 10 30 11 24 23 22 25 5 12 28 9 12 24 5 22 24 19 29 9 10 4 14 22 23 17 3 2 4 20 21 17 20 23 4 2 28 13 25 8 30 21 
23 10 29 17 28 30 10 22 22 8 5 22 18 11 7 22 9 17 22 26 14 5 18 7 12 26 20 12 25 22 14 17 21 1 6 16 12 2 20 4 24 24 23 17 8 3 13 14 21 3 12 10 30 5 13 
3 28 29 14 3 27 11 1 18 18 19 23 1 28 9 1 30 5 20 20 14 28 14 13 5 1 29 21 19 20 3 28 27 5 18 27 9 25 19 14 6 25 6 5 2 24 23 3 4 5 29 23 12 18 20 
21 16 18 23 6 9 10 24 14 9 9 16 24 29 2 14 5 22 13 18 30 5 4 2 26 3 23 13 16 27 11 17 30 29 17 10 19 1 3 2 30 26 7 27 22 29 3 7 3 28 25 2 19 12 25 
18 2 18 18 16 4 16 24 7 0 8 27 23 30 24 15 10 13 8 5 17 16 28 18 15 24 2 23 25 18 27 22 19 24 16 14 30 10 18 21 26 24 11 10 4 18 17 30 0 20 22 0 19 5 19 
10 4 4 24 6 25 8 29 8 21 12 30 11 6 25 26 9 5 20 23 17 11 18 3 2 7 15 29 3 9 19 9 0 15 14 12 4 15 4 11 12 19 4 11 20 30 20 13 11 1 3 6 15 24 29 
20 15 1 10 18 23 7 15 10 9 22 24 4 8 20 21 26 13 22 3 27 7 29 27 14 7 27 1 16 9 6 15 17 23 8 30 13 1 29 7 4 30 3 13 2 20 30 12 27 25 1 4 14 10 3 
18 11 15 18 30 29 15 19 30 3 0 26 1 3 7 18 5 22 24 3 29 21 14 29 7 16 20 8 8 2 12 30 28 27 20 16 12 27 7 20 19 18 7 0 25 25 9 13 13 10 27 23 30 17 18 
13 20 21 25 14 12 29 0 2 7 10 15 23 18 28 19 3 19 7 5 25 4 22 16 30 5 19 28 2 3 13 11 19 9 27 4 30 3 29 5 25 15 24 17 3 9 4 18 8 0 10 3 10 2 25 
29 6 20 5 22 11 17 24 17 26 14 29 12 27 30 21 8 22 26 13 5 5 29 19 2 1 3 18 29 26 26 25 0 15 26 5 2 30 30 8 19 28 28 0 1 3 17 8 20 14 4 16 10 20 19 
27 30 6 9 29 15 11 1 0 26 19 22 30 10 10 15 1 6 5 16 13 23 8 20 9 14 9 19 22 21 6 3 26 25 13 0 17 6 5 22 0 6 19 16 11 26 0 18 10 23 30 7 15 16 0 
6 29 30 11 10 10 2 17 6 20 15 21 29 24 1 0 27 26 3 21 24 10 25 4 10 15 20 11 5 0 21 21 21 28 4 21 2 6 6 0 0 9 1 17 17 24 21 3 14 4 26 10 17 2 25 
