9
23 15 25 11 23 5 10 17 7 21 29 23 25 25 3 21 11 4 18 11 26 24 29 20 24 27 24 3 20 19 13 14 7 5 27 1 5 5 14 30 24 18 30 1 25 6 14 19 10 22 9 0 13 30 17 
8 24 24 7 30 6 17 21 2 1 10 6 12 9 20 6 19 15 26 0 20 1 17 17 26 2 20 18 6 2 14 27 26 10 4 4 12 24 15 19 3 9 2 11 13 14 5 11 25 25 17 25 23 19 9 
20 4 0 21 21 16 12 8 2 12 5 23 30 23 14 1 15 22 5 9 20 14 26 11 3 20 0 7 11 28 8 18 8 1 30 20 2 16 24 29 8 9 8 7 2 19 22 20 20 22 3 7 25 26 14 
7 2 7 15 5 7 19 2 12 9 30 25 11 5 1 13 15 25 14 20 25 26 10 11 0 4 24 2 22 10 30 11 13 20 6 21 3 4 9 14 9 10 10 12 10 9 19 27 21 25 19 19 25 12 21 
11 0 25 12 27 11 20 0 8 17 28 24 19 5 21 29 11 15 0 2 16 1 22 24 27 0 30 22 11 2 20 18 12 17 23 4 23 22 3 20 27 5 29 8 28 19 28 21 15 14 28 15 24 8 3 
28 16 2 0 25 1 7 3 7 6 4 8 30 30 7 11 23 3 23 14 6 7 19 16 1 6 17 28 15 10 22 6 0 8 21 27 24 0 16 0 6 4 8 30 3 14 14 8 7 30 7 10 16 16 6 
21 18 29 16 11 14 26 22 23 27 16 15 14 25 5 28 2 23 7 9 14 12 13 12 26 23 10 21 4 17 13 5 29 28 25 28 5 3 25 14 23 17 1 23 18 20 10 9 15 30 27 15 16 11 29 
16 21 0 25 26 23 26 22 26 21 20 26 15 7 26 9 22 15 21 23 23 6 5 4 8 15 4 4 0 14 3 18 6 22 21 28 4 2 26 13 19 18 1 21 2 23 18 17 9 11 19 15 0 22 22 
12 2 13 11 15 7 16 11 30 25 18 15 0 19 30 27 5 13 25 17 2 23 26 26 2 14 25 25 8 18 21 12 9 6 24 3 21 17 21 22 11 24 27 21 18 13 15 2 17 28 24 14 2 27 8 
30 24 20 5 25 2 25 29 1 1 17 18 25 12 29 28 4 29 30 18 9 22 11 14 12 13 9 11 20 8 17 9 24 14 0 16 6 27 2 10 2 22 23 29 23 27 2 25 28 21 18 11 12 28 15 
25 9 8 4 1 23 15 2 0 11 28 28 9 11 26 16 1 12 24 29 5 7 23 21 1 10 5 5 4 3 10 22 10 14 17 9 3 19 2 12 26 27 30 25 29 0 18 15 29 11 12 27 12 7 16 
1 4 15 7 27 20 10 16 13 4 5 19 28 23 4 3 18 1 8 21 27 11 23 17 11 3 23 25 12 2 18 5 24 15 20 0 6 16 3 24 23 23 5 24 18 4 13 20 10 11 27 19 30 6 16 
9 22 2 2 8 14 30 24 8 26 29 7 26 30 22 18 17 4 5 17 10 2 23 19 23 17 17 17 21 26 11 28 27 13 13 5 0 20 30 26 15 15 27 8 14 24 15 25 3 17 28 23 9 24 23 
0 10 7 2 25 16 5 13 8 20 20 9 27 15 30 3 23 12 7 25 16 21 3 13 29 23 3 16 6 12 0 26 26 28 5 10 6 27 2 20 9 21 20 23 13 24 22 2 28 13 3 27 16 6 8 
5 16 6 12 22 27 25 24 24 29 20 14 28 30 4 4 20 18 26 15 1 29 23 6 7 0 19 19 20 12 2 22 26 29 19 25 15 19 27 22 20 26 10 28 2 8 19 21 16 8 30 5 0 5 3 
20 21 19 3 1 10 0 3 11 19 29 22 27 16 7 13 15 23 17 20 5 21 11 12 11 15 29 27 11 18 4 30 29 22 9 14 20 28 23 13 24 14 5 12 28 18 2 7 4 15 1 19 8 16 10 
9 19 4 19 6 14 2 14 25 29 21 27 30 21 21 26 15 4 22 16 5 30 25 19 25 2 11 14 18 21 12 30 27 12 2 24 11 28 6 28 14 23 10 17 25 15 4 3 7 5 2 1 9 19 19 
18 1 7 23 14 1 10 24 11 18 0 19 21 21 28 27 15 6 17 6 24 18 23 30 13 26 28 11 7 12 20 23 1 14 4 18 30 25 23 13 24 2 9 25 0 9 21 30 9 25 18 30 13 27 6 
