9
18 0 12 24 25 4 27 30 2 13 19 20 6 21 26 11 4 26 13 16 11 26 4 7 18 28 14 26 4 2 5 6 11 2 10 29 17 5 20 20 29 10 18 0 28 13 14 9 24 2 25 4 20 7 7 
6 27 0 5 11 15 3 19 2 8 18 10 24 2 10 15 7 8 21 15 20 21 5 0 21 23 9 12 17 11 20 1 3 11 19 20 1 27 5 19 0 12 12 5 1 2 27 23 28 13 7 23 0 11 10 
12 27 24 7 0 3 11 12 10 6 16 13 4 4 11 29 13 22 8 28 6 6 0 16 9 5 0 28 28 20 1 16 21 20 24 7 27 5 4 17 6 0 13 23 9 7 11 30 23 2 16 16 12 6 17 
20 28 4 15 14 25 7 11 2 14 7 19 27 8 10 18 6 10 8 21 19 28 13 7 3 8 21 1 25 23 8 23 20 28 4 16 4 24 30 14 26 11 0 4 26 9 30 21 9 14 7 9 9 30 28 
13 14 8 15 19 2 19 7 24 12 18 19 26 0 22 23 5 17 28 20 23 1 29 4 8 18 20 10 14 2 6 19 9 11 20 25 5 11 0 30 3 18 29 20 4 27 12 29 20 5 16 24 0 9 28 
27 27 3 11 7 1 14 28 1 16 4 12 25 4 28 6 22 24 7 27 15 26 19 22 2 1 9 2 30 6 19 8 23 6 10 1 20 27 11 8 24 1 17 6 6 28 19 4 4 19 13 9 30 5 4 
23 22 23 22 19 5 7 12 18 14 17 3 5 7 17 27 4 20 22 11 19 11 18 11 3 5 9 23 16 21 27 3 26 0 17 19 20 28 23 13 12 0 4 3 24 4 21 3 1 24 1 0 19 9 29 
2 9 16 6 10 15 10 29 28 0 4 22 9 13 0 24 4 14 2 18 26 12 28 23 13 25 13 19 3 27 14 7 11 29 20 13 1 1 4 0 15 6 3 7 26 1 10 6 14 20 13 23 25 20 21 
28 0 17 26 15 20 7 12 14 28 0 11 16 8 28 3 20 0 14 25 15 3 24 18 9 9 23 18 19 22 24 3 5 12 10 25 4 4 6 14 5 7 29 27 29 22 3 15 13 8 18 22 2 13 17 
0 30 11 25 5 1 6 20 19 22 17 28 8 21 15 22 19 9 0 22 10 30 3 17 1 16 9 19 17 18 17 20 19 12 0 29 25 6 17 15 6 30 25 26 8 9 16 17 4 5 30 29 3 3 15 
14 8 15 12 10 23 25 18 0 19 18 2 9 2 15 17 18 18 16 3 18 12 5 20 16 17 19 30 25 4 14 19 17 2 2 23 1 14 27 15 9 2 25 18 12 5 12 14 1 11 28 17 26 13 15 
12 5 0 6 19 28 19 13 24 3 28 14 23 10 27 20 4 26 16 12 18 5 25 13 0 30 13 18 29 15 14 11 25 4 19 27 6 18 21 24 9 29 17 15 24 22 9 17 21 16 19 2 0 22 3 
11 0 5 20 7 20 27 13 1 6 2 22 18 20 23 19 6 30 28 30 25 4 17 16 8 7 6 21 27 29 27 18 12 6 6 24 0 6 16 23 11 19 26 17 3 1 25 16 21 26 16 9 27 12 26 
26 25 11 14 23 18 28 22 13 10 18 21 6 15 25 2 10 23 12 3 11 5 30 6 12 8 1 7 17 23 27 0 3 9 4 18 2 8 26 12 3 15 22 12 27 25 8 7 13 5 26 11 12 16 18 
12 24 4 5 4 23 20 16 0 22 16 22 9 1 22 13 4 21 5 0 23 9 3 6 16 10 13 21 16 12 3 2 10 23 25 3 8 19 29 15 17 27 8 24 5 15 24 18 28 0 16 19 0 9 24 
17 3 4 13 28 28 6 1 19 0 30 29 1 19 6 26 24 30 6 0 3 20 20 4 4 9 17 18 12 12 12 29 22 4 0 29 22 11 20 1 25 5 17 8 1 6 12 0 6 25 21 16 0 22 30 
14 22 30 26 18 0 1 28 2 3 10 3 2 1 3 2 27 0 29 7 19 19 3 25 4 0 3 9 7 22 25 28 14 17 11 18 19 16 29 26 9 17 9 23 28 10 9 16 6 19 16 7 0 0 27 
22 17 5 13 8 22 17 14 3 18 29 23 7 3 10 10 6 16 5 6 5 14 11 12 18 21 5 7 12 21 6 10 21 10 1 3 30 22 18 18 24 13 14 21 27 24 17 27 2 4 24 6 16 22 10 
