10
3 30 3 8 19 28 16 30 18 3 15 26 23 26 27 2 26 3 17 18 5 3 12 10 28 5 13 27 21 4 22 2 0 9 21 16 26 12 23 27 8 3 30 4 29 21 17 22 28 20 7 8 4 11 15 15 25 8 3 23 4 17 0 30 3 2 
26 5 24 9 16 9 30 19 3 22 27 0 19 7 28 0 7 1 22 21 25 3 16 17 18 23 1 17 23 3 10 20 26 22 20 7 12 11 3 2 26 9 27 2 4 11 12 28 10 4 17 2 16 6 23 5 0 27 30 27 12 29 8 14 15 23 
16 29 11 24 21 29 20 17 20 20 0 21 9 7 16 7 6 24 23 7 13 9 25 27 5 7 15 25 18 17 30 23 0 19 4 13 1 2 11 14 16 1 14 18 20 27 5 17 5 13 23 11 4 27 0 0 25 5 25 10 1 10 19 28 1 1 
25 3 22 26 13 3 2 10 22 21 10 20 16 4 15 29 4 5 0 25 30 18 6 15 20 10 28 10 13 7 0 4 11 24 27 14 17 28 7 15 0 19 30 15 18 28 2 1 16 6 17 5 21 20 28 5 4 15 20 11 8 26 13 22 11 12 
19 27 29 20 11 13 25 18 24 18 0 23 21 8 2 23 21 11 14 1 27 3 29 14 7 22 22 23 24 21 12 3 0 29 8 29 16 2 21 0 28 18 20 13 12 20 4 28 14 15 1 24 25 14 16 7 27 1 2 29 20 19 27 18 4 14 
20 21 4 4 5 1 26 26 4 17 21 10 18 17 3 28 22 0 5 13 17 22 11 2 24 30 7 14 9 9 0 10 25 24 16 1 19 9 27 4 11 5 15 25 14 25 7 26 24 4 30 26 28 4 11 30 9 20 19 27 25 5 15 24 14 25 
7 15 19 13 22 27 26 9 8 1 15 7 3 3 11 30 15 24 7 18 18 7 26 1 11 25 2 10 17 12 3 7 29 22 25 26 27 5 2 18 24 21 19 3 20 6 7 26 14 16 14 23 29 19 12 6 25 28 6 28 21 20 8 8 1 17 
20 24 30 20 10 0 22 26 14 26 11 4 19 26 1 1 13 18 27 28 7 20 29 22 29 19 22 22 25 21 2 2 13 11 29 21 26 3 4 3 25 14 8 6 7 13 27 22 20 6 24 0 3 21 25 2 21 21 21 13 25 28 5 11 12 11 
19 10 26 2 13 22 7 3 12 25 15 20 11 18 16 20 28 10 23 3 3 27 14 3 24 2 7 11 22 10 30 27 30 23 29 11 28 6 4 5 29 13 9 25 21 10 23 2 29 28 23 23 8 7 10 22 6 21 23 29 20 21 9 26 10 6 
30 18 20 14 28 7 1 3 21 26 27 4 9 12 4 10 16 11 18 30 28 17 19 10 12 19 17 13 6 18 5 27 2 4 0 16 4 24 30 24 0 9 28 21 3 10 10 0 0 9 7 0 11 19 28 5 27 10 22 19 2 7 3 19 28 7 
14 17 5 3 4 7 7 13 10 23 26 12 14 15 28 26 19 12 3 21 5 9 16 21 13 28 11 27 27 22 25 28 29 16 1 13 16 28 3 10 4 9 21 16 19 3 24 1 0 10 2 28 14 23 1 11 16 11 23 14 4 6 29 11 28 23 
17 12 28 22 27 30 9 10 22 3 8 20 13 20 20 7 19 5 14 5 7 19 16 23 11 10 29 26 27 24 30 18 2 28 4 10 25 17 14 21 17 11 25 15 17 4 14 30 28 27 30 8 6 5 29 12 29 12 11 30 7 17 20 24 2 13 
15 27 8 0 11 30 8 10 3 4 24 25 16 4 19 9 29 12 14 14 28 12 3 24 10 18 26 17 11 2 8 25 19 2 5 4 13 5 9 5 30 20 23 20 11 11 23 14 6 5 16 29 27 30 7 24 13 4 13 1 29 12 27 6 29 29 
2 6 2 29 22 29 13 28 28 0 18 14 18 10 13 3 2 8 15 21 17 12 5 14 6 30 11 11 0 7 9 25 4 17 20 18 20 17 2 20 11 2 17 30 10 3 21 2 21 2 25 15 22 10 22 19 0 2 10 6 3 16 28 6 30 28 
4 2 29 15 13 16 25 29 1 12 7 9 6 5 4 6 6 18 18 8 5 24 19 15 19 15 21 7 7 17 29 18 28 22 6 17 4 6 1 14 11 21 26 13 29 18 29 3 12 21 25 1 21 13 1 9 2 2 5 18 0 2 18 21 14 22 
12 9 27 27 5 8 21 30 7 1 2 26 15 14 5 23 9 7 26 3 16 24 3 19 26 19 17 12 13 4 3 20 12 23 4 18 8 9 21 2 13 25 27 15 27 17 16 18 2 30 13 26 15 8 21 24 8 1 25 19 19 16 13 18 0 14 
16 22 23 13 6 1 19 8 4 0 13 16 3 25 26 16 18 11 10 8 19 24 1 11 1 12 28 30 10 2 26 4 23 30 21 9 0 13 26 14 8 30 13 12 10 27 19 26 9 24 11 5 12 12 5 26 4 19 4 10 29 25 18 29 8 23 
24 22 10 20 13 16 23 4 1 22 27 6 18 28 7 29 0 16 29 19 3 10 29 26 10 24 30 9 28 25 20 25 16 5 7 11 3 8 16 10 15 19 26 18 13 20 9 6 19 3 26 21 29 12 30 14 16 22 0 9 1 13 8 7 29 26 
21 11 15 25 24 27 5 5 7 25 27 23 0 23 30 24 26 13 13 7 21 3 9 27 8 26 25 1 25 17 14 29 22 27 30 0 2 15 30 22 27 2 7 0 28 25 0 29 14 7 0 25 3 20 18 29 27 24 19 15 19 4 25 23 9 1 
23 14 10 4 7 25 15 12 23 7 25 17 28 26 25 17 15 21 19 14 18 15 0 19 12 25 13 18 2 5 0 30 14 8 29 4 25 21 1 9 29 1 15 28 11 25 13 19 6 13 15 0 5 29 26 8 11 2 28 30 8 5 14 24 29 17 
