10
17 26 23 10 7 18 22 30 3 30 10 23 9 25 1 7 21 21 16 18 0 26 10 13 13 5 4 14 12 25 7 28 16 24 25 24 8 27 27 13 16 13 18 28 8 29 30 9 2 17 22 26 21 1 19 10 13 19 16 21 17 25 20 15 14 25 
1 19 20 13 4 24 29 16 1 19 23 18 21 4 15 2 19 27 6 5 28 24 5 15 18 7 29 0 27 4 17 29 17 15 24 21 26 24 0 17 1 21 27 8 0 30 17 18 23 4 11 4 17 2 8 30 17 16 18 1 3 9 26 8 24 15 
19 21 23 6 9 3 16 4 19 16 6 18 8 23 0 27 26 26 13 26 28 8 30 3 28 29 20 29 2 9 1 16 20 4 27 11 23 1 16 7 8 19 9 13 9 16 9 3 18 18 28 27 9 6 14 14 3 21 4 29 6 4 24 8 7 24 
29 23 26 5 25 1 18 5 20 28 19 12 11 25 9 12 7 9 21 18 30 12 25 29 28 24 24 14 11 3 19 21 17 22 1 18 2 17 3 28 17 6 12 17 8 27 1 5 11 4 24 10 18 30 24 18 16 29 7 29 5 10 3 12 28 21 
21 20 19 24 16 11 16 1 4 22 29 6 12 7 21 18 6 11 5 0 18 1 11 2 29 11 7 11 21 28 11 19 21 23 19 24 14 14 12 21 0 3 26 13 4 17 11 22 22 27 29 16 4 27 25 11 2 9 18 3 20 3 15 9 8 18 
30 6 7 2 27 29 1 1 30 8 15 28 2 2 29 30 29 3 5 4 26 20 28 6 4 6 9 6 15 19 29 25 6 1 5 0 5 6 29 2 30 15 30 5 6 6 27 19 14 5 17 9 12 14 12 22 22 7 8 21 10 7 23 4 6 25 
16 21 2 23 20 25 22 10 3 0 16 8 4 17 4 18 12 6 21 26 11 29 14 30 2 26 0 13 26 3 30 25 11 23 27 28 15 6 24 14 9 16 11 25 20 27 28 15 3 6 3 17 1 17 7 0 0 2 18 15 21 18 18 11 5 9 
26 3 9 8 1 19 28 14 3 6 4 1 6 23 28 6 30 17 27 1 4 30 1 16 15 4 7 0 1 18 4 10 30 1 30 7 11 9 23 3 12 9 9 6 9 18 19 11 22 10 3 9 15 18 3 1 26 13 6 11 8 13 13 0 12 24 
20 30 30 6 26 21 23 13 1 15 27 10 6 29 25 4 14 5 28 16 24 13 21 25 27 8 24 8 5 8 12 15 28 15 21 24 18 15 21 27 0 24 21 19 18 30 21 14 16 18 26 8 8 20 9 9 20 13 24 7 0 6 13 7 11 4 
29 17 25 9 27 10 22 30 20 15 18 4 7 14 4 9 26 10 13 23 18 2 8 3 29 5 11 9 26 24 10 13 27 14 10 25 28 0 26 28 21 25 17 14 2 8 20 22 8 25 29 12 19 4 7 19 23 30 1 4 18 15 24 1 25 17 
15 30 7 18 13 19 20 3 21 15 1 8 25 3 22 16 0 8 12 20 11 3 10 12 10 24 13 1 7 12 25 26 0 1 28 7 10 9 28 17 28 13 23 2 19 6 13 9 9 19 5 27 11 18 23 13 2 8 19 28 17 3 6 20 16 21 
17 28 9 14 26 30 30 1 0 18 2 6 3 26 0 22 27 29 5 10 8 16 12 22 30 4 11 24 22 21 16 6 1 23 24 0 23 7 26 10 30 1 20 8 12 11 16 14 26 9 21 20 5 12 25 9 9 6 25 3 2 6 20 0 14 18 
14 4 17 28 15 11 28 16 9 27 15 28 21 8 23 4 27 7 18 16 13 5 22 7 25 17 11 25 10 19 2 14 10 16 2 27 20 30 15 2 9 13 6 23 13 4 21 24 14 30 30 17 15 25 26 30 21 10 21 8 6 11 10 12 8 28 
14 16 28 24 2 16 4 30 24 15 20 12 20 3 11 10 17 0 20 2 20 25 15 0 17 23 27 14 13 21 1 8 25 9 26 15 14 27 5 21 4 1 20 2 3 0 8 1 23 4 1 29 4 1 0 4 1 14 10 30 6 24 3 1 29 0 
22 2 11 23 6 11 11 26 25 20 3 12 20 14 24 12 1 7 7 29 14 25 29 10 20 5 1 27 8 0 18 19 3 13 26 26 29 11 3 9 21 23 0 4 18 6 16 6 3 25 10 6 6 29 24 23 19 18 18 7 28 14 22 21 10 24 
11 11 29 5 2 18 10 0 21 22 23 3 28 1 1 22 10 25 5 7 13 20 24 17 12 14 5 1 23 0 20 8 19 8 2 4 17 25 1 24 11 6 4 6 30 17 20 13 0 11 21 15 12 4 8 2 14 24 9 27 13 10 7 9 14 7 
28 11 17 23 26 27 3 7 26 18 13 16 17 6 20 20 24 7 6 8 1 10 24 27 1 22 7 25 9 5 6 25 14 17 5 23 27 28 6 6 17 23 17 6 11 23 22 30 6 25 24 15 2 29 0 12 20 17 27 24 19 7 22 11 10 12 
25 15 18 25 2 3 6 17 0 29 22 21 2 7 0 0 6 30 25 7 21 26 9 11 24 1 4 18 10 24 18 4 1 13 22 30 20 1 29 28 26 13 2 27 12 11 22 16 7 8 13 5 0 17 1 0 17 23 17 24 8 27 2 6 14 23 
22 15 25 2 1 6 1 2 26 19 12 5 29 16 18 20 7 9 9 29 17 23 7 5 9 1 7 8 23 28 1 16 19 23 2 7 19 13 0 29 29 10 13 7 6 29 10 12 30 12 25 8 24 20 27 18 2 22 23 6 26 21 23 13 29 22 
22 29 10 11 19 30 8 23 24 22 27 0 18 3 24 24 20 13 21 25 1 3 2 3 13 21 24 7 4 30 13 12 21 11 16 9 29 3 11 8 24 4 29 23 15 19 16 25 14 1 17 29 1 2 18 16 14 3 5 4 22 21 19 20 14 26 
