7
16 4 21 14 29 28 12 2 15 21 2 24 26 25 23 12 2 26 1 30 7 2 28 8 2 9 2 8 22 3 13 27 30 15 22 27 
16 7 14 2 7 30 11 26 23 25 23 9 24 3 7 14 21 17 27 25 25 27 28 23 2 16 29 13 11 7 27 4 9 17 23 6 
8 7 17 28 20 25 22 25 30 12 26 8 4 2 17 15 30 23 8 15 8 13 3 27 30 26 12 0 29 9 30 30 26 5 18 15 
9 16 8 23 18 1 8 3 9 27 0 18 10 23 11 3 12 29 28 13 8 24 19 13 20 0 8 24 5 23 19 7 15 23 22 20 
26 9 8 10 27 4 17 8 28 2 22 25 5 19 3 0 15 22 28 20 16 15 6 27 13 6 0 30 8 20 30 10 10 21 25 4 
3 23 30 23 3 16 11 25 10 0 16 11 22 3 12 1 20 25 1 16 30 14 14 8 25 27 18 18 13 17 12 16 10 4 6 13 
17 6 30 25 14 30 20 8 10 27 15 7 13 25 24 10 20 17 5 1 30 10 4 4 22 9 5 24 20 26 0 16 29 17 9 27 
5 2 3 30 3 20 26 4 2 1 11 4 19 26 19 25 6 12 16 18 30 18 18 12 8 2 27 4 16 2 29 25 8 29 14 13 
26 4 28 7 25 5 23 9 29 21 16 22 27 21 5 9 3 17 26 29 9 22 27 14 5 0 20 26 17 8 27 22 1 2 26 22 
3 14 19 11 1 1 5 6 17 15 1 29 20 30 2 15 18 25 24 14 30 3 6 0 28 12 22 27 25 24 22 7 7 23 29 1 
22 2 29 20 5 21 15 5 30 22 13 23 18 10 26 2 16 6 1 1 2 18 6 22 14 5 18 23 14 0 10 3 29 4 14 30 
30 7 25 21 18 22 29 23 12 11 23 0 6 20 24 11 28 0 21 21 30 28 27 24 22 14 1 2 22 12 22 30 21 27 4 29 
1 4 8 27 22 9 30 20 2 4 2 16 12 19 1 20 29 18 15 13 18 11 25 22 19 26 30 24 5 25 23 10 1 21 30 30 
23 6 25 8 19 17 16 6 25 2 21 17 2 24 2 22 26 23 30 4 8 3 15 10 7 11 30 29 18 19 3 19 8 30 17 14 
