11
23 10 23 17 15 12 8 2 1 3 5 18 5 27 15 26 17 26 20 28 23 27 25 0 6 5 13 6 4 1 1 18 11 22 14 21 6 27 28 19 22 25 20 0 30 19 5 23 14 11 28 11 24 21 16 24 21 2 16 24 10 17 21 27 26 6 22 13 29 22 26 26 4 17 5 0 6 9 
1 3 24 23 20 2 1 4 30 12 11 0 30 22 19 12 23 8 30 7 26 28 11 0 10 25 20 12 1 6 16 23 5 23 1 6 8 29 18 14 8 15 29 24 24 21 19 13 21 3 15 4 23 8 8 0 11 20 6 15 17 28 17 8 14 17 13 22 9 15 25 14 5 16 12 14 13 0 
18 13 3 25 1 20 30 6 14 17 20 2 22 7 5 3 14 1 13 13 26 13 1 22 22 4 8 9 6 21 23 23 13 30 20 10 24 12 0 23 16 12 19 5 15 7 10 4 12 23 3 16 10 9 2 30 1 23 16 23 6 13 10 1 26 4 19 24 28 24 24 0 29 5 3 10 23 3 
0 20 2 2 3 15 0 6 25 25 29 17 7 1 6 5 26 12 3 18 26 18 22 21 0 13 20 14 0 5 27 2 10 4 28 30 13 15 10 14 20 27 27 24 30 19 14 17 3 9 14 22 8 20 25 1 3 28 30 7 2 23 28 14 28 11 4 13 6 12 7 28 2 17 14 1 13 1 
17 5 2 9 12 8 21 5 3 24 12 9 0 8 19 20 26 26 23 29 18 15 17 11 24 13 7 15 8 22 16 10 12 27 12 16 19 22 1 30 21 18 22 1 12 29 9 1 17 2 23 0 23 22 15 25 20 0 27 24 27 1 17 1 3 14 13 1 6 27 23 18 0 17 4 15 18 21 
12 24 29 20 8 22 28 6 15 16 20 9 16 28 8 3 5 22 1 11 29 2 20 15 8 17 11 18 22 1 26 3 15 17 25 23 3 8 20 10 18 25 20 0 26 25 1 18 8 2 10 27 16 5 17 22 0 16 21 6 1 19 20 4 0 13 14 15 20 26 1 22 10 13 6 8 8 1 
26 30 22 14 10 6 19 14 9 25 27 4 14 5 12 6 25 2 29 26 14 10 24 10 10 30 28 0 1 14 6 17 26 16 25 13 21 5 8 17 30 20 2 25 15 18 28 25 26 1 2 18 26 3 3 1 9 28 0 24 28 14 21 10 9 30 9 18 17 0 28 18 25 14 5 13 6 26 
10 28 0 21 15 15 22 10 17 24 23 4 15 27 1 7 27 15 25 0 9 11 10 11 7 19 5 30 2 22 16 22 13 14 8 25 18 24 17 8 18 6 22 0 16 12 21 30 13 7 11 18 24 27 27 17 3 7 6 13 14 21 9 23 18 12 13 23 0 27 21 24 27 19 16 22 25 27 
12 6 4 12 9 11 8 23 22 2 9 4 21 1 7 28 1 12 15 24 13 9 19 2 29 15 13 28 0 29 7 6 25 6 14 6 22 17 18 30 9 24 13 3 5 23 28 23 14 12 30 7 11 14 29 4 13 27 26 20 11 4 19 24 14 9 27 16 12 10 27 14 28 19 14 27 19 14 
28 12 14 16 5 4 21 0 4 21 30 8 22 5 28 20 22 0 2 30 11 23 22 4 2 7 29 25 11 14 0 12 0 30 20 16 4 23 22 11 16 26 17 15 1 26 3 16 6 11 23 10 0 7 28 4 1 9 3 24 0 2 19 11 28 20 7 21 11 21 11 20 23 16 1 24 19 17 
2 3 7 22 1 26 29 11 1 17 3 22 11 8 8 26 8 4 24 1 3 7 27 21 2 1 18 18 8 24 23 10 13 24 26 15 30 30 28 7 10 20 26 5 15 29 14 8 2 11 12 14 14 27 26 0 11 5 29 14 21 11 3 16 2 3 3 23 11 20 28 13 2 15 26 7 19 15 
26 11 0 0 18 22 3 12 3 13 9 24 20 24 4 27 10 24 19 14 22 25 29 4 15 4 25 17 12 25 24 25 11 30 2 18 0 26 14 16 4 28 13 22 23 25 13 8 26 30 1 5 12 18 22 8 21 4 3 25 19 1 17 1 2 13 29 0 22 2 30 15 19 30 18 18 16 2 
21 26 17 2 23 6 18 27 10 17 30 0 0 18 18 1 14 24 26 2 30 15 13 0 0 12 14 22 28 7 12 20 30 3 13 22 4 22 29 13 27 23 8 11 22 4 1 2 16 0 10 10 22 13 18 16 29 11 11 12 0 28 26 4 2 23 5 18 12 0 19 0 5 20 15 20 29 14 
26 13 23 17 10 14 27 11 28 29 29 4 5 0 10 1 8 29 11 5 19 21 28 24 18 26 15 18 4 4 29 20 8 2 28 25 9 22 21 25 1 6 6 2 12 21 25 17 27 6 30 22 2 17 6 19 19 9 2 6 2 15 15 19 17 13 9 11 17 21 20 4 21 13 21 27 15 6 
14 2 26 0 16 27 20 9 10 28 16 12 14 16 20 15 9 5 25 15 19 13 7 11 24 8 4 17 15 27 18 3 20 19 1 20 7 12 19 1 22 0 20 24 17 28 27 28 16 23 28 20 11 3 5 6 23 21 4 10 15 29 18 26 0 22 19 17 17 4 27 27 6 25 14 2 28 22 
7 21 6 22 24 29 0 19 4 21 14 6 21 3 11 6 8 27 17 8 9 15 11 22 27 20 28 16 2 27 15 20 24 8 17 12 8 5 6 17 18 8 12 15 16 30 30 30 20 23 22 17 15 18 15 30 19 10 28 5 21 17 6 0 3 22 18 1 21 16 23 6 9 26 23 13 17 26 
7 17 4 18 14 24 6 20 26 14 5 23 1 12 11 9 18 20 10 17 2 21 3 10 25 28 30 20 16 9 7 9 1 25 17 5 11 16 15 22 24 0 9 15 26 29 22 28 12 30 17 2 3 18 21 29 11 22 5 23 26 9 0 8 4 3 1 18 25 3 1 17 3 19 16 19 8 19 
7 14 22 9 24 7 2 18 23 4 5 25 19 3 9 14 16 24 14 26 6 19 15 29 9 5 13 25 24 7 18 17 18 0 24 4 26 4 7 9 5 27 26 8 18 3 18 23 0 9 21 13 5 17 30 1 24 5 15 11 6 14 14 10 10 30 8 4 17 29 6 1 27 12 18 22 20 0 
22 22 15 4 10 12 5 0 15 12 20 11 8 30 17 26 15 25 3 29 1 14 11 9 1 19 26 8 5 7 3 0 27 4 25 20 10 15 22 23 24 19 17 7 22 21 4 30 21 4 21 21 13 13 28 25 27 20 8 21 17 0 30 6 23 20 6 17 17 22 26 29 12 20 23 0 12 22 
16 15 19 21 10 18 3 12 11 0 18 15 26 24 26 30 19 14 12 27 2 18 22 11 26 13 10 2 13 0 0 19 27 9 12 8 30 23 29 21 22 21 28 29 8 14 13 23 4 20 5 8 9 21 8 16 18 16 8 13 6 25 0 0 7 18 29 3 7 28 21 0 28 6 18 8 14 10 
13 18 30 26 28 23 18 16 26 1 14 23 27 11 21 6 18 10 6 2 11 6 17 6 8 28 22 16 16 1 16 7 19 5 24 30 6 11 6 5 26 28 20 7 25 12 26 5 30 24 21 17 23 2 19 15 29 7 11 14 20 10 9 23 23 6 15 27 30 9 10 17 13 13 0 14 21 2 
15 19 15 23 30 1 3 17 8 12 1 21 13 16 22 22 26 30 22 20 28 15 6 2 8 30 5 27 4 29 19 27 8 29 30 16 30 7 16 25 16 8 22 3 26 0 30 22 24 24 16 0 28 9 10 13 30 28 24 9 19 30 24 26 20 15 14 15 30 22 19 25 30 17 10 14 15 15 
