11
7 24 2 16 28 29 14 9 20 13 29 26 23 13 2 24 22 17 8 19 30 26 15 1 9 10 13 3 26 23 8 24 18 5 6 6 1 6 17 11 3 15 12 3 23 25 16 23 16 15 20 22 29 7 11 26 22 20 29 28 10 24 26 21 19 23 17 3 17 12 14 8 18 9 16 8 4 1 
4 20 7 13 15 24 9 13 22 22 11 26 18 12 30 21 26 25 29 24 1 28 19 9 10 25 0 24 17 13 26 26 28 12 17 10 29 11 11 3 29 30 19 11 16 0 26 16 19 27 4 4 30 7 0 20 24 9 5 21 21 28 0 16 1 23 25 2 23 30 26 23 6 25 6 2 0 5 
12 21 13 15 30 11 5 11 21 26 22 17 2 16 26 11 16 2 27 10 25 26 1 30 21 3 6 8 16 28 27 7 12 21 19 24 1 2 25 4 7 9 24 27 17 13 16 13 0 8 0 28 10 13 0 5 28 21 4 21 3 30 4 2 22 19 30 7 24 4 22 6 0 24 13 22 27 6 
12 14 27 10 28 21 21 21 11 19 6 30 20 16 5 2 29 22 2 26 25 29 1 28 23 3 13 18 10 7 24 16 6 17 23 30 0 15 17 20 3 13 15 19 23 17 19 30 10 26 3 4 15 3 22 10 13 15 6 20 17 0 13 15 30 25 1 8 16 6 30 1 2 4 3 17 20 22 
11 29 27 12 9 12 20 0 5 19 15 13 19 0 1 3 30 10 16 4 5 25 3 25 29 25 20 3 5 7 8 24 6 3 3 13 17 1 9 12 27 11 25 15 19 30 14 2 10 30 6 4 2 9 25 13 9 5 3 1 30 16 20 11 7 27 9 11 22 11 25 28 7 14 30 7 29 12 
9 29 20 6 21 8 28 15 17 11 24 12 9 7 1 21 23 14 13 9 2 27 19 0 18 5 6 0 28 17 30 25 10 1 0 15 19 22 11 7 8 10 3 5 17 2 29 21 4 23 28 20 27 8 5 3 27 25 8 10 3 6 27 24 24 18 19 27 27 20 18 16 17 30 22 6 24 8 
7 3 20 24 28 8 26 16 21 6 22 14 23 1 14 10 22 21 9 1 24 18 3 16 8 24 23 0 11 22 7 20 4 7 8 21 4 18 14 13 22 5 29 20 12 4 8 8 0 25 13 14 14 15 11 28 3 16 4 22 30 30 27 11 14 2 12 8 7 27 12 0 12 9 14 26 29 29 
20 24 16 15 17 24 7 15 17 19 22 27 5 29 18 23 26 5 1 20 11 8 6 6 17 17 16 2 29 13 11 18 9 1 11 9 27 9 6 24 7 14 25 8 7 17 4 14 13 27 21 1 13 13 10 9 19 15 28 7 12 30 26 30 2 4 26 18 18 12 23 17 25 13 15 24 27 27 
10 28 16 24 14 5 20 27 28 21 3 28 15 14 23 23 10 19 13 29 1 18 27 2 9 5 17 16 5 8 4 22 17 4 1 1 26 25 23 8 3 6 2 6 6 3 3 11 20 18 14 25 1 20 22 29 18 24 21 2 7 29 18 18 28 17 20 8 6 2 25 15 2 4 25 6 18 27 
14 23 10 8 10 26 14 11 24 4 15 0 18 21 0 8 0 13 11 27 30 18 15 17 18 5 0 1 29 26 23 17 14 25 28 27 12 19 25 2 22 9 7 12 3 23 10 7 14 6 18 14 2 4 25 23 20 22 10 16 11 9 26 11 21 30 29 3 15 20 28 28 13 8 1 0 18 10 
19 27 4 3 9 4 29 17 7 3 23 13 7 18 19 12 1 30 30 30 28 0 29 20 27 24 10 28 6 25 4 7 24 30 5 26 28 24 6 17 25 17 25 4 3 0 27 11 21 25 25 16 3 16 27 1 7 15 21 17 19 4 30 28 19 9 26 4 19 23 29 18 14 0 30 29 16 12 
15 13 4 18 6 30 16 9 24 4 30 20 16 4 0 26 18 15 30 7 17 13 9 24 25 21 20 2 22 12 10 17 15 17 28 17 2 16 0 23 17 21 18 27 13 7 24 26 11 9 24 13 0 25 12 4 26 29 0 10 11 29 14 26 18 14 8 8 6 11 14 5 5 0 5 2 11 13 
2 2 4 2 8 16 9 17 10 26 13 14 14 10 14 27 9 5 1 20 22 24 24 26 8 3 3 7 12 5 30 22 22 3 15 26 29 6 7 10 19 29 27 13 12 20 16 26 15 27 20 2 21 17 28 19 23 16 4 22 12 20 16 2 1 3 26 0 5 27 11 19 1 8 27 1 23 9 
21 3 10 16 13 5 21 27 21 12 12 4 24 6 27 30 5 3 8 23 23 2 2 6 5 27 7 0 9 11 7 4 24 24 8 13 11 23 1 12 22 0 5 16 24 2 3 23 20 3 20 16 24 22 28 12 24 17 19 6 9 29 8 10 14 26 3 20 20 25 4 28 12 24 1 21 18 16 
5 21 22 27 4 24 18 23 14 21 29 21 17 4 21 20 4 20 16 21 12 6 28 25 1 4 19 17 21 0 3 7 28 23 22 18 12 16 11 9 3 10 2 8 27 29 14 30 28 11 21 24 1 17 28 3 13 27 18 28 18 13 25 1 21 7 8 27 30 6 25 13 18 8 11 11 3 7 
16 22 8 23 28 21 6 3 8 13 11 29 20 26 0 24 4 0 2 8 6 15 5 25 25 8 24 4 19 18 13 13 25 13 12 25 8 0 15 29 19 4 25 12 24 23 8 3 4 21 29 23 14 11 2 2 12 3 6 22 13 5 24 13 1 9 17 24 0 6 14 15 18 13 27 15 3 9 
14 11 8 10 18 22 6 12 29 4 2 9 6 20 26 12 1 14 27 12 2 0 29 6 8 11 7 11 15 17 29 26 5 10 2 9 12 23 10 29 18 16 24 10 27 7 12 30 27 7 27 1 10 8 23 3 22 14 10 26 26 16 27 15 2 2 23 27 2 2 7 1 3 15 22 13 22 12 
4 4 18 27 18 24 18 2 28 15 7 10 1 17 16 22 9 23 7 7 23 0 5 25 29 27 15 4 26 28 30 24 10 25 17 23 0 29 3 5 20 10 14 14 16 27 1 9 15 18 26 19 10 8 21 21 11 26 0 28 24 4 24 18 26 20 2 30 27 24 26 18 26 13 19 13 2 27 
16 5 19 9 18 1 19 19 29 3 30 3 7 4 26 12 4 21 26 15 11 5 25 14 1 10 19 11 0 5 24 17 3 15 21 2 27 4 24 9 7 5 2 21 25 15 10 12 17 7 10 22 27 19 23 11 22 4 24 12 17 25 18 23 11 26 16 23 1 18 5 1 17 29 1 1 2 30 
18 17 4 21 3 16 13 9 3 19 12 11 8 3 24 1 23 10 30 26 13 10 17 18 12 18 6 29 5 30 28 16 4 15 10 27 22 23 5 3 8 12 25 8 24 11 6 30 12 1 5 26 23 9 24 25 30 28 4 11 10 22 21 26 12 11 0 15 19 26 6 22 14 14 19 5 22 21 
8 30 16 8 28 4 27 9 13 3 27 9 13 28 11 29 30 7 11 22 22 7 12 2 27 24 9 8 29 12 23 29 6 26 18 5 10 13 6 28 12 10 3 21 19 22 9 16 23 26 8 14 15 20 22 14 23 12 30 7 2 12 16 8 10 12 29 5 6 12 30 0 1 4 19 4 6 12 
15 8 14 5 29 5 22 22 7 29 27 7 13 23 7 23 1 22 6 18 0 2 6 4 0 8 4 29 29 5 29 23 10 30 28 4 9 24 26 16 25 20 30 13 9 5 9 5 16 16 18 25 12 19 11 1 7 4 0 9 3 20 18 15 19 26 3 8 26 0 3 11 11 30 16 29 26 17 
