10
10 17 27 14 15 30 29 8 12 21 25 0 12 14 25 15 3 27 29 3 11 8 26 15 8 1 0 25 6 28 28 1 17 6 1 0 30 28 24 17 23 21 15 26 11 19 19 22 22 9 14 18 24 20 1 1 5 13 29 11 23 12 26 30 13 4 
29 3 21 19 22 2 27 24 2 12 27 4 17 3 12 22 11 18 12 19 14 29 14 9 21 16 24 12 16 21 12 13 30 30 26 11 26 21 25 12 10 14 20 24 10 24 16 19 24 16 17 29 11 5 22 14 29 25 9 29 23 25 27 15 5 6 
6 4 12 18 26 15 22 22 23 7 4 18 16 17 26 0 19 2 24 21 3 10 12 24 25 16 13 10 4 27 17 3 21 17 17 20 26 26 8 18 8 17 23 11 11 18 26 13 3 7 29 13 29 11 4 20 5 1 13 30 29 17 2 25 16 25 
15 4 13 6 11 27 22 9 24 7 4 0 1 16 13 24 3 5 11 21 25 12 29 3 29 6 16 2 0 10 7 5 19 21 15 13 29 9 9 13 24 14 10 20 19 15 28 17 0 24 1 25 16 30 13 15 17 29 23 18 30 1 9 19 25 15 
4 5 23 2 15 21 15 20 7 8 0 23 22 7 8 22 23 17 15 1 25 14 21 14 24 9 6 19 17 17 20 3 30 25 16 29 18 2 30 10 1 3 7 30 8 23 2 9 22 14 18 7 29 10 1 2 5 13 24 4 27 11 24 14 24 12 
2 30 11 4 15 24 7 4 18 18 8 28 22 4 1 13 24 19 14 26 1 12 9 4 14 9 15 21 23 22 11 13 5 24 15 10 4 18 1 18 16 25 18 0 2 23 4 1 11 6 30 4 8 2 12 23 25 6 21 26 14 25 1 12 11 16 
6 12 21 14 14 28 30 28 15 12 16 28 5 29 22 9 3 20 17 1 25 8 16 2 9 12 7 15 7 22 0 28 21 5 29 3 30 4 10 26 16 19 20 6 15 17 14 7 1 11 3 22 20 22 5 10 8 22 14 9 4 22 16 6 18 19 
4 1 23 29 6 12 30 3 27 4 26 25 15 2 14 3 21 21 22 23 8 17 3 23 13 24 28 6 15 11 18 7 5 0 19 28 23 24 27 20 30 28 11 16 27 13 9 12 24 2 27 19 28 15 4 30 13 4 13 14 6 12 29 25 0 19 
23 4 13 4 30 25 22 11 27 22 17 16 13 18 11 24 1 12 6 13 21 17 9 18 21 0 0 17 27 22 7 28 7 25 24 26 26 12 1 9 6 10 6 16 29 14 23 2 25 24 0 21 27 12 16 27 26 12 26 14 3 30 24 14 16 27 
12 24 12 7 13 12 7 29 18 6 3 23 10 4 23 0 14 19 18 30 17 28 20 1 13 5 21 11 5 26 15 23 7 17 15 4 25 1 11 20 14 13 4 7 21 17 5 18 24 26 19 15 13 14 5 19 30 1 23 3 1 15 5 9 8 9 
20 29 27 28 9 8 19 6 3 6 26 23 23 3 6 0 2 15 6 29 24 11 21 29 0 19 11 7 18 26 17 2 15 15 16 5 17 28 6 4 12 8 14 9 15 10 29 10 24 7 4 30 6 20 22 24 21 25 12 20 28 22 30 25 19 5 
12 3 12 5 24 23 29 26 10 22 26 17 19 9 9 7 8 24 15 6 6 12 19 12 12 8 5 19 22 7 1 4 14 4 9 15 22 5 15 16 8 6 1 6 10 9 0 14 0 22 17 5 7 9 27 2 19 0 2 13 28 4 26 23 8 1 
30 15 7 16 18 4 10 18 23 11 13 8 9 19 1 12 7 13 22 9 22 28 2 23 17 3 0 30 28 14 21 30 2 21 2 2 21 11 27 5 14 30 25 15 22 24 7 19 13 25 9 23 6 8 13 2 7 29 17 8 20 29 28 26 0 26 
29 8 8 23 25 30 2 11 27 26 4 7 3 29 4 14 11 7 7 8 12 1 22 14 11 23 19 14 30 1 17 2 2 14 25 7 1 19 11 4 6 19 12 4 27 15 12 5 2 13 19 2 9 13 22 23 1 20 12 2 28 11 15 13 3 26 
21 26 9 29 7 14 21 16 5 0 30 21 8 10 24 6 2 26 19 26 9 0 30 21 28 4 13 20 0 2 16 24 21 4 13 16 7 12 26 26 23 27 27 21 26 23 1 30 7 12 25 7 6 25 13 13 29 3 24 14 3 14 20 5 16 26 
20 19 21 24 16 0 4 24 11 1 13 18 12 5 24 21 28 3 2 21 30 27 8 24 21 19 12 21 12 11 21 24 9 8 17 8 8 12 7 24 23 0 4 8 28 26 15 21 2 17 27 11 25 28 24 8 24 12 15 7 22 28 4 12 16 30 
15 24 27 25 6 28 13 18 2 6 17 16 22 20 16 12 19 1 20 16 8 4 2 4 13 2 12 11 3 16 15 29 21 14 0 17 12 6 25 30 25 13 5 15 22 21 26 20 15 15 8 4 23 0 8 29 15 20 7 12 15 12 13 16 20 21 
23 0 30 8 15 12 5 24 22 7 29 26 23 5 15 5 25 25 8 18 27 18 14 10 16 1 10 2 0 13 18 24 9 7 9 23 10 19 28 12 24 15 28 12 11 3 7 19 23 3 0 12 7 9 28 5 26 23 11 14 27 26 16 8 10 26 
15 5 2 10 13 3 1 13 28 13 30 22 23 27 10 29 8 24 12 28 20 18 11 26 29 28 17 29 12 2 29 14 18 18 27 24 7 7 13 12 5 27 22 16 17 29 7 10 19 9 10 9 11 1 15 29 10 25 16 23 8 7 7 21 7 2 
5 20 3 29 25 12 15 5 17 20 18 30 11 5 24 7 22 16 9 22 15 3 9 13 21 28 8 6 30 13 5 30 9 29 2 1 26 7 26 28 13 4 24 7 5 0 19 6 17 13 18 20 20 30 17 2 12 10 10 6 1 27 11 19 19 20 
