11
13 16 2 13 14 9 13 20 24 23 3 1 27 17 4 12 29 19 20 17 24 11 9 30 19 4 21 1 21 24 23 0 17 14 10 30 2 21 0 24 23 5 10 2 11 18 15 19 16 3 16 6 30 29 14 19 14 13 8 25 5 6 5 20 29 17 11 19 11 10 19 4 11 8 2 11 7 18 
1 15 3 13 19 1 16 24 10 16 30 2 18 16 4 26 19 21 27 2 22 4 14 19 3 10 21 27 7 0 30 14 23 8 7 3 9 15 12 30 2 23 17 6 6 12 14 14 20 20 2 9 7 8 25 27 28 17 18 30 6 8 30 27 25 13 11 20 28 14 29 24 15 9 3 27 24 26 
3 1 17 9 26 1 8 0 1 20 6 16 9 16 12 18 20 12 23 5 25 8 10 11 30 29 12 10 27 19 24 13 13 6 20 29 24 27 17 10 13 30 18 22 4 6 8 24 9 28 11 29 22 26 9 2 22 5 9 10 30 7 13 12 17 8 26 16 19 10 30 30 18 20 0 0 14 10 
19 25 19 11 7 17 29 18 16 3 13 8 11 16 20 4 20 4 28 1 3 16 19 15 15 3 2 30 5 4 15 27 2 26 8 8 11 12 18 12 8 18 2 4 16 7 5 16 6 19 1 24 22 25 0 27 30 28 18 0 12 8 14 0 18 21 26 5 13 29 10 8 21 20 11 5 27 28 
9 10 8 2 6 5 7 14 14 22 17 25 10 5 22 0 9 6 17 10 25 29 7 19 1 24 20 5 1 23 2 22 12 3 27 10 15 6 13 28 15 10 19 10 19 10 18 22 15 12 2 1 19 29 6 20 9 22 18 3 1 22 12 14 1 21 6 28 19 29 25 6 11 16 18 15 1 22 
7 8 13 26 27 8 7 28 23 28 10 10 25 26 11 10 3 23 24 28 4 7 20 29 16 25 7 17 17 27 10 17 19 14 25 24 0 2 8 6 12 27 30 28 13 9 20 14 1 15 22 30 29 3 19 15 11 21 2 20 21 21 28 14 13 26 9 10 27 21 11 9 10 21 0 24 28 10 
21 19 7 4 1 12 10 24 7 17 24 10 24 12 19 10 16 9 11 27 23 0 25 20 8 5 30 12 2 25 10 28 12 18 16 17 10 24 27 18 8 13 20 10 9 17 12 18 5 24 3 17 1 15 12 9 0 6 23 0 21 1 23 19 28 3 3 5 22 22 4 5 1 24 9 26 27 29 
3 17 10 24 3 26 11 26 4 5 16 10 24 4 3 22 10 22 7 30 0 17 5 4 15 14 18 14 11 18 22 24 1 28 10 1 3 20 5 23 5 21 19 17 30 27 22 3 18 18 23 3 30 1 15 0 19 23 18 2 18 23 6 29 10 6 23 15 29 20 0 13 9 10 6 30 30 6 
2 25 7 6 15 17 1 27 21 7 26 1 12 16 8 29 7 9 14 10 7 14 9 1 27 20 15 24 14 17 21 22 15 1 19 20 14 18 8 17 2 6 10 9 1 17 13 28 23 9 15 9 13 16 7 7 17 11 25 8 13 0 8 7 14 7 21 15 28 12 7 26 16 13 30 24 15 23 
17 7 28 3 9 6 20 6 6 26 12 3 0 27 25 20 12 5 8 1 2 6 10 3 29 17 28 4 22 23 15 23 26 15 0 3 3 17 13 4 0 18 5 21 17 17 20 5 24 19 23 3 3 5 25 14 22 28 4 27 3 29 4 6 16 22 3 25 1 6 8 12 11 18 4 5 3 9 
5 6 17 5 18 14 10 21 18 20 16 8 28 1 9 1 26 10 1 28 2 21 4 14 16 10 5 20 6 9 24 4 10 0 2 23 17 22 9 18 26 28 19 3 24 24 9 29 0 1 24 24 0 0 18 16 17 17 16 13 7 6 21 26 18 13 16 3 3 22 18 14 28 0 12 14 6 29 
15 30 25 24 7 0 17 4 9 1 5 2 4 10 14 4 5 24 26 7 12 30 12 11 13 27 18 16 22 8 15 18 10 16 18 12 19 10 22 11 0 13 14 29 22 28 1 23 3 5 22 8 18 27 11 28 28 30 12 13 6 26 2 4 28 5 23 19 18 2 20 17 26 15 21 20 24 3 
23 13 29 5 14 15 19 7 18 5 13 9 26 7 4 26 9 27 18 21 16 11 2 6 27 13 23 22 0 20 24 5 12 6 26 22 8 25 22 29 22 8 3 3 2 6 22 1 1 27 11 9 30 7 19 23 17 30 14 1 8 7 19 29 25 8 14 30 9 9 21 21 23 19 27 13 14 28 
6 7 22 8 2 23 27 12 5 17 18 5 30 6 6 10 2 8 1 4 19 25 8 7 28 2 4 29 27 13 21 17 5 28 28 25 26 0 20 1 11 5 27 24 2 21 21 4 25 29 14 21 23 9 0 11 12 4 4 4 19 18 23 0 8 26 1 16 29 12 21 1 3 18 17 9 23 26 
26 9 23 23 4 9 21 1 19 26 8 24 5 4 7 13 19 18 21 21 12 2 25 3 18 6 11 22 25 15 19 17 21 21 29 3 16 10 16 29 4 6 9 11 3 3 24 6 8 11 10 3 26 16 15 30 0 25 25 4 23 19 2 23 26 15 19 0 15 5 8 23 21 26 15 14 1 1 
30 5 21 5 11 16 14 21 2 2 2 17 6 9 4 15 8 5 13 21 17 8 27 21 3 3 14 22 20 10 19 13 23 24 30 4 11 14 1 28 20 12 23 1 17 14 0 10 27 12 9 5 1 4 25 3 23 4 24 23 15 16 25 18 2 8 16 9 26 17 5 27 6 0 13 16 13 19 
8 20 4 24 3 20 2 2 5 14 29 3 23 21 0 30 2 19 17 20 10 4 6 8 3 15 14 28 18 22 24 27 0 12 13 1 3 13 16 15 18 16 6 21 26 29 29 16 29 5 15 20 29 0 27 8 19 11 28 28 15 18 18 7 23 23 17 17 21 11 20 19 26 19 22 24 16 0 
18 11 2 24 21 8 1 20 3 11 25 4 18 16 24 27 14 17 17 19 1 0 9 19 14 4 6 5 4 28 25 12 12 22 17 8 20 5 21 17 18 7 26 4 14 24 13 12 16 21 2 27 5 1 28 15 28 11 14 20 17 29 20 3 23 14 17 9 10 22 21 20 30 19 4 7 10 13 
14 3 30 8 22 27 0 25 30 22 1 26 9 19 12 12 22 16 1 23 2 12 27 4 4 29 23 26 24 7 0 29 11 3 13 9 3 19 11 17 16 23 5 3 8 10 4 9 4 7 4 23 26 7 3 10 23 12 11 28 24 26 26 20 6 9 30 22 15 12 18 25 18 4 1 18 25 28 
1 7 30 20 4 0 4 5 26 17 28 19 24 16 12 29 0 18 21 24 16 10 19 19 30 22 0 5 26 4 13 29 14 14 22 21 1 24 25 18 22 0 14 7 17 22 21 6 2 1 2 10 5 14 14 25 27 3 0 5 10 7 8 0 15 23 2 4 24 24 21 29 6 5 10 27 19 19 
1 21 6 14 9 21 0 12 9 13 27 13 8 14 5 10 22 23 22 5 1 1 28 5 2 7 15 3 11 6 13 17 19 23 2 20 14 12 22 26 20 11 28 24 6 3 14 19 26 3 5 18 20 23 0 9 16 22 24 7 24 26 16 1 11 12 23 29 22 23 11 17 28 10 25 21 28 22 
27 3 5 23 7 17 8 10 15 29 18 9 19 18 0 15 29 29 16 16 0 23 18 23 8 30 4 7 30 28 20 21 17 14 21 26 15 13 8 18 20 14 29 20 12 21 25 23 7 15 11 4 28 8 11 21 0 28 10 19 21 15 13 1 10 2 4 18 2 6 28 18 28 0 20 23 12 22 
