12
15 10 25 12 4 22 2 10 12 29 19 29 24 7 8 0 13 1 6 20 10 17 11 17 24 21 8 4 21 27 5 0 30 15 23 24 28 11 14 24 21 26 8 28 6 7 30 8 9 15 10 5 20 3 30 3 10 23 30 28 29 13 7 7 12 5 12 7 3 14 5 25 27 22 18 16 25 11 29 4 14 20 22 1 28 6 15 22 30 19 9 
4 8 27 28 30 18 17 30 13 0 20 22 17 11 21 0 0 24 25 14 1 22 17 18 21 11 18 21 23 5 29 12 26 18 2 20 6 19 4 12 28 23 23 9 30 18 12 14 13 10 4 18 16 22 25 13 21 14 16 9 12 8 9 2 8 7 29 17 24 17 17 15 5 12 24 22 4 11 7 26 12 1 20 6 29 0 7 29 23 16 11 
23 2 18 20 10 17 9 24 20 18 4 15 24 17 20 14 7 17 11 0 30 22 0 25 17 24 22 23 9 13 9 1 22 1 14 6 3 15 22 17 6 27 21 12 23 26 9 11 1 18 21 15 12 8 9 21 22 7 21 14 17 30 7 1 13 25 22 8 1 17 26 2 22 24 12 7 1 29 16 6 1 20 5 24 19 12 23 25 23 28 30 
20 8 18 21 3 14 8 19 13 14 15 27 8 2 17 29 25 29 13 20 23 9 3 24 9 17 6 29 26 21 2 10 20 0 26 17 20 28 2 20 14 23 15 29 5 11 1 4 14 7 30 19 10 7 0 18 20 5 23 16 28 16 23 18 26 14 6 20 23 16 22 9 22 1 27 11 14 7 6 15 12 29 3 5 29 9 10 7 10 12 11 
2 14 24 6 2 9 7 20 7 14 21 1 23 29 4 2 2 13 27 10 0 21 5 16 15 18 29 0 17 9 22 2 13 20 26 25 10 12 21 1 18 14 19 8 30 21 18 21 14 14 7 22 18 23 21 7 22 5 14 1 28 8 21 19 21 22 4 7 11 29 2 19 23 6 4 2 11 4 26 11 18 24 30 3 25 22 1 22 27 6 29 
8 18 15 9 25 1 4 17 10 23 26 20 14 7 26 21 27 26 26 4 23 3 11 3 16 28 6 3 22 2 5 9 4 9 30 14 12 21 24 21 6 0 16 23 27 13 12 18 6 28 22 19 13 8 5 28 23 13 20 18 20 13 2 6 26 28 24 12 10 26 27 14 3 23 21 24 24 15 19 0 28 26 20 16 10 5 15 28 23 5 28 
18 20 9 1 4 19 19 30 19 24 15 21 25 24 13 14 28 29 9 8 30 28 13 5 11 22 16 23 11 21 30 4 5 8 0 1 21 23 5 11 26 9 11 29 25 16 5 1 11 9 11 21 26 4 6 25 29 25 11 3 1 8 14 3 25 22 17 9 6 25 0 13 10 5 30 20 2 0 15 8 11 11 9 7 0 2 25 8 5 16 23 
4 9 22 0 20 20 18 14 24 28 11 13 19 30 30 20 10 13 19 5 15 4 12 15 2 17 17 28 19 13 5 12 14 19 16 14 4 19 19 11 13 0 14 17 25 25 2 12 20 22 3 21 12 23 20 30 21 6 23 10 3 26 16 29 1 30 7 21 5 5 22 3 24 23 24 29 13 28 2 27 10 3 19 12 2 8 28 13 5 3 16 
25 20 3 8 25 12 24 25 8 30 17 1 27 8 14 8 24 25 0 4 17 25 20 22 23 16 7 18 22 30 18 15 8 20 29 8 18 3 19 17 21 23 27 11 4 18 19 15 24 19 25 14 26 1 7 24 23 25 4 5 0 6 30 8 18 12 5 5 13 15 1 28 25 25 1 5 26 8 7 17 2 25 20 2 10 6 1 21 8 23 25 
29 17 24 26 8 27 11 18 28 23 7 17 30 5 21 1 21 27 30 26 14 11 13 20 26 20 3 23 16 7 20 10 22 25 20 12 21 1 22 5 29 27 12 10 28 22 3 30 28 3 23 1 7 17 8 9 5 8 13 27 9 8 29 26 24 30 26 18 7 15 10 27 12 26 8 17 5 8 14 1 24 10 6 8 21 4 27 13 9 17 30 
15 9 19 29 6 9 30 1 28 15 19 10 22 20 10 28 17 16 15 7 2 17 8 23 29 2 16 1 15 29 3 28 19 6 2 8 17 22 16 22 17 10 30 10 29 17 18 27 10 11 16 0 16 1 26 6 30 0 19 19 16 10 17 8 29 24 13 26 18 29 25 18 29 25 19 18 11 21 17 23 23 25 30 13 24 19 7 13 17 25 28 
11 26 30 4 23 7 3 1 4 12 10 29 22 6 17 25 27 15 8 0 0 9 6 24 12 8 14 22 24 20 13 10 16 7 8 21 2 6 8 15 12 14 20 10 13 21 22 4 18 30 18 12 6 16 29 23 22 30 24 15 5 0 4 30 19 10 19 27 21 12 24 15 13 20 0 22 0 10 19 16 29 15 10 1 18 13 29 4 29 30 13 
8 8 17 26 8 10 23 13 20 17 12 15 16 28 13 18 10 12 20 30 24 8 30 2 30 26 27 23 22 29 19 7 26 30 10 1 5 12 12 7 16 21 29 21 0 5 11 14 22 20 29 4 17 4 22 11 4 15 22 5 25 26 16 27 6 11 6 14 16 10 6 5 27 29 23 21 9 9 1 21 30 0 14 11 19 30 20 27 28 11 5 
8 25 0 23 22 18 28 20 0 8 11 19 11 1 8 3 8 23 15 5 22 3 0 0 17 0 0 2 30 22 13 15 23 10 17 25 26 3 26 13 16 18 2 17 21 28 4 14 1 29 1 7 18 24 5 22 16 4 21 15 14 28 16 10 9 14 5 20 22 29 16 13 0 1 3 26 18 2 27 2 2 8 9 26 15 2 5 5 0 6 17 
8 24 25 23 27 10 13 23 6 15 9 11 18 24 3 29 2 14 21 25 9 13 19 9 10 4 29 10 20 14 6 10 29 2 27 5 17 4 16 5 1 3 21 25 13 12 18 24 11 9 21 5 11 21 10 21 2 5 7 5 23 21 10 9 10 2 24 27 24 4 17 19 1 27 10 2 9 0 23 26 18 18 24 23 24 23 29 19 10 23 25 
4 3 26 11 22 14 29 27 4 14 3 21 8 5 3 4 2 27 28 20 11 11 15 28 4 3 11 1 15 3 19 19 19 0 28 25 11 10 23 17 9 28 0 18 2 29 8 24 13 29 18 20 27 0 26 21 10 25 11 20 15 16 24 7 24 4 12 15 14 0 13 17 21 14 3 27 28 14 15 12 25 6 4 1 20 4 4 11 14 27 24 
15 2 26 19 23 18 25 14 5 25 18 15 7 8 25 8 17 5 5 24 16 3 14 9 5 0 14 25 15 5 25 5 14 0 6 14 25 29 14 9 27 5 30 16 24 20 4 6 7 6 2 22 11 8 14 11 15 5 25 2 20 2 16 26 11 4 21 14 23 15 20 23 2 12 19 16 17 26 15 4 16 9 10 20 3 19 30 24 20 23 19 
7 28 7 16 20 21 23 19 18 17 3 27 26 22 20 30 17 22 15 3 26 29 26 5 15 5 12 4 7 27 1 17 12 17 15 14 2 29 8 17 6 15 9 3 1 12 3 15 0 16 23 2 10 12 14 23 27 21 25 26 27 13 4 0 21 0 28 30 7 29 26 2 10 23 11 19 29 9 21 6 21 23 2 21 1 9 3 5 8 9 26 
14 15 11 30 11 14 23 15 8 11 7 3 15 18 5 18 23 26 15 3 20 11 22 25 22 20 17 26 21 10 17 3 25 26 7 6 27 4 17 7 7 10 26 28 28 9 19 11 27 28 9 2 11 12 28 27 28 9 0 11 9 19 13 26 16 5 2 8 6 29 4 21 11 0 16 27 15 2 1 1 25 30 26 17 22 4 16 19 25 21 7 
29 4 9 5 1 21 24 30 22 4 12 24 25 13 4 1 2 2 0 19 12 5 4 0 8 21 14 17 29 13 26 16 21 17 27 10 11 17 22 17 16 0 5 8 28 26 8 14 11 14 6 6 29 29 18 8 2 10 9 10 0 1 15 1 25 6 27 4 0 15 18 20 16 6 0 3 9 8 3 25 4 24 9 30 20 15 1 28 2 5 11 
26 10 13 8 27 22 22 4 24 1 29 10 17 9 3 23 7 3 16 18 3 30 13 9 3 16 0 30 26 29 0 25 12 13 9 11 2 7 10 22 2 11 10 20 5 18 21 5 21 25 21 25 27 6 29 27 27 18 5 29 5 12 24 5 24 10 22 10 22 25 26 27 13 17 7 24 28 19 26 3 28 30 13 4 4 28 16 17 9 23 21 
8 7 23 10 24 12 7 23 19 26 5 15 4 0 13 20 3 13 5 21 16 7 29 20 25 3 17 4 15 7 26 27 0 11 5 2 23 18 4 22 12 2 17 26 19 27 21 7 1 20 21 16 24 30 30 12 16 17 4 16 27 30 2 21 14 9 11 3 23 18 25 4 29 10 1 3 17 30 18 22 13 24 3 22 10 24 7 20 27 24 9 
3 16 21 15 26 15 19 3 18 25 4 16 29 30 23 16 14 7 22 6 17 2 26 26 10 0 21 27 0 4 15 6 22 24 15 2 24 18 3 8 11 8 28 11 5 5 25 29 28 24 29 16 3 3 29 4 9 5 5 20 27 8 4 14 7 13 6 28 26 7 10 15 5 26 7 15 12 0 21 9 18 21 19 9 2 6 24 1 7 24 29 
2 6 25 15 19 24 15 25 20 23 20 29 21 23 1 12 9 24 17 22 30 10 22 12 25 5 8 25 22 5 7 3 30 15 15 25 9 7 5 7 28 21 8 28 24 30 24 9 25 8 22 18 4 27 5 4 22 10 8 5 28 24 14 11 8 30 11 28 6 21 13 9 5 24 22 18 5 7 22 14 9 5 7 23 29 22 30 28 15 22 13 
