12
24 13 10 30 9 11 27 1 22 1 13 3 26 26 28 12 8 30 25 5 25 3 16 28 4 14 13 21 19 22 18 19 1 1 17 6 19 13 4 7 8 6 17 23 1 13 1 2 9 0 17 5 21 14 22 3 26 22 2 4 24 9 25 9 18 22 24 15 12 29 1 4 6 16 28 13 23 0 16 4 4 30 21 11 0 25 23 7 24 5 3 
4 29 25 15 14 9 15 16 28 6 27 4 4 3 12 7 21 23 28 12 26 29 13 26 7 15 14 15 4 21 6 14 6 12 15 23 8 24 22 21 29 1 10 28 26 20 23 16 9 28 11 7 29 4 20 23 2 4 23 0 24 1 15 18 25 9 3 28 6 20 20 13 16 15 30 1 18 5 10 3 22 30 26 24 30 20 0 11 13 23 14 
9 1 21 8 25 14 16 0 5 30 13 18 6 4 2 11 10 27 2 1 6 12 30 18 14 7 8 22 5 21 23 28 29 7 19 0 8 17 12 16 22 23 14 26 14 0 28 5 30 11 7 27 1 18 10 5 17 13 3 5 29 6 12 16 11 1 20 1 28 9 9 6 25 24 20 18 1 14 28 2 25 0 25 7 15 18 18 16 17 25 7 
15 18 13 11 16 7 0 5 18 17 7 7 23 4 28 7 6 6 12 1 29 27 29 28 18 10 2 28 5 0 13 22 24 5 22 9 18 5 29 28 7 29 24 15 22 5 13 15 24 13 29 9 4 15 5 17 6 12 21 15 18 5 17 13 28 3 23 30 26 30 30 22 10 10 10 17 20 25 5 30 18 6 15 27 14 16 13 30 10 8 29 
6 2 6 21 17 13 22 0 11 18 24 29 6 16 11 20 13 9 0 5 4 6 21 8 20 5 22 9 19 24 10 8 8 18 22 21 2 7 0 26 17 29 15 2 18 18 8 30 16 9 4 5 5 6 0 26 20 5 25 24 11 3 7 7 8 3 6 30 0 18 29 16 27 9 21 11 8 18 10 24 10 7 16 27 27 22 21 17 15 14 4 
20 15 6 16 8 0 11 7 0 25 9 27 30 20 6 9 13 10 28 19 19 8 24 27 13 14 12 19 23 13 5 29 12 1 4 14 3 5 30 1 28 17 25 21 3 8 8 30 16 16 20 28 23 7 1 4 6 26 4 13 21 7 12 10 2 16 12 4 11 7 24 15 22 25 11 6 19 5 21 5 18 27 5 30 24 2 4 16 23 5 13 
1 0 9 13 29 11 3 9 21 7 17 14 9 20 12 26 7 2 4 26 5 26 2 29 3 24 12 25 11 11 17 29 16 24 10 27 27 18 9 1 15 1 7 17 26 4 17 29 23 12 6 5 26 30 1 18 17 26 8 1 20 24 5 16 26 12 27 21 22 25 26 29 26 19 19 30 6 11 7 26 25 16 6 19 25 16 23 6 26 28 4 
23 24 3 21 27 2 4 9 13 14 12 18 22 5 5 4 15 9 26 17 16 25 15 6 26 13 26 17 8 6 12 22 9 5 15 10 27 27 26 22 20 4 10 21 0 24 18 0 7 26 27 11 24 8 17 20 23 25 6 1 2 6 23 30 20 21 3 25 2 22 24 8 10 16 14 4 27 22 16 1 5 30 2 19 17 6 15 6 15 4 20 
9 10 3 14 9 17 5 29 4 2 30 26 18 3 20 28 19 1 20 9 19 3 12 8 0 21 30 15 14 27 26 25 18 10 21 1 29 5 15 20 29 20 27 16 28 4 4 23 28 16 8 17 2 1 0 1 16 8 24 24 25 12 6 18 11 28 20 21 17 21 25 26 28 22 21 30 26 1 10 1 26 23 4 18 24 3 4 19 6 23 0 
15 9 27 20 24 5 15 24 2 17 17 15 12 3 0 29 27 30 16 3 11 10 23 12 14 10 30 28 16 12 12 9 19 7 16 15 16 20 3 4 18 25 5 12 22 12 8 23 3 0 21 15 12 23 26 24 7 22 25 16 27 18 7 15 11 2 2 26 3 6 1 23 17 20 10 1 24 18 4 4 19 28 5 12 17 27 26 11 0 25 29 
22 19 28 17 11 14 30 0 20 1 11 13 18 30 29 10 19 11 24 11 8 0 24 23 2 8 28 11 13 5 14 16 25 27 27 0 6 6 12 7 5 22 27 9 10 30 2 4 17 13 10 20 22 3 20 9 16 23 6 16 11 7 9 12 29 30 7 27 30 25 27 4 3 4 20 10 14 27 0 1 8 18 5 25 2 21 16 20 28 21 2 
1 16 25 13 12 8 6 0 30 15 19 25 12 28 2 18 2 4 29 14 27 4 28 30 6 27 1 2 18 20 19 18 13 26 12 9 19 12 7 20 16 3 18 0 5 11 3 9 21 8 20 0 20 2 16 22 6 11 5 7 23 14 26 28 11 25 7 17 26 0 13 22 17 30 10 24 16 7 1 27 17 1 24 18 22 1 4 6 5 8 8 
26 13 9 25 13 1 1 10 11 21 5 3 4 6 4 26 21 12 19 6 27 0 23 30 2 12 19 26 7 13 5 24 25 14 18 12 23 26 4 23 8 17 27 2 25 0 30 16 25 23 22 17 24 1 0 1 24 5 21 26 20 26 14 30 19 18 23 4 13 22 19 21 7 15 8 24 4 11 8 29 22 23 20 19 22 19 2 23 7 1 7 
1 14 18 30 13 21 22 28 19 18 4 9 14 23 23 0 22 9 10 30 9 30 8 12 18 27 15 27 3 19 6 25 18 26 22 24 2 22 13 22 7 11 20 7 11 29 17 7 23 15 17 12 17 3 25 17 8 6 15 4 18 9 17 8 10 29 10 13 5 22 21 18 0 11 26 27 5 24 20 13 21 6 18 12 2 7 7 8 17 19 23 
24 11 13 4 18 21 9 5 20 1 19 2 22 12 3 11 18 18 18 2 23 2 1 4 9 9 0 3 0 5 11 30 14 1 14 28 2 11 15 7 10 11 30 2 0 23 16 19 12 17 13 20 9 9 26 11 6 7 16 19 21 13 24 0 26 17 30 1 23 10 18 17 18 17 19 1 10 2 6 12 15 13 8 13 21 1 21 18 4 6 20 
29 8 6 21 13 2 4 28 18 0 6 19 29 13 26 30 20 9 7 13 7 27 12 19 3 22 18 1 8 6 15 4 13 0 5 6 19 29 1 29 23 25 24 3 28 21 17 29 7 3 17 24 21 1 23 8 13 15 26 10 12 5 18 22 13 16 14 20 20 22 10 23 19 28 29 23 19 5 8 14 1 5 7 21 13 14 17 1 21 21 10 
6 9 27 29 4 1 26 22 1 21 7 10 24 25 3 21 22 20 22 20 14 9 29 22 2 14 3 9 17 8 15 26 23 20 24 12 4 15 7 13 7 22 26 6 26 13 28 7 0 6 30 25 21 9 30 27 17 3 30 26 18 0 8 19 3 28 28 4 28 11 22 14 15 2 14 19 3 17 16 0 21 9 18 12 15 14 18 17 25 8 27 
17 27 28 12 13 8 25 27 14 3 2 28 16 18 18 12 29 12 23 7 27 30 17 1 22 26 30 3 22 6 26 26 15 5 6 21 30 11 6 28 30 1 24 23 3 3 24 26 23 17 15 18 3 23 1 26 17 12 16 8 28 16 25 6 3 3 29 11 30 12 5 2 12 21 7 22 3 18 17 13 17 0 14 2 28 5 13 2 3 27 9 
3 0 29 24 13 10 1 28 18 26 10 5 25 28 30 27 27 19 2 25 20 8 25 7 25 1 25 15 16 9 8 15 13 9 0 20 17 11 13 17 4 25 25 6 2 27 10 5 6 1 1 19 17 8 2 20 6 20 14 0 18 22 14 12 15 22 13 16 0 21 13 29 26 10 8 18 7 27 2 20 2 16 17 1 1 1 17 3 17 6 1 
2 11 7 17 29 27 24 23 30 15 7 21 8 13 7 18 22 11 18 16 0 0 15 16 26 24 2 24 26 29 5 27 2 5 18 13 30 4 3 7 2 24 13 24 7 27 11 12 12 2 22 26 30 6 17 14 21 7 11 3 12 16 19 28 24 7 14 5 29 0 18 19 8 15 2 12 5 18 18 21 21 19 29 1 28 14 5 30 30 21 0 
6 7 17 10 17 7 8 5 22 8 11 4 26 8 29 2 17 30 10 16 16 11 12 27 24 28 26 7 23 1 28 6 17 21 2 23 27 29 13 29 28 0 6 8 1 5 7 24 3 4 8 29 4 4 6 24 1 7 25 3 16 6 7 22 27 25 27 25 15 15 29 22 10 30 22 8 7 20 28 4 26 3 25 14 1 2 27 12 30 7 2 
22 7 26 23 28 15 11 10 3 28 28 24 7 17 30 6 23 9 2 7 9 3 28 17 0 28 12 4 14 26 6 26 14 19 21 6 12 13 23 8 18 30 14 17 28 10 23 28 17 29 4 22 24 4 29 9 15 29 16 3 1 30 4 30 30 10 16 6 23 11 28 26 8 25 1 14 2 30 14 26 20 22 20 29 30 4 26 17 16 29 3 
23 3 7 4 29 21 25 16 9 3 4 2 25 26 14 21 14 26 17 8 18 14 21 26 16 13 22 23 8 11 17 30 10 1 6 14 12 0 0 11 27 18 23 12 2 15 8 17 10 20 3 15 11 23 1 13 12 12 19 27 30 29 18 29 21 14 13 24 22 12 3 8 8 24 30 13 8 22 9 24 7 10 2 7 28 22 29 6 21 15 16 
11 8 24 13 4 20 25 16 18 6 29 27 21 9 7 11 2 21 21 21 3 2 1 15 25 22 20 30 19 29 28 11 11 29 21 2 11 26 0 15 28 12 11 3 26 30 20 7 5 25 20 18 6 10 21 20 8 14 25 21 15 3 11 15 6 13 19 26 17 20 22 1 15 7 2 18 4 4 30 20 21 23 29 30 7 11 10 1 19 28 20 
