8
24 12 3 12 16 13 8 1 24 8 29 12 14 23 6 1 7 10 20 13 23 18 21 13 24 15 25 18 11 0 2 20 17 22 5 19 9 15 17 25 10 27 12 27 9 
28 8 8 27 9 15 4 7 21 2 17 2 2 22 12 13 14 3 22 6 15 17 29 7 5 4 15 21 24 21 7 22 14 7 26 30 21 17 16 24 4 24 16 21 22 
21 9 6 29 23 0 16 12 13 21 24 0 11 27 15 28 28 14 13 23 4 14 1 29 22 12 29 24 26 6 23 17 21 6 15 28 4 26 28 2 28 4 15 25 0 
19 21 1 18 11 16 5 5 30 17 13 0 3 23 13 23 1 9 2 13 18 5 26 24 27 12 13 6 12 21 15 28 24 18 30 0 24 0 13 1 1 3 1 21 12 
9 15 7 23 7 17 28 20 20 6 21 22 13 24 23 16 13 12 12 7 30 6 21 1 22 26 22 5 0 30 9 21 24 21 17 16 28 25 20 21 14 13 6 16 15 
8 29 6 11 28 12 0 1 7 20 25 8 25 27 9 11 16 11 8 18 15 19 27 4 17 10 30 15 10 18 15 17 25 24 5 17 18 0 21 2 11 21 18 21 16 
30 1 27 9 18 25 19 8 8 8 9 12 15 9 12 7 28 0 24 8 19 21 22 6 22 28 29 22 16 14 11 4 20 22 2 4 27 17 22 21 15 24 18 10 30 
5 23 29 24 26 5 25 15 3 0 2 8 4 24 13 18 9 9 10 7 22 1 16 7 25 10 20 12 11 15 26 27 28 26 11 17 29 25 13 28 30 15 17 26 15 
5 11 4 12 17 27 5 13 13 8 28 16 19 14 19 26 19 21 15 3 7 10 25 2 20 23 27 10 6 24 9 20 21 21 27 9 19 16 27 0 20 29 15 22 2 
26 27 7 11 10 21 17 6 28 28 9 27 18 9 14 11 13 21 8 0 18 27 9 15 9 24 14 12 1 10 25 25 13 24 14 12 29 21 16 14 18 17 12 29 11 
10 21 1 29 17 27 5 2 25 2 8 17 13 2 20 13 15 27 20 19 16 0 24 29 5 28 12 6 14 0 3 8 16 4 19 11 30 22 27 16 16 17 17 25 9 
18 29 3 11 11 16 19 23 21 28 4 5 26 21 20 10 12 13 27 17 22 17 21 23 25 14 27 10 24 18 8 12 28 30 27 15 17 19 8 14 20 13 3 25 19 
8 27 9 22 25 29 7 28 0 22 29 18 14 8 18 30 23 21 4 25 13 16 21 20 4 22 16 28 2 28 16 16 26 29 14 12 0 17 9 6 16 17 5 27 25 
4 15 28 1 19 23 12 8 7 6 12 22 19 29 11 1 22 30 20 11 15 21 29 28 12 27 23 22 14 2 7 19 11 25 13 15 27 9 2 18 16 21 26 2 17 
21 16 30 25 16 16 26 9 17 1 1 12 29 29 29 8 19 8 23 9 8 2 8 10 19 29 29 18 8 17 29 7 8 8 29 24 21 14 3 19 27 10 15 18 3 
1 24 29 13 11 17 0 4 1 21 24 4 9 12 22 0 11 16 23 21 17 15 11 25 14 8 0 17 13 17 20 16 25 26 26 7 23 2 13 28 19 26 18 29 26 
