11
0 5 14 25 16 9 1 21 13 14 16 19 25 22 7 21 8 11 25 8 5 24 26 14 17 17 22 12 9 28 24 23 9 0 1 1 13 24 17 30 22 15 3 8 20 6 7 27 13 4 3 0 18 25 29 21 16 13 17 15 4 19 9 28 5 26 22 21 24 28 17 4 23 12 1 1 4 22 
23 12 30 22 15 20 1 19 15 28 12 11 21 7 3 30 14 10 20 14 1 19 20 2 20 24 30 19 22 2 21 6 28 21 9 15 24 1 12 17 15 25 27 10 0 1 16 8 27 28 13 12 22 17 15 13 9 28 12 15 10 8 10 24 17 23 29 18 13 4 18 17 4 3 23 13 18 5 
28 14 23 12 22 27 21 25 6 7 19 9 25 10 21 11 21 1 22 27 18 14 13 21 10 16 4 13 28 18 6 11 29 23 8 21 3 12 27 0 1 26 18 13 16 22 5 6 7 1 15 30 18 25 11 1 5 10 29 15 30 5 4 28 9 28 4 13 20 24 3 5 23 23 10 19 16 13 
4 2 3 24 12 20 10 25 27 5 4 5 18 9 28 19 7 3 19 26 24 26 10 28 25 17 30 11 11 12 24 10 12 30 6 8 0 6 0 10 19 11 27 9 4 1 25 8 1 20 29 25 20 9 12 10 12 20 10 21 17 27 10 30 12 29 20 20 16 20 28 20 3 8 29 29 8 2 
3 24 9 27 27 2 27 29 1 15 29 7 8 15 3 3 28 27 8 3 10 25 18 10 2 8 11 6 30 25 7 23 26 13 17 13 1 9 2 24 11 24 23 2 24 16 5 26 13 21 14 16 15 7 30 18 16 27 0 29 24 12 15 27 0 28 16 5 18 5 20 9 15 17 4 6 4 15 
30 6 25 18 30 21 20 18 19 25 3 2 17 26 11 23 7 11 1 15 28 28 29 5 8 11 30 7 21 21 25 24 8 8 6 17 22 10 22 13 24 10 25 1 30 28 16 22 26 28 16 4 14 24 11 25 12 9 3 6 1 15 22 12 5 28 7 21 15 6 11 1 1 29 29 5 3 9 
25 24 23 22 10 14 27 1 29 22 22 13 17 11 6 9 19 5 30 16 27 4 23 22 19 30 27 13 28 11 7 20 24 29 6 30 20 4 15 1 7 9 14 22 28 10 6 11 14 11 3 2 16 26 0 21 2 27 29 26 24 3 25 24 4 11 17 3 21 26 28 30 4 3 18 19 6 18 
5 14 3 4 5 5 15 12 2 12 9 18 23 11 3 24 29 27 6 10 12 22 26 12 9 27 7 11 13 13 9 29 5 12 27 24 15 20 30 10 17 28 19 16 20 5 0 23 3 16 2 1 9 5 11 2 20 24 15 1 0 13 20 14 13 15 11 25 21 11 5 11 18 26 12 1 4 8 
20 6 6 30 3 25 17 20 19 28 21 5 26 17 16 4 8 12 20 4 7 13 0 12 14 9 4 13 10 20 18 27 0 20 25 7 16 7 9 13 21 7 6 4 4 25 0 16 16 10 29 29 5 22 29 12 12 0 0 13 30 26 15 21 7 5 1 10 5 16 16 2 12 18 27 26 12 7 
14 12 16 29 8 17 23 23 18 10 12 27 19 18 18 22 14 18 5 29 24 2 13 7 11 2 10 16 17 18 2 6 17 29 24 28 5 6 18 30 8 16 7 5 29 2 13 30 18 13 28 10 1 12 2 10 6 13 7 27 25 19 24 13 16 9 25 20 17 10 27 4 3 10 16 8 17 15 
30 22 17 14 2 23 14 0 15 18 25 3 30 4 7 1 0 30 13 12 15 7 6 4 8 11 26 4 0 0 16 26 25 17 21 20 13 1 19 11 21 15 16 17 4 13 26 21 3 5 9 27 19 21 9 2 11 3 10 0 9 9 17 14 29 2 25 20 30 7 16 30 20 15 24 3 30 23 
26 16 19 5 15 26 4 3 9 2 8 14 22 6 15 27 7 10 16 25 0 23 27 29 26 27 27 15 9 3 11 23 24 22 12 15 17 27 8 12 3 23 11 0 28 9 7 5 13 25 21 16 11 7 7 15 3 15 19 21 1 0 1 22 10 25 21 25 30 28 13 2 2 25 0 27 12 27 
28 5 12 10 12 10 3 28 29 27 9 13 11 18 19 9 28 3 30 19 27 25 16 5 23 18 17 20 28 5 24 8 9 10 28 23 18 10 23 16 2 28 10 3 12 21 15 12 28 25 16 22 18 27 16 6 13 8 2 21 0 25 0 12 7 8 3 3 15 1 3 20 9 0 27 3 20 17 
4 1 24 12 7 23 20 29 21 20 14 14 25 13 9 2 0 14 12 28 18 1 30 12 16 27 5 16 15 23 12 25 11 27 6 18 5 17 12 29 13 23 9 12 23 20 30 26 9 3 19 4 5 12 20 17 20 1 3 28 0 27 5 11 26 19 13 18 16 16 4 6 9 15 26 3 5 5 
22 30 30 15 30 21 7 6 20 9 22 12 20 10 13 22 18 10 8 29 29 26 22 26 6 7 22 26 2 17 16 23 1 28 23 15 1 2 20 30 26 9 23 23 28 8 19 11 26 15 12 21 17 13 7 22 2 9 4 0 8 4 11 23 1 24 12 1 2 7 29 16 17 12 22 1 9 3 
27 25 15 22 26 11 6 0 30 17 29 16 18 17 18 16 16 1 29 20 6 30 28 27 20 19 20 8 7 1 6 10 0 4 4 5 7 10 26 12 21 23 2 15 28 15 4 30 21 16 23 13 28 1 28 10 11 6 7 20 3 10 4 14 21 29 6 23 15 24 9 0 28 21 28 22 29 28 
18 2 13 13 11 20 13 2 6 13 8 10 11 30 10 18 11 17 1 19 9 8 12 10 4 13 5 21 15 9 14 18 13 20 27 2 27 2 7 23 27 3 0 10 16 20 12 24 29 29 14 20 19 1 20 22 30 17 24 6 28 6 0 9 27 13 9 3 7 18 2 29 12 20 15 10 21 1 
22 11 26 0 8 28 18 7 16 14 2 20 30 3 9 4 19 14 30 11 13 16 17 9 9 11 19 0 16 12 25 5 24 19 30 25 5 14 24 5 25 23 16 8 19 18 5 4 18 22 4 22 29 8 18 19 23 27 20 2 24 1 6 10 25 5 2 22 14 14 1 0 9 19 10 7 11 9 
3 2 27 22 21 24 3 7 5 27 25 6 16 7 30 20 13 25 1 17 17 11 21 14 0 25 7 6 10 20 4 1 12 30 8 6 18 27 26 6 26 27 15 22 7 22 5 0 26 0 19 17 12 17 13 30 27 1 17 22 16 1 13 6 8 25 23 18 6 22 5 21 23 28 2 24 4 11 
6 15 12 7 0 27 3 27 25 9 9 16 10 21 19 5 3 21 2 16 2 8 4 5 4 30 3 28 6 18 27 21 13 22 0 19 25 14 19 10 15 22 30 6 6 7 28 13 22 9 9 15 29 0 4 17 0 8 20 29 12 0 17 7 25 1 19 21 20 23 9 25 21 13 8 1 8 3 
17 29 16 22 23 28 13 14 16 2 30 16 28 2 8 16 26 30 7 2 11 30 8 0 10 17 30 29 13 29 28 24 23 0 6 15 14 24 7 20 2 15 3 30 9 8 28 22 10 27 18 20 26 11 10 17 15 4 9 6 27 13 7 16 12 20 11 9 15 12 19 6 22 3 30 28 30 3 
13 26 14 17 29 18 23 3 16 20 21 13 0 12 13 17 1 1 0 3 11 11 8 16 16 14 3 25 3 0 3 21 2 14 27 3 2 15 30 13 11 29 26 14 16 28 23 11 22 12 22 28 20 8 28 15 19 27 16 9 27 17 8 8 23 4 25 8 30 3 0 10 19 19 30 13 5 17 
