9
2 14 29 4 23 25 3 20 11 4 19 17 6 15 30 22 6 7 3 28 5 6 29 3 2 14 7 27 29 11 10 4 6 16 22 12 12 20 6 5 15 21 23 7 7 24 4 16 0 2 6 4 14 29 5 
26 22 27 3 18 15 27 12 23 12 27 27 1 2 6 26 27 20 26 3 18 11 6 21 24 2 16 3 7 22 27 15 7 12 13 7 14 20 24 21 9 24 30 1 28 15 0 0 10 3 26 2 23 0 28 
13 11 25 8 5 11 2 29 16 1 15 2 18 25 20 4 2 18 9 1 0 21 20 30 2 9 15 18 27 7 6 27 3 29 4 10 19 18 7 2 5 12 16 25 6 11 6 25 7 23 12 1 28 28 30 
25 10 10 23 18 2 25 19 5 28 25 17 12 24 25 5 16 25 2 30 26 1 22 6 28 12 14 20 7 0 26 16 4 10 4 6 1 9 28 12 27 5 14 25 17 29 8 28 17 22 23 3 28 15 16 
2 30 30 28 10 22 22 24 22 2 25 15 27 30 8 22 11 13 25 18 10 14 4 25 8 18 22 20 16 12 29 10 15 0 28 23 20 29 1 0 2 2 0 20 4 6 19 12 4 21 10 12 25 22 4 
11 1 5 5 0 30 21 2 8 2 29 24 21 0 23 2 3 18 15 12 11 30 27 25 27 19 19 7 10 6 17 0 25 14 2 4 4 20 12 21 9 27 7 8 2 12 0 9 30 12 1 26 22 28 10 
3 29 2 29 29 8 9 24 6 18 3 29 0 13 27 3 27 15 6 1 12 8 5 1 25 0 29 10 19 19 11 11 27 5 7 17 0 28 28 30 12 6 17 19 9 29 20 17 9 5 22 8 29 5 2 
30 11 30 21 20 1 6 5 24 20 14 18 0 26 19 0 23 21 29 2 23 11 20 24 21 6 11 12 17 22 29 18 12 18 21 16 29 1 30 13 10 11 29 2 8 26 16 17 20 6 9 22 13 0 9 
7 26 12 25 6 16 11 1 4 28 4 30 6 2 21 11 14 14 5 10 3 1 13 7 17 29 6 0 29 29 17 19 13 4 6 7 23 0 13 27 20 16 24 24 6 0 1 28 1 22 26 8 22 22 14 
6 4 2 13 22 27 18 10 6 12 22 13 29 22 28 11 13 22 22 1 15 13 8 21 16 29 0 30 24 17 27 16 8 0 4 22 23 22 6 6 8 25 22 6 10 30 21 12 10 4 11 0 28 11 23 
20 23 21 2 21 27 25 28 13 7 9 4 20 24 26 20 27 15 23 25 0 24 25 2 29 3 30 9 12 10 4 14 19 16 17 20 3 17 16 26 24 28 2 9 26 30 10 11 8 18 2 26 3 28 14 
25 5 18 28 26 5 22 3 17 28 0 30 26 28 2 13 10 24 18 11 6 8 12 4 4 30 14 15 9 14 7 27 11 3 19 20 12 17 22 4 9 21 5 7 11 19 6 5 3 5 24 21 2 27 15 
20 24 30 15 4 17 8 26 6 23 29 19 22 19 28 4 7 24 0 22 26 30 19 25 12 18 15 23 13 11 18 14 11 12 5 4 27 2 9 3 15 4 7 29 20 14 29 2 1 30 17 29 17 27 17 
3 4 28 5 4 11 17 18 14 4 30 21 6 6 12 17 21 20 6 6 16 4 13 5 13 21 10 8 25 10 20 8 9 12 14 28 4 9 16 13 14 15 14 29 4 23 1 7 22 0 28 11 0 18 25 
1 11 18 26 20 28 28 11 22 0 23 27 0 24 8 8 14 18 14 29 15 17 7 12 16 3 10 6 2 21 17 28 18 8 24 16 2 21 15 22 7 18 0 23 27 24 29 18 26 8 30 27 1 8 18 
26 5 19 22 2 20 29 8 22 20 27 0 1 2 9 1 21 8 15 7 22 12 13 9 1 25 25 7 17 7 22 0 7 24 20 6 25 24 25 13 4 5 19 20 8 14 22 21 28 17 9 27 13 6 2 
6 24 9 26 22 0 10 3 22 23 9 5 13 25 29 27 14 22 0 1 13 11 17 20 20 3 27 19 6 7 8 20 7 4 5 3 13 15 8 4 16 8 23 13 6 30 3 30 30 8 14 21 12 1 7 
18 3 12 19 30 27 29 1 1 30 27 3 24 13 1 17 9 18 19 23 25 24 2 4 20 4 28 29 11 0 9 0 28 9 21 19 13 11 4 5 6 0 16 14 21 1 27 12 27 2 30 30 17 25 17 
