5
28 23 2 7 7 21 7 18 2 10 18 19 19 24 9 14 7 18 20 8 22 
20 21 24 4 17 8 14 0 18 12 28 29 7 25 0 12 3 18 14 26 4 
5 6 22 29 23 25 18 9 16 18 9 8 26 3 10 13 6 27 24 21 5 
18 11 26 4 23 10 19 9 19 21 3 3 15 12 23 8 20 12 9 12 12 
13 23 0 10 8 13 5 22 27 22 4 28 27 3 25 10 16 3 17 9 27 
7 14 0 25 21 1 18 30 10 7 10 25 1 30 4 5 11 7 25 16 26 
7 23 12 7 10 1 26 19 18 9 5 1 2 11 23 4 5 11 7 23 26 
23 10 28 25 24 6 15 7 11 18 9 18 28 2 27 11 19 1 20 1 21 
25 10 17 22 2 12 18 23 20 7 26 18 26 0 14 6 5 11 29 19 3 
20 12 29 9 23 2 2 7 1 27 23 4 27 26 8 22 27 12 18 17 20 
