6
29 26 4 4 20 5 18 1 23 12 24 17 6 18 20 1 6 29 29 11 26 9 15 24 12 16 26 19 
29 14 18 16 30 27 20 26 24 22 14 6 26 29 0 25 23 25 6 13 0 7 8 3 3 26 30 22 
6 30 25 13 9 18 7 15 21 30 27 6 29 16 25 8 11 29 26 13 1 6 24 9 11 18 4 19 
27 15 20 16 27 5 30 8 24 9 24 16 0 16 2 3 17 4 0 23 21 15 4 13 30 23 20 0 
11 8 29 6 7 11 14 23 6 28 16 17 0 9 11 2 6 15 21 15 0 27 29 12 17 27 21 25 
28 1 27 18 22 7 24 12 6 15 1 11 5 17 5 13 17 9 25 16 14 29 22 14 11 29 14 25 
24 1 6 22 23 7 17 14 5 26 21 29 7 8 22 1 2 12 22 10 20 15 1 27 18 20 13 8 
30 3 21 8 22 8 30 9 8 21 1 12 2 1 12 15 26 1 6 0 12 20 29 10 19 13 28 18 
1 28 0 14 0 27 2 2 14 12 18 19 17 11 11 25 27 4 8 4 14 19 30 30 8 23 30 5 
16 0 29 7 4 20 24 12 22 30 22 12 29 24 11 26 6 8 13 2 20 0 10 23 13 19 19 15 
4 0 10 7 24 29 3 11 11 13 10 28 18 21 24 17 6 7 30 2 12 1 28 7 21 30 8 27 
4 16 4 19 9 19 8 7 26 21 22 17 23 1 14 28 24 22 26 29 7 15 22 12 17 9 18 13 
