9
7 30 25 16 24 11 22 13 11 8 25 11 15 28 3 12 12 5 25 12 2 0 26 4 10 12 27 9 5 2 17 14 0 5 19 27 23 26 21 1 14 20 28 4 7 1 28 13 18 21 29 16 26 9 12 
6 12 26 8 14 28 21 30 21 16 26 13 21 8 20 29 3 0 28 29 24 12 23 9 10 28 21 23 21 28 3 12 20 23 1 26 0 22 26 14 5 18 28 11 20 27 9 12 20 17 17 25 1 4 3 
9 13 16 3 18 11 13 14 4 28 16 15 23 20 19 24 30 13 3 9 26 26 0 6 22 17 26 0 17 30 19 25 20 24 0 12 6 6 8 4 0 20 7 12 19 1 13 21 29 24 6 7 12 9 12 
6 16 24 13 21 19 21 20 28 3 5 2 20 21 20 14 1 7 15 1 28 25 19 11 13 26 12 3 19 12 27 6 19 10 28 27 7 25 1 17 20 12 30 3 3 20 12 7 14 12 9 29 18 18 28 
9 9 15 4 20 2 3 24 26 13 7 3 26 30 5 5 2 8 18 2 24 14 30 16 10 8 26 2 23 5 2 3 18 4 29 26 29 17 28 30 0 5 11 14 25 19 20 21 10 15 11 10 25 30 20 
26 1 21 8 20 5 6 15 30 23 10 12 14 30 9 11 20 17 26 24 11 28 1 26 3 5 20 25 18 29 6 16 21 27 10 25 8 7 23 18 11 3 16 29 12 18 8 2 5 21 18 7 1 25 1 
9 13 24 2 8 14 1 5 3 15 8 12 4 22 0 29 11 14 12 1 5 6 30 18 23 11 12 8 30 15 27 28 17 14 14 6 16 19 10 20 20 16 23 20 29 0 18 14 16 27 28 19 26 7 29 
30 12 8 6 26 7 1 25 17 9 2 30 3 17 10 14 3 0 29 14 28 2 29 7 6 3 27 5 17 24 19 26 4 28 10 17 15 9 15 17 22 19 3 10 10 4 4 23 25 27 25 24 2 12 24 
7 20 14 19 29 8 19 21 29 30 3 23 20 27 19 29 1 7 25 7 11 0 10 8 21 30 10 29 20 23 26 3 18 4 12 27 2 28 21 21 4 13 18 29 17 8 18 29 25 28 25 18 10 27 15 
17 4 24 26 1 11 12 20 14 13 7 4 8 23 6 23 27 21 14 3 10 10 3 6 21 21 22 8 7 1 8 7 17 15 22 14 5 26 10 20 12 4 8 12 20 12 1 24 12 7 1 19 18 3 26 
8 19 0 25 26 1 18 10 15 25 3 30 10 8 25 15 29 23 26 17 10 16 9 27 28 10 6 10 17 17 23 28 29 3 14 17 3 12 9 3 29 23 5 26 17 4 3 23 9 0 9 14 27 5 21 
30 8 14 12 0 23 28 11 18 30 4 21 28 3 3 2 16 5 16 5 23 28 11 4 12 27 16 7 0 18 12 19 6 29 0 7 19 5 30 8 29 2 21 21 25 18 1 1 26 29 30 1 23 7 29 
17 30 26 17 3 21 11 7 2 22 2 13 1 18 6 9 27 25 21 18 22 9 29 13 11 11 21 17 20 2 18 20 20 6 30 14 19 8 22 17 9 28 9 30 14 14 22 30 12 30 15 28 25 16 2 
20 25 3 27 13 13 18 0 14 13 11 28 20 17 6 15 10 20 19 26 9 29 18 10 5 6 12 16 1 3 1 14 15 19 25 25 16 28 15 11 30 12 28 9 2 22 11 8 7 19 10 14 7 7 15 
11 16 16 21 2 20 18 4 30 21 3 30 12 5 15 29 26 14 7 8 11 0 26 10 7 15 1 24 1 9 7 27 20 10 0 12 3 3 0 2 2 1 23 2 27 30 6 11 7 29 22 15 2 29 25 
26 5 16 27 30 13 21 22 8 21 1 19 15 11 11 25 4 21 30 5 17 16 14 7 14 27 10 19 16 29 15 12 30 8 11 16 5 24 0 19 13 5 22 26 3 20 8 7 24 30 29 9 4 15 12 
14 13 26 20 23 8 0 5 22 19 4 1 21 10 29 12 2 24 23 10 21 9 7 9 7 13 16 11 19 7 1 16 3 18 8 3 1 2 20 10 13 27 15 23 3 12 15 4 22 9 21 1 19 30 4 
22 19 25 28 24 20 22 15 23 0 0 16 0 26 16 18 8 1 19 15 24 28 24 1 3 17 25 27 20 28 22 0 20 24 28 24 19 30 25 15 10 12 13 9 7 6 24 22 15 7 12 16 27 6 19 
