9
21 10 30 22 16 27 29 27 4 18 25 15 21 0 3 4 21 6 14 6 16 29 29 17 13 3 28 3 21 15 3 15 2 15 6 24 29 13 24 17 24 0 1 28 16 6 27 20 24 18 27 21 14 25 10 
7 25 7 12 29 18 30 26 20 12 15 20 2 19 20 7 28 17 17 9 13 12 7 2 3 22 24 14 22 10 2 9 23 27 27 17 7 7 14 25 1 20 0 15 22 10 22 19 13 5 19 24 5 20 26 
4 12 23 29 23 5 17 30 1 9 25 12 22 14 15 10 25 3 21 30 24 8 30 6 21 25 8 29 24 18 24 22 3 6 5 16 24 10 23 16 5 18 30 29 21 26 1 9 0 30 29 0 29 3 26 
21 11 3 24 29 15 14 15 19 0 26 19 18 16 28 6 12 29 30 30 3 23 2 15 23 24 12 10 26 13 14 15 17 27 1 14 1 4 29 12 23 8 16 2 29 2 6 21 21 10 13 25 17 3 17 
10 23 26 10 20 2 21 12 15 11 23 28 19 20 23 0 20 3 30 30 14 3 23 5 22 24 19 21 15 0 28 16 18 19 17 13 4 5 5 12 18 8 29 30 11 25 13 21 27 19 13 0 19 3 15 
17 25 28 4 12 24 15 8 20 7 17 11 4 19 14 15 20 15 1 22 13 15 15 22 12 24 30 16 29 19 26 28 28 16 26 1 10 18 13 14 27 13 8 2 0 3 11 18 16 24 3 1 16 27 8 
23 19 3 26 25 2 29 29 25 22 18 18 14 4 25 24 29 22 5 24 22 28 4 19 11 5 30 13 16 5 16 28 13 13 17 2 6 28 8 20 9 9 10 9 25 15 26 1 23 26 6 19 14 22 0 
26 3 10 27 4 20 12 27 15 11 10 23 29 25 26 28 21 22 1 11 29 17 9 1 0 16 14 14 14 6 9 4 1 11 16 19 8 9 25 26 26 20 7 0 3 18 25 29 11 1 23 3 24 1 26 
21 10 18 9 19 4 8 3 27 7 24 3 19 23 16 13 12 0 26 4 29 5 20 7 17 1 15 30 10 12 17 19 17 5 18 20 1 21 19 1 12 26 1 0 28 10 28 11 5 7 16 1 17 21 0 
20 10 13 9 1 7 6 25 25 2 27 14 2 30 19 25 25 8 14 3 15 24 24 23 4 10 9 19 29 16 6 20 10 0 12 9 17 27 4 9 15 5 11 12 19 0 18 6 29 11 28 24 28 1 0 
11 6 24 17 17 0 10 18 27 27 28 7 21 18 17 14 4 24 16 15 19 22 24 18 26 19 22 2 22 3 12 16 10 27 2 30 5 29 12 20 14 18 18 29 23 13 16 19 1 14 17 29 17 19 30 
29 1 25 26 29 3 27 16 6 8 22 0 15 19 30 23 15 22 7 17 13 5 12 4 12 11 24 25 21 21 5 14 30 11 3 8 17 22 1 22 22 12 21 26 24 26 20 0 15 16 10 8 18 27 22 
19 10 23 21 10 4 5 28 1 2 30 0 26 26 1 17 0 14 8 7 0 25 22 1 14 1 6 16 21 4 19 7 12 0 19 11 14 6 29 22 20 9 2 16 27 12 17 8 28 19 20 2 29 3 21 
18 9 29 23 17 17 29 19 23 19 24 9 19 21 13 29 14 14 2 12 26 16 1 8 27 10 13 18 27 17 17 8 25 12 27 4 8 12 28 11 1 11 13 21 27 0 28 6 3 0 21 27 30 5 10 
28 21 27 16 1 19 28 19 18 22 14 18 16 28 0 8 20 29 28 6 30 3 21 3 20 13 12 16 23 17 0 24 0 5 1 24 10 10 23 13 23 15 10 2 11 9 22 1 20 27 2 16 4 25 15 
21 28 13 27 2 9 5 8 19 20 26 22 24 17 14 17 26 14 14 16 6 24 23 28 18 5 1 20 26 30 27 2 11 21 7 13 8 29 28 0 8 9 30 26 3 29 21 2 23 12 19 29 20 17 1 
28 27 15 9 24 16 0 20 26 19 23 4 22 6 0 16 6 20 25 22 11 5 30 13 0 19 15 14 7 5 5 5 5 18 30 7 30 30 0 21 25 26 29 0 4 8 7 27 0 0 9 12 23 19 7 
12 28 0 9 9 27 4 12 8 6 16 4 21 1 21 2 16 12 8 12 19 4 26 25 18 20 24 6 20 15 29 24 5 22 15 26 5 2 18 13 28 6 14 3 20 19 22 9 29 25 23 0 3 7 4 
