7
3 15 21 21 14 15 12 8 23 2 20 5 28 9 19 30 24 11 12 26 19 26 25 29 8 7 11 16 6 4 11 11 11 21 28 5 
13 15 6 22 13 11 12 16 11 24 14 5 20 26 0 13 28 28 21 25 5 3 17 20 23 8 18 15 0 25 19 22 27 23 13 14 
14 3 1 29 25 20 14 0 27 10 29 24 11 5 16 21 8 27 11 10 8 12 7 5 30 15 1 10 29 16 15 6 23 21 2 7 
16 13 13 24 28 25 11 12 20 17 3 21 29 7 28 7 8 15 23 29 8 15 2 17 18 6 16 19 23 19 8 1 10 12 16 12 
3 20 6 26 18 23 20 23 18 17 23 8 23 22 22 9 13 13 12 16 20 22 24 12 19 10 4 13 6 5 28 28 3 8 21 23 
5 21 26 14 30 22 20 21 15 17 9 11 26 9 30 26 9 26 23 6 28 26 28 6 1 8 20 20 12 8 16 5 23 1 14 4 
11 18 13 23 19 13 30 21 17 0 13 30 21 2 18 17 1 13 11 30 2 0 22 0 7 5 8 1 0 16 15 10 6 8 0 10 
26 6 11 6 7 14 6 0 2 13 28 10 22 27 12 16 25 4 17 15 12 6 4 5 6 25 29 12 4 2 13 29 13 17 23 25 
14 16 6 18 9 2 8 3 16 4 21 23 25 24 12 25 28 19 18 12 20 15 27 23 25 9 13 17 16 4 29 1 6 6 18 30 
30 28 21 0 21 4 11 8 13 25 8 2 2 18 27 26 12 5 28 25 25 1 10 0 2 24 24 13 7 24 0 6 26 3 8 16 
28 5 28 13 18 8 1 7 10 29 1 1 21 24 6 12 17 19 2 19 23 20 7 30 19 9 27 26 10 2 27 6 3 9 25 10 
15 18 14 12 12 11 6 28 26 6 3 16 2 17 25 3 20 2 7 16 5 29 12 15 2 21 27 12 7 10 23 19 28 18 27 15 
10 0 27 21 14 14 9 12 25 2 26 23 10 21 9 30 13 18 20 3 29 9 9 9 10 29 10 0 19 19 6 28 19 7 22 30 
8 1 24 7 27 28 3 12 1 8 6 23 23 16 23 24 20 7 2 29 28 6 16 30 26 30 2 22 6 19 27 15 5 10 20 14 
