7
30 30 25 5 12 5 22 11 25 20 6 5 18 8 1 22 5 11 12 5 1 2 24 13 6 17 4 19 10 25 15 27 25 30 26 20 
5 13 6 13 21 3 1 23 5 25 4 24 16 7 10 29 15 26 1 30 8 3 10 12 8 21 21 1 29 6 4 7 23 9 6 4 
25 18 24 0 9 9 7 21 14 26 16 27 8 15 13 9 6 4 10 21 5 9 18 3 14 1 15 22 24 14 11 30 12 22 0 11 
3 25 17 13 1 9 14 19 5 7 4 8 18 12 17 11 11 27 28 23 5 27 15 21 20 28 17 15 26 15 24 2 12 19 25 15 
29 9 7 26 8 19 21 12 2 21 11 10 12 11 21 15 24 11 6 18 8 7 4 7 20 27 25 27 26 7 14 10 2 7 9 5 
21 8 29 5 20 15 1 8 18 9 23 11 11 19 12 24 30 12 26 15 26 10 10 25 10 24 3 4 24 10 18 28 1 22 7 25 
21 3 28 24 24 19 30 13 1 25 14 3 10 9 28 29 14 2 16 15 27 2 9 16 10 10 14 9 0 23 19 19 24 14 26 8 
29 6 10 20 26 25 26 2 13 16 29 23 23 19 5 22 10 28 21 5 0 23 18 26 4 2 10 2 28 28 25 29 1 4 16 21 
27 12 28 0 11 20 10 11 24 3 20 9 17 14 10 24 14 18 18 11 29 29 10 23 7 3 2 26 23 5 23 1 4 14 8 24 
1 13 1 3 27 23 12 22 14 14 3 28 27 13 1 30 27 16 27 4 0 21 7 22 25 17 2 3 20 24 0 1 29 6 5 28 
6 19 26 27 26 20 6 0 9 4 5 27 6 23 2 4 23 18 10 16 17 8 30 24 30 18 22 18 1 26 24 28 0 13 29 21 
13 28 27 23 10 15 25 3 23 3 24 11 10 21 8 3 3 30 0 8 1 24 28 18 0 12 14 18 28 1 24 10 22 4 2 8 
20 13 0 3 17 18 24 28 17 27 12 15 19 25 6 14 14 12 19 7 30 27 12 20 14 12 7 20 6 1 15 14 12 19 5 23 
24 14 7 20 25 16 19 20 17 25 27 14 29 6 25 6 30 4 16 27 26 27 10 2 29 5 29 2 27 25 6 19 16 5 20 25 
