7
8 12 6 28 7 27 4 18 25 12 14 24 21 1 30 5 18 14 3 10 12 10 6 27 18 19 25 9 29 2 19 24 26 23 6 7 
17 23 8 17 17 3 21 6 28 0 10 4 9 25 25 20 6 2 4 26 12 2 11 8 30 16 19 22 17 21 23 2 26 11 13 20 
19 25 5 17 11 21 26 7 29 15 18 12 14 18 1 23 18 2 13 8 16 1 25 1 4 13 22 17 28 12 9 22 14 4 14 22 
3 8 0 8 16 17 29 4 17 15 17 30 30 16 22 13 30 17 30 21 5 3 15 5 12 13 10 19 8 17 28 18 19 16 18 30 
1 9 27 19 17 10 5 0 28 21 13 30 16 3 13 0 18 15 19 5 4 2 5 27 13 6 7 9 5 12 4 14 18 28 20 8 
9 19 5 4 0 0 30 24 7 16 23 3 20 25 17 27 6 24 0 21 19 28 21 4 15 1 1 23 24 18 24 17 21 16 29 22 
25 13 3 10 29 19 9 11 8 25 19 3 28 10 28 15 6 22 23 10 21 18 29 26 23 8 6 16 17 27 28 24 27 4 5 19 
16 23 7 25 7 2 26 7 4 16 10 22 23 12 13 10 21 20 2 0 24 18 19 16 2 4 16 5 17 18 21 12 9 27 4 2 
26 27 5 22 25 19 12 24 21 25 10 24 29 10 17 30 29 13 1 2 14 11 20 11 1 9 4 25 21 17 28 24 23 0 27 25 
2 28 9 23 3 17 10 27 11 22 10 10 15 0 9 18 24 24 19 1 6 24 22 13 21 12 8 3 18 7 12 28 12 28 0 23 
25 0 14 22 30 7 15 23 5 6 8 24 0 7 11 3 5 26 9 9 5 24 24 19 10 0 12 28 15 28 1 19 11 17 18 11 
8 18 18 28 19 30 7 4 10 27 5 3 29 24 1 27 19 15 18 22 28 8 0 16 2 4 18 22 20 0 19 24 25 6 7 19 
28 8 11 1 23 21 6 9 24 30 22 26 2 10 30 6 26 30 11 7 2 7 29 15 18 12 7 17 12 25 17 24 12 2 13 12 
21 10 17 5 20 16 11 20 11 21 9 15 22 21 6 0 12 5 28 11 27 4 29 7 13 18 4 26 2 1 9 12 19 17 11 7 
