8
18 13 16 28 28 6 2 29 11 10 0 14 13 29 12 4 17 25 29 20 11 18 30 7 5 5 10 27 16 24 2 24 15 9 5 4 25 24 16 1 16 2 1 8 14 
10 30 16 27 26 24 17 26 12 13 0 22 13 5 16 14 23 14 26 13 15 19 6 27 18 25 15 17 12 20 30 24 13 15 18 14 4 17 28 25 24 19 5 9 3 
2 18 6 0 7 29 17 4 27 12 16 30 7 15 30 19 4 1 9 29 9 1 9 26 1 28 20 22 8 4 2 2 24 4 28 3 16 8 0 6 25 22 18 11 26 
1 24 0 15 4 17 11 24 24 30 22 26 18 23 22 10 14 18 20 20 19 5 29 11 0 2 16 6 3 2 27 18 10 19 5 25 7 6 17 11 1 0 4 23 24 
21 24 1 13 19 20 9 12 7 18 14 8 30 11 20 30 7 11 1 4 2 24 14 16 23 12 0 16 2 10 10 9 18 24 4 17 28 27 24 29 5 3 9 14 13 
15 9 9 27 15 17 28 0 14 12 23 23 20 17 23 27 27 26 13 14 3 7 0 9 10 28 2 21 29 27 29 16 6 7 5 1 1 27 3 14 29 14 11 27 1 
18 27 13 27 5 18 29 8 15 9 17 17 11 16 1 12 6 3 22 20 12 13 22 7 20 2 11 22 7 23 2 14 26 23 27 21 25 13 20 3 28 20 19 7 19 
24 11 4 16 29 17 1 28 29 16 1 7 5 21 10 19 11 22 29 13 2 24 0 22 26 29 19 3 28 10 1 30 22 5 1 9 12 17 7 17 10 13 29 14 27 
18 10 18 19 0 26 2 27 5 7 11 22 9 15 30 13 27 26 1 17 6 12 24 12 27 27 26 29 27 13 17 14 11 5 14 28 13 26 28 3 2 18 15 26 24 
6 23 13 29 8 0 24 0 13 10 29 1 15 12 16 18 16 0 28 7 25 26 20 16 19 7 30 19 25 4 4 22 0 4 13 8 5 19 2 23 15 15 14 13 13 
18 9 29 26 19 13 1 29 5 4 28 15 24 19 19 16 9 7 19 26 30 5 30 26 22 8 15 1 25 8 6 6 2 28 20 5 10 2 21 19 2 5 12 11 26 
30 4 28 30 19 0 23 17 24 25 3 5 2 1 22 20 24 29 12 6 17 16 0 7 8 12 25 19 24 16 6 18 19 1 14 17 25 5 5 16 4 29 28 23 10 
22 18 20 2 10 28 1 16 7 22 3 20 26 25 21 22 15 22 10 0 12 25 5 1 2 14 1 23 0 9 22 16 16 4 9 13 14 8 1 19 19 8 11 4 24 
26 1 5 12 0 7 15 25 29 4 4 20 11 19 4 27 16 2 7 16 14 1 17 13 9 24 13 18 6 22 20 28 12 3 7 5 24 7 24 18 26 10 21 3 23 
18 6 18 9 4 29 14 23 3 23 26 8 2 26 9 18 2 29 23 25 7 5 3 27 30 23 30 5 30 19 16 4 3 26 6 1 12 30 25 25 14 29 5 17 20 
22 28 29 23 25 20 20 18 0 26 23 2 7 12 16 11 25 3 27 29 17 25 15 15 27 26 2 1 3 2 0 6 3 21 17 9 11 21 15 4 6 7 11 12 11 
