10
29 24 12 12 21 19 4 20 18 6 15 17 6 24 19 14 5 20 20 3 24 8 2 23 6 13 17 29 25 11 16 14 4 30 17 14 19 26 16 14 29 27 19 16 7 1 8 0 15 25 14 12 11 28 23 14 3 22 26 9 28 3 24 9 16 9 
25 23 11 21 21 4 30 11 0 6 17 26 30 23 12 22 2 3 24 26 18 2 20 10 21 6 8 7 9 19 5 4 16 30 27 14 24 14 6 17 18 27 8 27 18 5 13 5 30 9 18 10 12 21 12 30 12 22 13 7 19 21 22 13 2 0 
9 3 16 20 21 3 8 21 15 19 17 9 4 0 23 24 23 27 22 24 28 14 28 2 8 21 18 2 20 11 14 23 0 26 18 9 20 26 8 14 3 19 2 7 3 23 0 24 12 28 9 14 4 30 19 6 29 29 20 25 28 20 11 7 16 8 
5 2 13 12 7 1 11 27 12 12 7 23 18 19 12 4 20 13 3 16 12 18 9 25 29 0 16 25 8 7 22 21 21 11 9 25 28 25 4 27 13 4 6 27 4 15 3 25 20 23 22 6 20 19 10 12 9 27 6 28 8 2 30 20 27 0 
10 13 11 1 13 22 15 19 24 25 15 1 6 10 27 9 29 22 23 9 22 17 9 18 12 18 10 22 19 6 19 16 4 22 16 16 9 10 17 5 23 12 16 10 11 19 24 19 8 2 5 28 19 11 21 14 9 5 23 0 9 19 4 22 26 15 
0 5 24 30 19 24 1 20 4 2 15 24 4 11 3 10 5 4 27 2 18 13 30 8 25 30 29 15 10 23 4 28 2 26 8 5 20 2 26 11 1 5 6 11 18 14 25 7 27 2 18 11 11 20 10 17 12 0 27 7 12 22 5 9 17 20 
3 4 5 6 23 26 3 29 6 14 21 28 2 29 2 22 13 14 1 26 30 11 11 23 8 24 26 14 25 14 26 1 7 7 17 5 19 3 7 15 2 18 8 27 18 4 3 20 18 21 1 4 19 16 14 23 1 2 5 8 0 6 27 16 21 17 
14 13 30 11 28 22 12 14 12 9 6 5 16 11 28 25 13 23 7 9 4 18 9 12 30 24 30 10 27 23 7 20 21 27 11 20 11 24 12 28 15 7 24 2 26 14 28 3 18 19 10 6 10 10 14 22 21 30 2 8 9 17 11 9 16 27 
19 27 14 8 12 0 7 6 2 25 0 16 7 0 19 22 2 2 6 3 16 7 5 13 29 12 19 20 5 4 13 22 30 8 18 1 16 5 18 12 19 8 25 3 3 18 5 4 6 11 24 9 12 25 21 14 18 4 2 16 22 10 11 6 21 24 
5 9 11 17 23 21 11 12 0 9 24 2 15 26 29 11 10 27 27 30 1 11 2 8 4 14 16 4 0 3 30 21 28 8 19 26 18 20 14 17 9 18 6 7 8 25 7 1 3 11 23 22 9 23 24 23 2 4 9 8 18 14 0 27 10 28 
19 4 20 27 29 20 4 0 20 24 24 16 24 2 9 8 18 21 20 20 13 24 10 28 14 26 14 24 22 29 9 14 21 5 22 21 1 19 9 11 16 1 25 10 20 29 12 8 15 3 6 12 9 27 27 2 26 10 22 29 16 23 2 14 25 0 
29 18 25 6 27 5 0 7 18 23 2 5 25 19 7 24 0 8 21 24 26 16 3 4 28 3 3 4 8 17 15 19 17 11 29 16 10 16 22 22 1 20 21 16 24 14 18 25 21 10 26 3 7 29 26 20 29 29 24 18 0 20 9 6 18 5 
25 7 3 12 9 17 2 21 1 20 1 17 14 24 12 20 14 26 17 2 4 9 9 7 23 27 18 1 21 3 4 28 3 11 9 17 15 26 16 23 24 9 10 13 4 16 30 25 4 0 5 4 0 4 12 7 11 25 21 23 6 20 29 13 22 14 
16 7 0 15 7 0 7 6 23 6 20 9 17 18 27 28 16 24 17 23 6 23 5 23 26 11 11 22 12 6 24 27 20 11 17 29 28 8 17 26 25 6 11 7 27 19 17 5 15 4 2 1 10 1 12 13 29 10 4 22 7 29 5 3 3 15 
26 15 12 5 14 11 27 8 16 1 23 28 6 14 14 13 27 12 11 28 9 30 30 24 15 10 0 12 22 7 20 18 0 6 10 16 12 17 18 20 6 17 6 4 18 25 18 26 21 9 26 8 18 12 22 0 1 1 0 29 3 14 17 25 7 19 
3 26 26 27 17 10 0 25 18 19 2 14 2 19 19 8 5 17 15 6 0 4 24 7 1 23 14 3 4 18 24 23 1 13 15 18 4 1 13 0 21 22 19 10 11 30 8 19 25 10 17 11 5 22 20 27 5 19 6 25 20 18 18 17 21 7 
28 27 24 8 8 2 7 12 10 15 10 12 19 7 6 26 10 7 23 1 13 18 13 21 21 23 12 27 11 9 27 7 10 8 28 11 28 5 2 9 24 5 20 27 6 4 28 22 2 2 7 14 26 24 13 8 30 20 22 0 23 16 28 25 6 0 
11 25 12 0 8 1 14 19 26 14 17 7 8 26 13 17 3 2 14 12 0 22 26 23 1 18 2 23 26 30 5 1 24 16 15 24 11 1 20 22 9 3 22 12 1 7 17 27 3 28 13 21 20 13 3 30 11 24 5 26 20 30 10 5 12 3 
10 9 0 13 8 13 17 28 4 28 15 5 6 30 18 22 4 17 8 18 11 3 16 24 28 1 27 19 2 4 23 12 2 9 11 28 22 18 20 14 23 23 15 28 30 19 13 20 14 23 24 28 5 14 30 30 11 8 24 2 14 5 4 6 30 15 
21 19 11 26 19 15 18 27 17 16 12 0 20 29 13 11 8 23 20 10 18 5 3 3 8 29 10 15 27 27 10 7 11 22 1 0 6 3 17 4 13 24 15 13 2 9 0 8 9 26 15 12 9 13 2 11 23 5 1 22 2 14 26 1 9 11 
