9
22 4 10 9 2 0 3 22 1 14 6 22 9 1 11 17 17 15 6 28 2 29 20 29 27 0 21 27 23 20 6 5 13 11 23 4 26 14 15 21 16 27 25 22 10 22 22 23 8 17 24 12 22 13 8 
22 22 25 11 17 21 1 26 29 16 25 5 5 4 22 18 26 15 30 5 1 23 16 25 5 28 3 10 20 11 19 29 2 1 18 1 23 6 0 16 25 11 0 26 13 11 15 19 27 25 11 26 14 15 19 
8 2 6 4 20 0 12 7 17 15 1 15 1 24 24 29 7 15 14 10 26 30 0 7 19 26 0 9 14 25 16 14 28 4 18 27 16 10 3 13 10 30 24 9 2 2 10 24 27 23 22 1 17 30 23 
17 10 15 20 9 22 15 20 28 5 1 18 1 14 15 18 3 13 30 25 20 26 1 23 15 1 13 27 28 12 9 6 2 28 24 11 26 24 23 21 28 17 1 23 9 0 5 29 7 26 21 27 22 14 21 
18 6 17 20 13 9 15 29 14 30 0 10 3 14 6 26 16 20 16 20 12 26 27 19 10 19 29 24 4 28 6 5 21 17 24 26 3 22 9 27 16 18 28 12 18 13 21 17 13 20 7 4 14 20 20 
3 22 28 12 19 25 29 26 8 21 21 7 17 12 3 6 30 9 0 17 18 21 3 10 13 2 27 23 4 28 19 7 14 1 29 29 2 8 26 15 23 17 27 25 8 16 19 10 7 21 0 7 5 2 6 
27 19 29 20 11 15 17 3 8 28 26 19 1 0 30 10 3 16 19 9 17 7 15 9 6 24 27 11 26 29 0 21 16 17 28 16 15 6 9 27 19 9 24 7 22 7 2 13 8 25 11 0 23 16 14 
25 1 2 15 10 15 25 19 14 3 27 4 0 21 23 21 3 8 27 12 22 8 20 25 2 27 19 30 30 11 15 24 4 7 25 15 22 20 21 22 27 17 27 25 14 1 25 0 12 7 21 4 9 26 0 
19 26 2 28 18 5 17 17 17 24 18 20 16 8 18 19 10 12 28 19 23 16 11 27 6 1 20 20 28 18 6 22 6 19 30 6 14 10 0 30 5 29 8 19 24 7 28 20 29 27 20 10 10 7 22 
9 28 22 29 4 4 8 26 10 21 9 19 24 22 24 6 23 25 11 7 23 12 5 14 30 7 29 0 17 9 17 8 25 2 5 25 17 6 25 8 15 25 22 5 11 9 2 1 1 21 16 21 11 28 4 
10 9 4 5 28 16 13 20 21 19 16 23 1 26 17 13 21 10 6 17 14 27 24 26 9 25 17 26 5 9 30 19 11 20 29 25 29 29 9 6 5 19 29 3 4 15 15 6 30 26 23 6 30 26 22 
12 5 9 13 27 30 13 10 6 6 1 2 9 14 27 5 15 6 14 26 6 8 21 9 16 7 30 6 0 24 12 7 6 7 22 2 4 21 20 22 22 0 28 11 11 7 23 13 10 19 21 16 22 6 4 
2 23 28 23 29 2 28 0 23 1 1 19 28 2 1 24 18 28 21 24 11 3 14 7 8 19 18 6 28 17 12 30 13 14 0 10 27 17 17 25 23 25 11 29 13 21 3 9 8 2 26 21 11 4 3 
12 21 27 12 10 17 19 24 12 11 1 29 29 22 26 0 30 8 27 13 12 23 20 1 25 29 23 8 30 20 5 7 7 28 6 14 15 30 24 11 2 29 12 24 16 11 11 29 23 18 6 10 20 17 29 
23 20 18 23 15 27 2 15 23 25 1 26 4 2 17 15 23 12 21 17 27 15 11 25 5 13 22 27 16 21 1 28 8 12 29 17 8 7 6 16 18 22 11 3 6 11 17 11 30 22 16 19 28 10 18 
26 28 2 5 13 17 10 17 20 16 13 21 29 27 13 18 22 29 6 28 16 26 30 12 26 4 12 20 20 15 23 25 4 0 28 24 29 26 29 13 5 11 10 15 28 8 11 8 14 27 18 14 22 10 19 
4 1 2 16 2 26 27 0 7 7 21 11 20 0 12 25 30 7 10 30 27 9 23 26 25 5 4 11 12 27 17 11 5 20 2 23 1 30 26 28 16 18 21 28 16 21 4 12 5 14 24 4 25 12 7 
5 4 27 25 18 17 5 30 26 1 3 2 0 9 21 15 30 29 19 13 10 25 30 8 8 12 13 21 2 29 26 7 9 24 30 14 19 10 22 5 28 9 18 27 14 25 8 19 1 12 2 8 22 29 2 
