9
24 19 7 21 3 12 17 13 28 13 28 14 21 24 13 7 27 6 28 18 16 17 5 22 16 16 28 4 7 26 21 1 19 26 5 22 7 17 19 5 25 18 22 25 27 30 15 11 25 24 0 28 22 22 11 
5 5 7 19 22 23 29 19 18 23 29 11 22 30 27 23 19 25 1 8 8 16 29 1 22 15 19 23 11 24 14 16 3 9 17 17 17 15 23 30 23 6 21 16 20 6 25 28 23 21 0 4 10 28 10 
5 11 0 24 17 17 28 30 2 7 25 29 4 25 6 2 4 8 28 11 5 19 2 11 22 10 24 9 18 7 1 11 18 3 25 28 6 7 11 18 2 17 1 17 6 17 25 3 24 26 21 3 10 30 20 
18 10 18 5 23 11 22 15 19 11 12 11 14 25 10 9 20 7 13 0 13 15 22 17 1 3 17 24 13 20 21 5 0 9 3 25 18 28 11 26 22 26 9 14 6 21 11 0 14 16 19 30 19 22 10 
19 27 5 17 9 24 22 3 21 22 29 2 25 1 4 5 23 18 10 13 17 3 21 4 15 18 10 5 28 1 28 11 20 5 25 21 14 24 8 22 14 4 30 20 7 14 5 2 27 29 25 29 25 5 23 
0 18 6 28 4 19 20 30 7 19 5 19 20 29 21 13 22 24 29 29 19 28 22 30 28 25 7 14 9 24 26 27 2 27 25 16 7 7 18 0 10 25 24 10 19 29 27 2 28 24 13 9 9 23 2 
26 26 11 13 20 29 12 2 16 5 2 21 21 24 30 30 27 20 16 4 7 2 1 28 25 22 29 2 20 25 15 18 24 15 3 24 13 25 15 13 26 8 19 20 26 18 22 15 1 23 25 5 26 6 1 
10 0 6 9 5 18 0 29 21 14 17 2 25 16 17 10 3 13 27 25 8 25 20 23 27 0 8 30 9 27 24 5 30 9 3 19 18 11 5 0 21 9 12 10 21 22 19 27 15 22 11 7 22 10 30 
12 23 26 11 3 21 15 28 2 19 9 27 26 0 22 29 23 28 2 8 9 16 21 17 9 6 8 8 20 13 28 10 6 16 8 17 17 0 17 0 10 1 18 24 15 29 22 1 22 25 6 7 30 18 19 
26 28 24 22 12 30 6 7 26 23 1 29 29 19 24 19 0 23 3 5 18 9 23 5 5 10 0 24 22 28 4 22 10 10 15 23 17 25 6 30 22 13 18 27 21 23 20 0 29 29 23 17 23 10 12 
22 8 15 27 30 15 12 1 5 27 23 9 18 11 29 9 29 2 9 9 5 14 2 24 19 12 23 7 27 2 8 12 18 18 11 9 5 24 29 2 19 5 30 1 20 17 7 26 7 27 24 0 4 22 1 
26 22 25 4 28 5 13 14 3 13 26 2 9 24 26 0 14 15 10 8 16 13 10 6 11 18 29 28 28 18 8 5 24 2 13 19 29 16 4 23 13 1 5 0 15 6 2 18 17 23 11 10 6 29 6 
0 26 20 27 21 18 6 23 2 26 5 16 13 26 21 7 26 27 1 17 7 3 25 6 23 2 29 28 19 27 16 17 11 15 12 0 11 20 11 7 28 19 11 13 25 7 2 17 5 2 18 7 14 10 20 
27 0 23 0 18 8 9 24 0 0 20 15 12 0 16 2 24 5 8 9 9 17 19 19 23 5 20 7 4 0 30 16 10 5 12 30 11 0 29 16 12 21 2 11 25 0 19 27 3 20 19 28 4 17 7 
22 2 6 27 26 26 6 19 24 5 23 8 1 3 30 6 6 26 4 2 3 19 14 28 21 11 10 14 6 10 14 23 12 19 2 2 20 5 17 11 4 14 17 19 13 17 9 7 17 17 24 3 28 6 2 
14 8 21 25 22 16 12 27 24 8 27 3 11 2 2 19 26 2 28 6 20 27 11 15 22 23 22 23 28 20 6 2 24 8 19 29 5 29 19 3 7 14 0 14 14 25 30 7 18 12 13 29 24 4 5 
28 0 0 4 20 9 8 11 17 20 15 27 24 18 20 24 22 2 20 7 10 8 24 2 7 14 7 12 28 4 20 19 0 0 18 1 1 14 0 10 9 7 16 18 6 30 30 20 3 25 9 21 28 25 17 
9 26 23 17 3 0 7 1 9 29 12 20 0 14 18 19 12 19 17 23 27 16 7 1 19 24 16 16 16 10 22 28 13 18 2 18 22 26 29 2 26 10 0 0 17 10 6 1 12 4 5 19 9 26 18 
