8
3 27 11 1 18 12 27 21 11 29 14 24 11 12 14 4 22 10 26 13 15 22 17 0 9 25 3 22 10 16 10 6 12 25 3 29 14 19 15 29 27 6 22 5 27 
7 10 17 28 7 1 6 18 25 21 3 4 7 4 29 23 5 2 7 20 1 13 10 1 2 20 22 20 1 24 3 19 23 6 9 2 26 22 1 28 13 22 6 27 15 
2 20 14 27 16 12 29 17 21 28 21 1 6 9 17 7 8 13 24 2 28 3 3 16 22 14 25 5 11 9 4 26 9 14 30 12 17 14 26 27 1 14 27 27 19 
10 4 19 11 19 7 23 25 15 17 16 0 1 23 15 30 19 7 2 8 8 12 12 17 17 16 21 28 28 29 14 0 28 7 19 26 18 12 12 17 9 22 23 27 28 
30 24 16 9 8 18 16 10 8 13 10 22 24 1 6 4 1 12 13 2 30 1 28 30 3 20 30 15 1 29 3 4 7 10 5 14 13 14 19 4 16 19 8 3 11 
25 8 25 3 2 15 11 29 18 19 30 23 23 29 17 11 16 21 29 5 10 9 0 18 24 20 24 16 19 28 8 30 16 2 29 7 23 6 5 7 29 18 19 0 28 
5 30 21 30 15 19 2 24 19 0 10 7 9 22 13 15 5 29 1 4 26 14 4 3 25 21 20 9 30 20 10 22 11 7 30 8 1 3 17 29 9 1 2 26 7 
18 0 24 1 16 0 1 18 14 26 30 15 10 29 26 30 23 15 2 30 24 13 2 11 14 18 14 15 29 9 6 26 13 27 17 8 27 14 24 9 0 30 2 30 29 
6 21 5 12 14 13 6 24 7 5 30 16 0 25 19 20 12 14 13 13 0 10 12 3 18 8 11 13 6 2 5 24 11 3 28 11 0 4 14 23 3 4 12 20 8 
30 19 3 24 5 19 17 18 19 18 22 2 11 12 2 30 5 27 20 11 17 2 21 12 2 17 26 4 19 24 19 18 3 8 15 16 20 30 13 1 2 12 18 12 1 
13 6 12 13 24 16 10 28 7 11 27 29 14 26 30 7 28 9 21 28 5 5 24 10 2 5 4 8 0 23 22 11 17 3 20 13 15 4 0 6 20 14 22 26 20 
12 30 23 0 12 26 12 16 3 6 12 12 27 24 11 24 14 8 13 24 6 11 19 14 21 3 16 6 27 10 15 7 10 3 29 17 10 7 9 26 12 7 20 23 11 
15 13 14 20 3 2 2 12 21 25 26 1 1 0 21 18 1 18 6 30 19 28 24 7 2 14 1 4 3 20 25 17 26 1 23 16 3 18 19 17 24 1 24 18 27 
24 24 19 23 13 2 26 22 10 6 20 21 1 22 19 24 20 30 12 26 21 25 11 16 0 16 0 23 10 9 28 0 18 2 3 14 21 11 10 1 11 10 23 10 30 
16 26 27 15 9 21 23 8 7 14 11 29 17 11 21 8 16 3 24 16 24 13 3 6 22 26 1 4 16 9 1 19 23 5 10 19 8 26 10 4 3 4 27 25 3 
12 8 0 18 9 3 16 24 25 10 20 27 7 4 13 1 5 17 23 10 7 16 14 28 4 29 15 28 4 22 9 30 1 22 7 13 2 12 22 23 18 6 1 29 7 
