7
21 21 0 23 2 30 10 23 2 7 23 15 12 5 26 18 15 26 25 12 25 3 26 11 6 13 30 4 1 16 3 10 17 5 20 19 
10 25 15 13 10 24 25 17 27 29 7 22 12 3 4 0 19 21 9 27 19 5 21 3 20 26 10 1 20 10 3 8 25 5 28 27 
1 11 0 28 12 27 26 8 18 4 1 5 17 12 15 15 4 17 28 24 3 13 7 11 14 4 25 24 11 20 30 26 29 19 23 29 
27 23 7 4 20 8 17 10 11 2 5 30 3 16 23 19 21 11 23 22 18 2 7 6 15 10 27 24 5 27 29 22 29 17 26 3 
11 25 1 14 11 12 21 10 4 22 20 11 29 25 0 14 21 0 5 15 0 4 4 2 12 20 29 6 22 27 26 11 13 16 23 5 
13 16 11 17 20 5 16 10 11 29 12 8 20 23 15 11 14 8 16 6 24 27 6 27 22 19 0 6 7 11 17 22 18 11 13 2 
28 28 10 5 11 3 26 4 22 3 18 5 20 29 10 12 7 29 2 19 1 20 1 24 11 12 26 15 21 12 27 5 26 5 16 11 
4 0 19 0 20 4 6 22 13 16 14 30 28 11 21 20 2 20 30 8 0 22 18 18 9 27 22 1 25 29 21 4 9 26 27 14 
30 18 13 29 25 7 6 3 24 26 0 21 20 1 8 20 10 28 28 17 4 26 15 19 23 22 1 5 6 29 15 19 12 6 0 22 
10 7 8 29 15 22 15 5 26 15 24 16 28 2 2 0 21 23 23 15 18 11 22 8 7 30 2 8 13 5 18 24 5 22 15 27 
21 22 10 28 9 0 0 23 6 19 1 24 9 8 16 13 20 13 9 27 14 5 10 13 12 16 10 27 25 16 30 6 25 10 6 30 
26 8 11 18 12 8 28 19 12 29 15 11 23 27 16 21 22 11 16 8 21 17 28 3 12 14 0 16 6 26 26 27 25 17 11 12 
20 1 4 26 7 6 18 28 8 23 21 2 29 14 16 24 30 2 11 24 8 16 28 9 20 29 27 7 5 27 27 21 7 15 9 10 
2 12 28 13 23 26 6 26 29 9 5 25 12 23 25 30 18 27 2 13 2 18 14 27 26 16 11 16 27 18 30 25 25 29 17 22 
