8
25 14 11 29 28 14 7 26 2 2 14 18 22 27 1 6 29 11 7 8 26 23 16 8 15 5 17 6 27 22 18 21 19 8 24 28 1 7 2 15 25 28 27 25 2 
10 3 14 27 3 12 10 24 10 6 14 5 2 14 12 25 28 11 6 6 11 20 17 6 7 6 15 23 26 24 27 12 6 30 5 6 5 0 7 26 3 5 2 25 22 
25 21 27 19 28 19 10 1 24 9 9 5 0 4 16 7 21 13 18 15 10 27 3 17 2 27 7 15 25 11 27 26 15 26 25 3 17 29 28 27 24 3 10 13 11 
22 12 9 0 10 5 2 24 4 23 12 29 25 2 5 21 24 7 10 22 12 28 15 1 1 28 18 13 12 29 21 20 17 10 23 6 18 28 12 5 30 22 6 1 28 
18 23 9 11 19 7 25 26 14 21 1 14 0 0 22 15 4 9 4 7 0 29 30 19 18 18 3 30 4 9 28 11 29 3 18 24 12 12 16 11 11 14 24 12 5 
12 10 16 12 25 12 28 13 27 14 6 18 30 13 20 4 2 22 11 2 9 4 13 3 4 7 19 9 2 10 24 1 1 6 5 27 24 30 6 24 22 18 22 8 23 
11 27 4 11 28 28 26 3 22 10 0 21 0 9 22 23 15 9 8 9 23 29 0 1 0 30 9 30 4 13 29 21 14 10 9 15 5 28 0 30 22 5 19 28 15 
24 12 4 6 20 4 9 28 25 10 27 11 19 28 19 25 14 27 18 20 14 18 15 28 1 0 9 16 3 29 30 26 22 24 18 24 30 2 13 27 13 12 2 10 6 
17 8 22 18 18 17 12 0 4 10 27 25 3 17 0 12 20 10 20 14 20 7 0 19 30 13 27 16 24 29 16 12 2 22 26 9 30 25 17 12 24 24 19 26 27 
18 10 3 12 29 10 24 29 6 2 12 24 23 3 10 19 1 26 28 18 19 17 6 30 4 27 11 10 27 17 23 22 30 24 5 29 6 6 26 2 15 2 4 24 16 
26 0 5 17 0 14 11 23 15 11 8 8 3 15 22 9 20 26 21 19 28 17 23 16 10 6 2 19 27 16 12 23 27 16 9 27 23 1 25 11 19 21 27 19 25 
24 20 19 0 9 11 21 20 3 2 6 30 20 18 11 18 16 16 3 5 7 29 8 4 24 18 1 13 25 26 2 18 13 27 23 13 29 14 0 24 14 0 3 8 17 
25 8 19 5 0 5 13 21 3 8 10 22 10 15 4 19 10 23 13 21 27 24 15 17 13 20 28 17 18 19 0 25 25 9 0 2 3 9 18 9 2 4 10 14 8 
0 16 19 21 23 28 7 9 26 14 27 3 9 28 10 28 1 19 15 1 7 3 5 3 16 13 10 5 27 12 5 1 2 28 23 1 20 7 18 1 19 28 8 21 19 
16 5 2 16 1 28 15 5 29 4 11 25 4 12 25 2 10 7 14 6 25 5 11 25 9 30 23 4 15 28 1 1 13 23 21 3 26 5 6 9 18 26 11 3 3 
0 2 11 15 19 14 23 26 6 13 28 30 30 11 4 3 15 22 27 22 15 27 22 17 29 25 3 13 17 23 26 26 6 29 16 3 30 11 28 4 11 10 17 17 8 
