10
15 3 17 10 15 18 29 28 30 25 23 6 13 25 23 28 16 6 11 3 22 2 16 30 26 15 26 27 2 9 0 9 19 0 5 13 17 14 27 30 21 1 5 14 5 24 28 10 15 26 5 1 1 20 24 4 5 18 8 15 26 12 30 14 26 30 
10 4 20 16 29 0 6 5 26 20 17 28 30 4 12 3 18 11 29 8 30 2 6 13 3 17 0 25 16 5 22 11 4 26 8 27 13 12 15 17 16 28 26 9 23 22 16 10 15 19 2 3 2 24 24 8 26 29 11 11 28 4 19 6 9 4 
17 15 19 21 12 9 20 17 21 21 27 20 29 0 5 25 12 5 29 7 0 29 6 27 4 24 5 26 26 21 25 24 10 18 24 29 0 28 0 18 29 9 2 26 19 21 20 3 2 13 23 29 6 24 14 25 10 27 29 1 6 17 12 28 2 15 
10 15 23 8 5 19 3 13 24 26 2 23 5 12 3 10 1 5 21 7 1 30 29 4 6 29 8 16 1 4 10 16 2 2 20 6 21 22 26 10 29 4 14 3 12 24 15 22 0 25 30 26 17 2 18 28 18 1 30 26 26 19 24 29 22 13 
13 6 21 17 8 16 22 26 0 2 15 7 21 16 15 13 22 16 1 15 24 28 27 10 29 22 20 24 5 4 27 13 27 18 21 9 6 21 18 28 4 0 10 11 26 9 7 9 26 24 9 5 9 3 30 23 22 12 14 20 28 28 17 9 21 11 
6 5 13 15 7 13 23 17 6 13 8 25 11 24 0 21 2 19 13 10 21 9 16 24 5 17 17 18 16 24 26 6 22 5 8 27 26 3 1 5 7 3 25 2 3 7 15 12 25 3 18 27 0 10 0 0 2 9 4 25 15 18 7 6 16 14 
18 12 28 4 3 27 9 11 25 7 15 0 9 24 25 1 7 8 26 30 25 14 18 19 24 17 27 9 14 7 24 12 24 15 18 8 30 19 2 18 9 1 22 24 11 14 2 2 22 27 1 10 25 30 27 27 23 6 15 25 15 25 29 29 17 18 
29 8 13 26 15 10 22 27 3 17 20 7 26 12 30 20 14 0 1 6 7 8 16 1 1 20 3 12 15 1 11 12 6 23 25 6 1 20 14 7 8 26 12 4 9 11 24 9 20 3 13 19 16 3 15 16 26 28 30 15 2 7 12 8 28 0 
3 6 12 11 23 22 6 13 5 23 23 27 7 9 1 30 5 13 18 21 29 20 15 3 24 13 18 13 9 13 11 4 8 21 5 15 23 21 10 25 12 4 22 15 7 24 25 18 24 28 29 11 6 9 26 30 8 21 2 28 23 9 0 10 2 2 
3 10 6 9 9 30 15 11 20 20 19 5 24 20 24 0 30 18 14 5 30 19 6 6 14 11 4 1 15 6 12 5 30 8 13 20 2 25 0 7 14 1 20 1 22 16 28 21 24 27 16 7 19 27 21 18 5 23 3 13 26 5 0 27 4 17 
2 3 5 6 22 5 12 21 27 22 11 11 17 1 12 1 30 30 27 20 14 2 2 15 27 27 29 5 29 23 4 23 15 26 13 23 14 23 22 2 18 6 7 25 3 29 17 0 16 8 22 30 4 27 13 6 30 26 22 28 14 28 22 3 27 0 
21 6 21 28 19 8 19 13 19 6 29 6 14 24 25 14 16 12 27 1 16 30 15 14 13 10 11 9 14 28 14 20 12 20 28 25 1 14 12 2 16 10 19 28 4 7 30 15 5 28 27 13 4 6 13 22 20 25 17 7 11 9 25 28 30 18 
1 2 20 25 7 22 15 8 14 7 10 1 21 12 15 27 10 26 21 21 22 16 23 0 21 9 25 12 27 26 25 14 11 0 2 12 25 3 13 16 15 2 17 28 8 15 5 2 30 15 21 22 12 8 16 16 5 27 4 10 13 24 5 4 13 18 
28 22 1 16 25 23 1 9 24 13 21 9 6 23 8 10 21 1 19 28 30 29 6 19 26 30 15 7 0 13 18 7 28 19 24 19 3 14 29 13 27 10 21 7 0 21 30 27 26 4 26 13 3 11 30 27 13 11 17 4 21 7 21 16 2 26 
30 29 29 30 27 22 8 15 30 22 23 2 29 14 2 25 7 22 6 12 1 2 16 5 14 0 11 25 9 11 3 18 8 8 5 17 11 16 23 0 27 20 15 24 13 16 7 24 8 22 17 23 5 18 2 24 2 14 9 10 10 29 17 1 14 2 
11 15 22 9 7 24 27 3 8 22 15 13 28 15 2 20 9 29 21 22 12 5 9 14 7 1 30 8 9 7 17 15 17 29 18 7 9 20 10 18 14 1 5 12 11 28 7 19 8 28 7 18 9 29 24 11 7 1 10 4 17 21 19 21 17 5 
29 5 17 24 21 17 26 23 3 27 30 13 4 19 20 30 9 6 2 7 27 20 14 30 20 23 30 21 10 14 15 10 8 15 30 2 28 7 21 16 11 6 4 28 12 17 16 3 23 11 10 27 17 12 10 29 9 3 29 0 10 17 8 29 7 25 
8 10 27 18 13 19 1 7 11 1 12 13 22 20 11 1 16 17 25 5 20 11 4 17 29 9 30 12 10 13 8 14 10 23 22 25 26 20 9 13 27 27 19 10 7 10 8 16 30 17 8 7 24 7 23 28 21 20 0 1 30 23 28 23 23 13 
22 22 25 17 15 10 16 25 22 26 3 23 29 7 27 0 14 1 15 27 16 15 19 27 24 10 24 8 3 26 10 4 15 18 3 12 16 30 29 17 29 19 29 24 26 10 25 11 17 15 10 17 3 7 17 7 23 25 20 26 22 11 14 18 28 19 
24 5 21 22 10 20 3 13 19 29 13 10 29 28 19 9 21 24 24 13 13 12 1 23 28 13 27 19 17 22 1 6 8 21 22 6 0 29 10 3 22 25 26 30 19 1 1 6 14 20 0 17 18 27 11 17 16 9 6 13 30 15 29 27 17 15 
