12
6 8 16 24 2 12 23 3 22 7 17 7 1 30 12 27 22 6 11 24 21 21 6 23 10 23 16 13 3 20 28 13 18 21 3 4 6 23 10 20 5 17 8 0 9 7 30 29 17 12 0 10 10 18 3 25 26 18 10 12 24 26 3 25 13 17 28 27 6 19 13 21 26 0 12 7 7 21 26 3 20 29 24 12 19 21 5 17 9 1 22 
27 27 22 4 12 17 15 22 16 24 15 23 4 8 11 19 18 30 3 9 5 18 19 8 14 19 27 29 14 1 26 29 10 23 15 5 27 15 17 8 24 16 16 27 24 20 19 5 16 24 15 17 21 5 18 13 10 11 15 29 4 0 0 24 15 12 12 14 16 1 21 25 26 9 25 19 15 17 23 11 19 14 25 5 28 4 1 8 7 8 26 
17 29 3 27 0 11 2 4 20 21 29 6 5 1 10 20 18 0 20 3 12 12 7 14 0 3 18 6 5 12 1 8 13 23 4 6 6 9 11 27 6 10 11 1 11 1 2 6 27 16 14 3 30 12 26 17 7 12 11 29 27 25 11 12 7 12 1 28 1 5 16 29 9 18 30 19 12 11 24 18 16 29 11 5 21 13 16 20 4 13 27 
21 6 5 2 9 3 24 16 6 22 7 9 23 6 21 22 9 23 17 24 5 16 26 9 0 5 12 18 29 17 3 13 28 19 17 26 11 0 19 1 26 27 30 22 6 15 15 28 24 30 27 6 23 11 2 18 30 20 17 6 13 0 10 14 4 13 26 11 20 11 17 29 24 30 17 19 20 2 0 13 8 12 27 4 23 21 28 1 22 6 15 
21 21 4 30 28 18 8 2 29 7 5 24 4 8 17 13 30 28 16 29 13 23 25 2 4 17 6 18 20 27 20 22 24 16 21 16 14 30 27 30 6 25 24 30 2 3 28 23 11 5 19 29 1 5 1 22 21 0 21 4 12 16 16 18 12 9 4 10 27 25 17 5 26 0 6 26 27 19 16 13 16 19 28 11 8 24 18 15 12 23 0 
19 19 24 11 23 24 0 6 4 12 11 18 1 10 19 5 8 14 17 19 27 27 7 30 19 9 5 19 0 14 3 0 10 27 9 22 13 28 30 28 12 6 27 13 23 6 12 22 23 26 5 28 0 10 1 26 15 7 27 12 14 30 6 2 23 9 1 20 18 14 25 6 1 24 5 7 1 23 10 15 6 10 29 3 6 7 6 9 23 21 20 
25 11 27 30 13 17 14 30 30 11 23 8 11 19 22 23 5 11 8 6 13 27 18 29 28 24 19 21 25 30 28 14 10 18 4 18 6 16 16 13 16 3 9 12 28 15 29 11 4 15 8 29 1 9 24 25 27 6 27 7 10 13 25 28 16 22 15 28 1 28 1 14 20 16 4 21 17 11 29 18 27 12 12 7 25 15 24 26 19 20 12 
21 5 15 4 10 30 18 5 19 26 29 12 7 5 30 13 6 27 10 10 14 19 27 3 1 0 12 23 25 13 17 29 0 2 30 14 14 21 5 8 21 6 4 0 11 0 5 21 20 16 29 11 0 9 1 19 29 5 18 1 18 5 23 30 29 20 22 0 22 14 11 11 23 4 3 8 9 2 23 25 3 27 4 14 0 28 23 6 22 28 13 
28 27 25 30 7 13 19 24 21 13 8 4 6 3 4 20 17 26 5 23 25 24 1 20 29 16 17 10 20 30 25 24 30 21 10 21 18 29 7 17 11 24 1 11 26 5 8 5 22 12 25 15 15 16 25 28 8 0 22 25 7 30 15 11 29 27 15 28 22 9 15 26 12 0 20 12 17 20 27 27 24 9 13 1 29 24 4 9 17 12 28 
25 14 12 11 15 10 10 21 13 5 22 16 0 14 22 30 6 8 26 3 27 6 24 4 12 2 10 27 15 15 26 24 6 4 6 4 18 13 28 29 8 23 19 17 2 17 15 16 2 8 1 30 20 20 5 21 16 26 1 12 19 0 8 2 20 29 19 2 17 10 5 22 4 4 30 27 3 14 12 9 26 14 9 28 0 11 25 2 14 8 12 
4 8 12 7 16 13 3 8 27 7 3 14 27 15 11 4 13 17 22 0 26 17 4 26 19 3 6 13 20 10 27 2 29 15 24 11 23 7 29 14 28 2 24 2 12 25 25 3 24 4 13 20 11 28 29 13 21 22 0 27 19 25 26 28 29 15 3 11 19 7 21 14 28 17 4 6 0 22 9 27 2 27 24 14 11 8 2 4 18 2 22 
11 3 12 28 30 4 25 18 23 8 7 29 10 23 18 3 28 10 30 29 21 12 22 8 26 7 20 2 14 28 6 6 25 14 12 25 29 15 0 24 28 2 7 26 17 15 18 16 24 12 19 26 21 7 10 27 16 25 15 15 14 21 9 13 1 0 16 7 15 27 13 28 22 26 1 6 2 6 8 22 27 17 27 22 30 5 30 26 19 17 18 
23 14 0 10 15 13 13 23 19 30 24 7 30 18 25 10 18 13 5 26 1 2 8 3 17 22 13 18 30 13 11 29 19 22 6 16 27 20 15 14 20 12 11 20 21 18 17 5 16 9 17 0 5 29 3 2 25 12 3 24 14 28 21 15 30 3 28 26 8 12 17 4 17 28 5 27 23 26 10 30 7 21 20 3 24 24 16 4 12 1 25 
13 17 30 18 17 1 6 26 26 22 11 27 2 29 4 8 29 17 18 29 9 2 28 0 25 19 15 13 17 14 13 3 29 8 17 5 14 14 10 26 6 27 13 17 18 16 26 28 12 20 18 19 6 28 8 28 29 28 11 9 9 11 13 27 19 1 16 28 7 24 14 5 14 13 15 7 4 26 4 21 24 12 29 26 3 3 24 12 8 22 11 
21 23 5 13 4 11 1 1 9 22 15 15 19 10 10 22 25 22 15 18 28 17 18 4 28 4 29 3 14 5 16 3 9 14 6 10 17 25 12 9 19 1 17 6 17 6 13 6 17 27 0 0 30 9 11 4 26 3 6 24 25 26 27 29 28 24 14 26 17 6 22 5 23 27 12 18 14 22 24 5 24 22 20 24 6 1 10 2 27 25 7 
23 13 0 1 26 28 21 23 16 12 2 20 19 30 5 1 13 11 10 4 12 24 28 30 17 21 11 30 1 5 27 3 14 5 26 13 16 22 18 6 10 16 24 2 3 8 5 30 23 18 1 13 23 0 6 3 14 29 30 1 0 6 3 28 10 0 24 23 10 0 24 22 28 24 0 1 23 22 7 2 8 28 13 9 18 12 3 1 11 7 9 
16 10 4 15 11 6 8 12 8 7 0 14 0 20 10 25 1 18 4 27 27 30 9 12 16 4 30 3 28 20 16 3 19 30 19 14 11 26 27 14 15 6 25 27 9 23 18 6 25 20 9 29 21 6 26 3 30 9 1 13 3 29 22 2 13 27 30 15 6 30 25 16 15 30 1 15 18 12 9 28 0 25 12 3 13 9 29 12 18 27 23 
8 9 23 9 3 11 4 21 27 13 26 10 1 16 17 0 27 30 13 22 15 21 5 19 0 20 13 16 25 10 13 13 30 25 2 14 24 9 11 30 11 11 27 23 16 24 12 6 25 24 16 9 27 8 14 3 8 22 8 29 22 20 27 11 25 1 21 23 11 10 7 25 28 16 20 4 19 1 1 7 12 25 15 0 27 15 26 25 5 15 23 
8 24 20 23 8 14 15 16 8 28 10 2 15 14 14 29 26 11 30 10 1 20 22 0 26 12 7 13 10 12 0 1 15 16 23 22 10 12 23 11 14 29 19 28 6 11 15 17 3 7 3 23 28 4 8 19 24 19 11 13 20 5 28 0 14 30 13 2 15 4 25 2 14 0 6 25 5 15 12 28 0 16 11 0 7 2 13 27 21 21 9 
13 30 0 29 9 22 6 0 29 16 29 4 9 6 5 19 19 6 12 28 0 14 28 11 21 4 8 20 24 12 14 18 14 22 18 8 17 26 24 21 28 11 19 21 14 10 13 28 20 14 30 24 6 12 13 2 13 4 2 2 3 2 9 6 4 9 28 10 22 11 17 8 9 7 13 26 8 14 3 4 20 4 21 2 16 26 7 6 30 24 21 
24 21 9 30 10 26 16 4 0 13 9 23 25 17 26 3 4 7 8 30 29 17 0 9 15 18 29 10 23 22 26 18 18 5 6 15 27 11 23 9 15 2 20 26 28 24 25 5 3 29 20 8 2 11 26 25 21 13 12 13 21 9 2 22 0 18 17 0 19 3 26 13 21 28 2 6 28 14 14 14 15 0 0 10 3 0 29 20 5 11 11 
12 5 0 15 4 19 25 11 1 30 12 6 8 13 25 19 13 30 7 25 2 19 1 9 2 20 14 10 28 2 7 17 13 24 2 30 12 15 23 29 3 18 3 28 30 23 1 13 7 16 29 8 10 10 19 6 3 2 21 7 8 5 6 13 20 25 9 25 13 21 1 2 6 13 26 25 19 6 3 19 9 20 6 29 13 26 24 8 15 30 27 
0 18 26 6 8 28 24 26 30 26 26 26 28 21 22 3 20 8 13 7 9 3 1 24 7 28 5 30 19 24 11 0 18 11 19 6 3 4 24 20 13 11 1 1 3 5 27 22 27 27 21 7 21 4 3 8 18 25 16 8 23 1 10 0 30 28 12 13 16 18 23 23 16 1 24 1 12 13 30 10 23 21 3 3 28 6 15 29 9 27 26 
25 11 30 15 16 25 24 19 11 22 17 23 28 8 7 10 24 5 6 17 18 19 6 6 2 12 7 19 13 24 0 19 5 26 19 13 18 28 8 8 18 9 6 19 13 10 24 9 3 1 14 14 27 18 23 13 7 2 0 9 28 24 7 9 25 4 2 20 13 17 4 5 13 5 8 15 4 25 22 22 4 0 26 22 30 4 14 12 26 9 15 
