6
8 26 26 24 20 25 7 1 30 28 9 24 2 24 14 16 18 30 17 13 0 15 13 0 21 21 1 26 
28 4 16 22 11 10 4 21 21 26 0 10 7 4 7 20 22 6 12 6 28 23 3 18 2 10 30 10 
6 10 27 29 15 13 3 28 9 22 22 19 14 2 23 25 9 11 0 16 7 8 1 26 2 23 10 10 
10 26 4 28 8 22 6 5 21 28 11 24 10 19 12 4 5 26 15 23 29 24 30 9 7 16 9 24 
1 26 28 30 28 5 29 11 27 30 16 17 13 29 2 9 10 24 1 22 9 14 14 9 7 3 1 0 
28 6 18 1 12 30 7 29 0 19 11 11 1 6 2 20 28 3 3 9 21 6 3 18 24 9 5 26 
14 1 19 0 1 20 3 27 25 25 25 18 7 23 29 21 5 22 28 11 14 10 6 16 2 21 20 8 
23 21 28 25 19 29 17 15 0 11 24 19 26 16 10 15 28 8 26 0 30 1 20 29 24 10 18 2 
18 0 9 26 22 19 13 23 25 14 10 28 12 25 1 7 10 16 10 27 25 2 1 25 14 9 12 15 
14 10 24 17 25 9 20 27 22 16 12 2 0 29 24 6 8 3 7 19 13 29 9 1 11 28 3 30 
2 20 22 21 7 10 8 8 29 9 18 28 6 26 20 17 18 21 28 21 20 29 9 19 27 19 0 3 
7 18 1 7 29 28 5 23 2 7 25 10 13 4 28 28 23 17 5 8 2 17 4 8 22 24 10 9 
