8
14 19 21 9 17 6 15 0 30 7 12 25 24 3 26 13 21 29 27 22 1 7 19 3 28 30 19 22 14 0 15 14 28 1 11 18 16 16 14 13 11 1 3 15 15 
21 1 16 24 20 1 18 28 23 25 9 28 28 24 9 21 17 27 27 30 5 15 19 28 25 24 4 12 12 16 2 3 15 8 6 14 26 25 18 22 12 0 21 10 29 
13 6 5 25 29 20 25 13 17 2 24 8 26 9 19 13 15 22 30 13 11 23 2 16 20 4 20 14 2 28 5 4 12 13 7 16 16 13 29 5 16 25 21 14 28 
19 0 8 1 9 15 0 1 21 26 24 12 14 17 26 17 24 11 7 27 13 15 17 20 17 15 30 21 20 12 9 4 4 4 2 16 26 2 13 7 1 7 19 2 4 
29 0 11 6 27 19 17 20 6 30 17 4 30 12 26 8 23 29 10 14 19 26 1 22 3 6 7 1 11 9 5 11 21 21 13 5 16 0 17 4 30 22 6 28 11 
15 14 6 20 15 14 5 2 12 3 19 23 2 10 7 26 30 18 16 24 21 12 5 11 23 5 9 21 29 20 15 19 26 30 28 14 25 5 10 18 5 22 2 22 16 
28 2 9 16 26 16 16 17 16 1 9 24 10 9 10 14 7 5 28 25 24 8 0 30 6 2 24 17 15 3 21 3 30 5 4 12 16 24 4 27 19 1 0 23 14 
12 8 14 22 18 16 26 16 29 30 3 19 1 28 26 3 10 30 26 29 6 23 0 27 10 30 30 22 7 9 0 18 25 7 5 12 25 22 12 2 29 17 24 16 26 
17 27 9 25 3 12 21 20 27 29 0 11 11 2 3 2 30 27 26 13 17 28 1 29 12 30 30 7 20 22 17 6 20 6 6 22 12 25 17 9 18 9 26 0 19 
20 27 17 25 12 11 29 30 28 17 2 0 11 5 8 10 5 2 30 17 12 12 15 16 6 12 14 7 17 13 16 22 17 22 15 18 26 25 15 22 11 7 18 15 1 
7 0 14 15 9 6 16 24 7 23 27 23 4 9 21 19 11 15 24 10 5 16 9 20 17 7 9 17 26 5 28 19 10 18 8 14 22 8 19 22 21 24 13 17 20 
27 18 30 9 18 19 13 12 4 29 29 8 8 2 28 23 19 7 12 9 18 26 11 20 4 30 0 11 5 4 29 24 0 13 24 10 14 0 6 1 18 4 18 6 10 
11 11 14 4 7 5 11 22 28 5 19 23 23 1 21 6 15 11 16 20 3 17 28 1 3 13 4 23 8 28 20 17 4 20 25 29 10 23 8 26 11 18 7 15 21 
10 5 24 27 19 25 11 18 20 14 13 7 9 1 21 24 12 6 0 7 1 18 30 12 1 15 7 2 10 18 7 23 22 6 20 4 11 20 1 0 23 5 14 26 1 
1 13 3 13 12 9 2 28 21 11 17 13 25 24 3 27 27 30 9 17 18 6 25 17 22 6 2 16 25 3 30 24 12 7 18 18 16 26 24 12 24 28 13 16 28 
9 19 22 30 16 11 26 28 6 13 8 17 29 26 22 20 29 7 1 17 17 17 19 6 24 23 6 22 29 28 10 17 2 3 6 10 16 8 27 7 18 11 6 13 17 
