8
6 29 12 1 6 27 19 18 27 9 22 4 6 10 19 1 11 2 6 8 14 15 14 28 9 25 30 6 11 4 8 10 11 6 17 25 16 27 7 1 2 17 28 16 14 
14 3 25 13 30 25 29 8 26 20 15 2 10 13 9 20 13 21 11 5 6 3 1 1 26 30 3 13 15 7 2 28 8 26 4 23 10 4 8 28 7 26 4 25 3 
12 25 2 28 6 0 21 18 7 17 26 27 15 4 14 30 3 23 5 4 0 9 13 3 10 1 1 28 0 27 4 10 24 29 9 14 14 17 9 23 4 25 24 6 30 
18 19 12 21 6 26 9 28 23 13 25 3 1 6 18 18 30 20 4 2 4 29 2 4 29 22 0 22 26 4 20 29 6 14 4 22 15 22 29 27 21 10 15 2 20 
20 30 20 17 8 15 27 16 2 19 7 23 16 28 24 20 27 26 2 2 15 10 9 9 0 23 20 2 19 4 7 12 26 23 1 11 3 30 16 26 28 30 16 24 6 
2 7 8 18 22 16 21 6 3 11 8 12 19 26 20 13 1 18 27 12 16 2 7 26 29 1 1 11 15 30 17 1 21 28 12 3 0 25 11 7 11 7 5 14 25 
10 7 9 26 7 13 27 1 25 27 10 28 0 17 25 17 13 3 11 0 21 17 30 5 22 22 15 1 4 22 26 26 27 23 15 21 15 6 17 24 4 28 24 15 15 
21 25 3 22 17 17 26 21 15 22 21 19 6 7 4 24 4 28 13 6 9 19 15 20 22 15 15 6 1 11 17 26 2 23 9 16 18 1 3 11 18 11 3 16 3 
4 8 29 15 7 26 6 16 0 11 10 9 27 18 20 25 6 11 2 17 20 28 8 17 11 2 8 29 17 19 7 24 6 22 6 14 4 24 2 1 11 21 6 9 26 
21 19 11 24 27 19 29 16 24 4 23 8 20 25 2 19 22 20 6 20 3 29 2 3 14 30 0 10 14 18 23 14 5 3 17 25 27 26 14 17 18 27 14 25 30 
18 3 23 21 28 11 10 23 19 25 30 10 15 15 3 2 6 30 8 8 24 12 15 8 13 12 4 16 3 18 28 29 22 30 1 18 13 12 18 13 0 10 24 15 18 
12 25 14 29 17 20 30 17 30 2 4 6 26 23 23 7 25 3 7 20 2 6 22 4 2 19 22 27 28 1 23 16 16 21 14 23 7 9 10 29 29 22 6 9 20 
11 10 14 18 22 0 20 18 18 2 25 12 27 26 18 24 27 11 15 18 16 30 4 30 17 20 29 24 27 13 23 19 9 14 3 4 3 5 29 12 20 13 22 3 15 
18 27 5 20 7 28 12 23 28 15 10 11 17 3 27 20 15 12 28 0 24 21 13 13 15 13 25 24 25 27 10 7 8 9 9 17 28 9 17 4 2 24 11 11 11 
8 13 2 22 30 5 27 10 22 23 28 12 8 15 2 2 25 8 9 23 21 14 29 30 19 2 5 11 18 16 29 5 28 8 14 22 29 6 28 7 26 13 2 13 16 
16 27 3 4 1 20 2 28 2 23 16 4 22 27 23 10 21 10 16 13 1 18 9 13 26 11 2 11 27 11 9 4 25 29 23 14 7 26 8 24 2 29 7 27 24 
