10
27 18 15 5 3 7 16 21 10 4 2 27 0 21 13 9 23 17 14 0 2 21 15 8 8 22 15 0 0 14 30 0 20 21 28 24 11 13 5 19 19 6 12 14 25 23 26 1 18 24 11 13 16 20 6 22 15 11 6 21 13 0 25 19 7 9 
22 25 28 29 24 10 30 7 10 5 13 29 4 2 2 23 25 24 15 11 9 3 13 17 27 11 0 1 11 21 25 9 16 22 25 9 9 13 0 19 3 27 11 11 1 15 27 29 9 24 29 2 28 6 15 12 3 3 27 22 21 30 1 28 20 12 
23 12 12 15 26 6 27 29 5 11 6 25 20 9 27 4 25 24 27 6 17 16 2 22 7 14 20 27 4 21 11 0 17 24 25 22 8 21 15 5 7 5 0 3 7 9 5 11 8 4 3 18 17 2 29 20 23 13 29 14 16 26 15 14 18 14 
11 13 18 27 2 17 11 15 6 22 6 5 0 15 10 4 4 11 5 8 12 16 7 20 6 4 29 22 10 7 23 24 4 25 17 29 24 6 17 12 22 3 1 25 25 14 26 25 4 0 23 12 19 22 13 29 20 17 26 17 8 28 26 10 18 11 
20 15 25 19 15 30 27 24 6 5 15 20 1 30 22 11 13 22 2 29 30 10 12 19 9 15 10 19 5 24 10 30 4 4 28 5 13 6 25 8 27 2 28 3 28 19 18 2 24 7 29 4 8 5 5 9 13 14 3 4 28 3 23 29 30 13 
7 2 28 3 0 3 14 27 20 7 18 2 9 30 12 29 5 20 30 27 16 10 18 27 23 7 12 8 30 24 16 9 9 3 30 26 20 0 20 6 5 1 0 1 20 3 11 24 10 14 30 18 0 22 8 6 12 2 15 17 16 29 15 18 29 11 
26 27 13 2 25 25 8 16 23 8 29 12 12 14 20 20 2 24 20 20 14 6 6 15 20 26 20 29 6 20 17 1 3 9 5 3 7 18 26 11 2 0 27 11 6 17 30 28 26 22 20 29 2 5 29 0 4 20 28 27 18 6 16 27 8 9 
5 21 29 13 24 29 0 24 6 12 1 10 3 22 28 9 8 7 13 24 17 12 13 16 26 21 15 18 2 21 19 2 4 24 29 19 29 26 23 18 15 18 15 23 27 11 11 26 28 14 6 29 20 20 22 4 17 2 15 17 3 1 4 16 28 20 
12 16 26 22 19 7 4 8 11 28 2 4 27 8 5 19 7 1 30 19 27 17 21 17 14 28 28 19 7 2 23 8 13 8 25 15 29 25 28 14 26 18 9 13 18 1 2 4 10 17 28 25 6 22 29 2 10 24 23 25 28 9 25 0 16 1 
13 3 6 7 18 14 13 14 18 10 2 5 22 8 12 25 8 27 0 12 5 20 26 2 24 10 3 5 5 30 12 22 16 17 16 27 13 3 24 27 22 2 28 22 26 2 3 4 11 21 20 5 13 2 9 28 22 12 3 12 2 21 25 6 2 22 
0 10 5 6 27 25 20 13 10 30 11 14 8 18 23 4 9 2 26 7 11 11 3 5 17 5 19 9 26 19 11 2 12 15 27 1 16 27 26 28 9 9 26 28 3 13 24 20 30 9 21 9 23 18 16 9 24 30 10 16 29 17 23 18 20 3 
6 13 11 21 20 28 7 4 25 17 20 10 24 14 18 16 19 22 6 2 26 16 3 25 24 17 5 18 6 9 16 4 11 2 23 13 21 3 23 20 7 28 24 27 11 25 17 15 15 5 25 26 29 3 2 10 15 16 14 18 23 3 14 25 24 20 
28 24 19 29 29 8 11 18 22 8 8 8 25 15 14 8 7 6 30 3 28 17 15 2 29 26 18 20 14 13 25 14 19 17 22 17 10 17 1 29 10 7 3 17 18 15 12 16 22 0 29 30 22 2 23 27 23 0 15 17 17 13 21 16 1 13 
15 16 25 11 1 9 6 10 15 23 8 11 12 14 18 3 22 22 23 24 15 15 8 10 21 15 7 9 15 12 18 30 25 21 4 5 0 9 18 17 18 2 28 24 4 9 10 27 16 27 13 11 20 25 30 17 1 29 20 8 13 27 1 14 1 21 
19 9 12 9 1 0 7 19 14 15 27 20 28 28 17 10 21 0 29 24 10 17 16 8 9 13 0 14 1 18 4 12 22 6 3 29 14 1 23 24 12 27 28 0 23 17 7 30 5 17 15 9 13 2 3 16 25 8 10 18 27 30 24 5 26 28 
25 28 21 13 13 23 11 27 3 14 29 23 5 18 10 0 4 8 19 5 20 28 0 21 13 16 5 28 19 20 23 10 3 29 6 1 13 6 0 7 10 28 16 25 6 10 13 19 9 8 11 13 21 18 7 18 24 19 0 18 18 29 18 22 3 20 
13 0 20 13 13 24 11 25 25 26 28 5 30 19 0 4 7 13 5 23 24 8 10 16 6 27 5 26 25 28 13 8 14 26 23 21 9 18 1 27 6 8 1 21 3 13 22 14 28 16 5 17 8 29 10 29 22 2 27 29 8 19 3 0 25 22 
17 16 20 21 22 8 23 17 30 26 12 14 1 17 20 18 28 8 13 20 29 8 25 8 20 19 20 13 20 21 16 28 27 18 23 12 23 24 19 14 11 12 11 5 27 30 14 17 7 19 19 7 2 19 10 20 9 6 22 11 16 17 17 3 0 16 
20 26 12 5 23 10 11 7 7 8 10 3 4 9 3 30 5 18 9 28 9 20 9 6 28 26 16 1 15 23 11 11 25 18 18 4 27 5 23 18 20 25 12 16 12 12 24 1 19 12 4 7 14 5 5 29 8 27 20 23 25 17 27 23 20 4 
7 24 4 13 22 20 21 18 16 1 3 22 19 16 6 8 21 26 4 15 22 14 0 3 14 9 7 15 26 16 6 4 23 27 14 28 15 7 26 8 19 24 7 29 9 19 10 29 24 28 23 23 23 9 23 3 16 26 9 23 8 6 23 21 22 27 
