12
9 25 12 16 10 11 5 13 10 10 2 19 16 8 27 23 14 19 30 25 8 28 27 13 27 26 16 8 18 26 29 4 17 13 15 7 14 16 4 5 28 6 26 21 27 25 20 18 20 22 0 24 10 22 29 0 25 26 4 14 4 12 26 13 16 6 27 27 9 28 16 26 4 12 30 5 8 15 1 4 15 14 7 29 3 16 0 21 20 18 4 
23 26 21 7 20 15 2 23 23 0 5 7 1 24 24 13 13 23 18 7 8 30 3 13 9 24 10 1 2 17 23 7 23 10 17 26 23 21 22 8 14 5 8 29 3 1 15 24 0 22 5 10 29 5 11 13 0 12 4 27 6 12 13 6 6 19 18 15 21 23 13 25 5 1 2 8 10 2 14 16 9 14 12 5 18 30 3 24 5 26 7 
7 5 4 17 1 16 15 2 6 2 10 12 18 9 26 17 19 24 12 20 26 5 15 23 21 26 23 18 17 25 0 20 13 19 4 2 30 13 1 13 23 6 11 11 25 20 2 1 26 2 4 23 0 18 8 22 11 28 26 27 0 25 1 2 30 13 11 8 22 21 21 21 6 16 16 8 10 15 21 19 18 30 22 25 11 8 16 21 22 26 0 
22 24 16 16 28 4 21 23 1 1 9 19 13 18 26 15 11 9 30 21 9 0 19 14 5 19 19 7 11 22 29 9 9 28 6 7 26 1 17 27 27 27 0 23 26 6 27 16 0 18 29 9 28 22 1 12 2 17 1 30 9 19 5 28 26 8 13 4 9 23 27 29 24 11 14 8 5 27 19 7 6 27 15 1 6 7 13 2 24 12 19 
27 21 27 8 26 26 8 1 30 18 9 28 23 13 16 3 24 4 6 15 14 26 18 21 7 3 9 13 16 14 2 25 28 12 18 12 19 20 21 0 5 29 23 7 4 16 4 1 16 27 25 3 17 21 16 6 29 23 12 11 12 25 1 20 23 17 13 19 24 16 2 23 22 5 18 21 23 21 20 9 11 23 30 0 15 10 15 22 18 5 4 
5 8 5 9 17 8 14 15 29 0 18 17 27 30 13 18 17 17 21 20 12 21 22 3 4 23 28 18 9 13 24 8 22 7 7 25 24 7 4 26 13 22 2 6 30 4 29 15 24 20 25 14 12 19 1 16 2 16 29 25 25 10 0 16 29 12 24 16 10 28 1 28 30 18 15 20 7 0 7 1 27 9 12 15 22 27 17 10 30 19 17 
4 14 26 3 15 23 25 27 3 10 6 2 18 6 12 9 23 24 8 23 7 7 23 10 13 18 17 14 23 10 9 21 25 29 19 21 7 4 0 26 0 27 9 18 7 4 18 25 10 10 21 10 11 24 8 30 12 14 21 24 12 2 12 4 26 17 25 5 1 18 1 19 8 24 1 16 19 22 1 17 24 7 5 26 13 13 27 14 27 12 11 
1 28 7 30 10 15 1 25 23 15 26 27 12 8 25 21 29 22 19 4 5 13 2 4 17 0 24 11 5 28 29 20 12 14 0 11 20 13 1 18 8 27 27 27 15 2 25 17 14 15 26 20 6 12 5 16 23 16 9 14 22 19 12 4 18 21 3 12 10 22 8 9 15 8 25 18 17 10 8 19 9 14 14 16 10 22 25 23 25 9 19 
9 15 18 19 15 30 19 18 11 24 27 28 16 12 22 12 21 29 15 6 24 25 17 23 15 4 21 18 24 0 13 13 24 27 12 21 14 2 28 15 10 6 28 24 24 22 24 25 7 30 18 26 13 0 20 14 11 8 13 5 25 22 14 9 13 30 6 23 27 0 18 1 1 2 11 30 12 6 30 1 16 18 26 13 8 27 25 8 22 14 11 
27 18 14 14 28 27 27 13 22 12 23 30 19 21 4 18 25 14 4 1 20 24 11 28 5 2 11 13 9 18 10 10 21 4 20 5 20 9 28 10 7 28 17 30 23 11 24 7 29 15 27 21 15 7 30 19 14 18 4 13 23 9 18 13 23 7 1 21 28 0 13 14 9 3 24 2 26 12 14 6 25 3 25 1 0 11 24 30 30 26 21 
25 11 9 25 19 29 7 12 3 2 17 1 11 23 16 10 2 20 21 20 13 9 4 17 7 2 20 25 24 15 7 5 3 29 11 7 3 7 24 10 15 27 4 0 18 15 0 30 6 9 2 12 30 30 6 14 19 28 13 20 9 4 24 29 28 18 12 14 0 23 5 13 13 18 22 23 24 11 22 11 2 16 4 10 0 9 5 25 19 6 24 
8 28 20 26 5 21 15 0 17 18 27 15 16 4 10 29 1 8 3 4 9 20 25 23 16 25 26 19 11 13 25 9 11 16 22 29 14 25 16 5 21 14 9 24 29 23 7 21 10 28 25 6 1 30 26 0 18 10 17 19 12 6 3 24 3 16 9 9 13 8 20 16 27 7 7 25 16 23 25 7 15 5 23 17 18 20 25 3 6 25 12 
24 14 2 22 10 16 22 15 25 17 13 28 25 13 7 17 18 9 13 5 29 7 7 6 16 9 25 11 12 1 24 29 7 6 14 30 16 11 4 26 24 7 11 17 10 21 10 11 22 22 4 2 13 30 9 25 7 5 17 15 10 24 13 19 22 23 29 14 27 29 6 27 16 27 26 8 18 7 14 21 1 15 16 19 20 23 0 2 23 0 22 
20 6 25 6 17 26 4 22 2 17 26 8 22 11 19 16 26 11 12 25 15 21 11 27 24 24 24 22 11 14 1 21 30 5 21 0 9 16 3 0 11 9 3 17 2 12 14 16 13 26 28 15 29 25 22 18 21 20 22 25 9 5 29 9 27 7 5 6 20 25 16 2 25 8 5 1 3 1 19 8 25 30 12 18 17 1 3 19 14 15 29 
18 13 1 25 4 17 16 30 22 7 13 14 6 27 0 4 11 24 8 17 15 9 26 15 14 1 3 2 7 16 11 10 2 27 17 8 12 2 5 6 1 5 14 3 22 9 14 3 12 0 4 4 13 7 5 23 22 30 29 13 14 1 4 25 22 11 10 12 13 19 9 11 17 30 10 9 2 11 26 13 30 14 15 26 30 15 20 6 16 11 20 
8 0 19 8 25 15 29 18 4 0 10 23 13 18 30 14 15 27 13 2 2 24 2 4 26 21 28 25 0 25 24 22 27 13 17 29 4 16 15 30 6 12 18 2 14 15 5 2 26 20 26 4 25 21 28 18 11 21 8 20 26 5 6 15 21 3 25 28 15 3 7 2 20 3 3 16 8 13 6 29 17 4 22 19 19 12 21 1 29 23 1 
16 9 1 14 26 7 5 23 19 5 19 2 0 13 22 20 6 1 14 5 28 0 6 3 13 4 14 17 6 18 16 9 20 0 26 27 18 24 19 4 15 16 14 5 22 10 14 20 15 3 10 25 27 30 29 27 22 13 1 9 20 27 24 5 0 26 8 13 2 10 23 2 8 21 27 24 20 16 6 29 0 18 10 13 11 27 29 21 19 1 5 
1 2 2 28 20 30 0 14 27 16 4 28 11 21 3 7 27 4 9 29 29 16 27 20 10 17 4 3 14 29 30 8 9 8 22 24 21 27 6 21 9 8 30 5 15 23 9 8 23 27 13 18 4 3 27 5 8 3 7 30 20 15 14 15 25 5 23 15 21 20 13 25 23 10 10 21 4 18 20 18 3 26 1 30 20 14 9 11 20 18 24 
30 12 7 21 9 29 4 10 4 26 8 16 12 29 9 30 5 18 23 17 10 15 17 11 15 23 17 12 29 30 14 13 5 1 9 26 11 6 14 16 0 21 15 5 25 7 20 13 2 9 19 2 8 15 20 24 18 11 15 6 5 0 0 3 30 18 22 23 19 15 9 5 21 30 13 28 13 18 4 25 8 20 22 25 3 27 2 28 18 4 19 
8 29 23 11 9 20 17 6 8 1 0 5 24 12 5 9 11 18 8 16 29 9 19 25 11 5 8 9 4 3 27 4 15 30 9 16 0 18 8 21 12 20 12 23 3 11 5 1 20 13 9 3 0 4 12 22 22 29 23 29 4 3 22 10 5 18 20 2 27 4 7 11 12 1 23 1 18 19 0 17 20 22 10 5 11 4 24 6 5 17 18 
23 18 7 8 16 10 4 19 1 7 15 2 12 3 20 27 14 16 27 3 29 27 12 22 25 29 12 2 4 29 6 30 29 9 21 19 16 5 23 22 25 19 24 7 16 23 20 1 24 17 15 2 12 25 16 10 2 5 4 24 12 10 29 6 4 1 24 8 1 24 27 5 14 12 17 23 7 0 4 20 7 28 26 30 21 4 10 8 25 30 18 
13 24 25 30 4 5 13 13 19 13 29 23 2 27 20 7 0 12 18 14 30 7 29 8 23 26 21 24 6 2 18 18 0 11 9 8 22 13 7 3 27 0 3 1 14 21 4 12 12 19 28 3 3 5 24 12 1 22 12 27 10 27 10 0 17 13 1 14 0 2 1 15 23 7 28 29 20 9 10 26 18 29 26 1 13 14 4 29 25 15 29 
9 8 9 29 11 7 30 23 25 17 15 22 12 17 13 5 10 24 2 23 20 3 11 22 19 10 11 18 11 26 7 6 7 29 18 15 3 14 18 26 18 28 3 2 18 3 21 9 2 4 22 17 8 17 14 26 7 4 29 14 15 10 9 21 26 15 12 30 6 13 8 8 21 19 27 5 3 0 20 7 16 1 20 6 30 29 24 5 7 23 6 
15 5 0 14 21 24 25 7 17 10 13 11 25 29 1 1 6 8 6 12 13 27 25 10 2 18 23 2 28 6 7 24 11 8 10 23 25 19 24 16 4 2 8 24 27 15 21 29 4 5 18 1 25 25 8 6 13 8 6 6 7 1 25 0 7 7 8 18 18 25 20 22 20 0 3 2 5 9 15 0 23 18 29 14 23 20 17 14 8 9 27 
