7
26 22 9 2 26 16 6 1 10 8 28 1 3 0 0 8 8 15 2 6 29 4 2 6 27 10 4 25 11 25 6 18 5 25 20 22 
5 11 9 20 0 6 22 15 16 1 17 18 16 8 17 30 10 1 30 26 29 8 10 23 19 28 21 30 16 20 25 7 3 12 8 14 
10 16 5 14 20 2 10 20 8 9 17 24 19 19 14 7 21 17 14 16 0 3 6 7 23 24 7 29 6 22 20 28 6 0 7 30 
14 16 28 24 22 5 11 4 24 23 7 11 19 15 23 25 5 16 9 2 28 10 5 3 8 0 23 29 25 1 14 4 14 4 16 13 
8 18 16 0 2 10 20 7 18 7 8 22 29 14 27 27 22 5 24 22 10 28 3 11 29 9 13 22 13 10 4 25 19 12 21 0 
13 27 14 24 29 9 5 9 22 24 14 12 7 27 13 23 6 4 9 24 5 9 26 8 26 29 24 3 26 8 24 14 10 21 27 5 
3 28 23 6 30 9 21 20 28 10 7 3 13 2 26 8 5 14 11 0 10 15 22 13 15 12 21 11 21 21 27 11 7 25 22 15 
2 2 3 11 11 0 12 15 15 17 18 15 28 14 20 24 9 19 4 19 9 9 19 30 19 27 28 18 19 27 29 15 8 20 26 25 
19 24 15 29 9 14 29 4 11 0 16 8 25 12 29 29 30 21 15 30 3 22 25 19 18 14 8 13 18 20 17 17 5 6 3 1 
5 2 14 14 10 26 7 12 3 17 15 19 10 11 7 8 2 27 15 3 22 29 18 1 16 11 5 8 14 21 18 16 23 25 14 9 
5 29 17 16 5 7 7 8 3 29 4 18 28 28 15 2 13 5 14 16 24 7 10 25 11 17 15 21 13 3 2 21 26 25 30 0 
9 14 16 11 30 28 15 23 20 2 6 18 5 20 17 5 0 13 22 25 27 10 17 11 11 13 11 14 19 12 22 10 9 12 2 4 
16 17 2 1 25 25 2 24 6 16 6 1 4 2 4 0 4 7 23 13 22 3 0 16 1 6 10 2 12 14 23 11 0 29 21 20 
1 11 11 25 23 13 15 5 21 26 28 23 28 28 25 22 21 17 21 15 14 30 13 8 1 23 25 18 22 10 16 23 20 1 22 9 
