8
9 15 3 20 26 6 5 14 12 28 14 5 25 7 27 30 27 6 29 30 22 8 13 10 28 26 7 7 1 12 20 19 22 25 0 18 26 23 19 22 3 13 12 20 20 
5 20 5 16 21 15 24 2 23 29 24 0 15 28 15 18 6 12 17 26 30 7 16 1 2 25 7 4 0 15 15 30 30 21 22 15 0 14 16 23 25 20 4 2 16 
23 6 11 28 28 4 5 17 2 9 2 29 29 8 20 11 0 14 10 27 25 3 5 24 7 16 29 25 14 21 23 27 12 15 19 10 3 6 4 22 22 10 25 17 2 
25 16 25 6 20 18 3 27 9 19 10 14 0 9 30 17 14 13 2 18 26 6 1 19 27 30 11 19 12 12 9 18 11 14 5 30 21 4 15 6 19 13 12 11 2 
29 28 21 10 2 2 21 21 13 20 26 17 18 3 9 4 8 4 21 23 5 0 20 17 16 9 14 28 14 0 11 1 18 19 17 11 30 23 30 29 27 29 29 22 14 
14 9 18 10 24 13 21 7 15 29 25 3 20 9 0 24 9 11 19 10 10 27 26 4 23 1 4 25 18 21 18 3 26 11 22 15 0 12 25 5 2 19 1 1 20 
8 11 25 18 11 5 22 10 1 12 23 2 11 18 14 17 25 19 2 17 18 12 20 30 4 15 12 25 27 26 22 19 27 18 15 8 28 29 20 2 0 20 19 18 28 
29 16 20 5 5 3 9 2 4 14 15 27 27 6 7 30 24 2 13 27 30 21 10 22 26 13 29 26 15 0 27 22 27 17 14 4 4 20 25 10 16 26 18 27 11 
10 17 14 25 3 23 4 9 0 12 15 6 19 24 0 0 5 14 14 3 27 28 1 21 15 21 6 29 6 4 7 27 4 17 25 20 21 22 3 25 12 4 25 18 8 
24 14 13 30 18 21 9 24 26 10 12 5 23 10 23 0 25 11 18 8 18 19 7 29 18 24 5 12 13 1 2 20 29 11 25 7 17 22 19 17 30 8 14 29 15 
13 13 5 16 20 19 18 27 24 29 28 5 7 1 12 15 13 2 24 3 8 1 4 11 30 26 24 12 28 17 2 22 23 4 12 7 25 17 23 24 21 20 29 8 6 
16 7 28 1 6 11 21 1 20 30 13 2 17 26 27 15 17 25 4 16 19 30 11 22 0 27 28 6 7 1 9 11 29 9 27 3 12 19 14 27 5 17 22 14 9 
19 19 3 29 18 10 20 8 28 20 13 14 17 21 0 18 25 17 14 6 0 24 16 23 30 28 28 25 7 29 2 14 2 27 2 11 3 20 5 14 2 16 7 24 2 
9 5 8 8 11 27 30 25 13 21 24 27 10 24 11 9 3 10 13 23 0 11 25 0 8 14 1 14 11 5 12 30 14 18 1 22 21 18 21 10 14 17 15 16 14 
6 24 25 1 21 11 20 15 17 26 26 24 13 0 21 21 27 22 13 21 26 17 23 14 13 6 15 9 8 0 25 1 0 4 8 14 14 21 14 22 28 24 8 10 30 
28 12 8 29 7 20 28 30 24 7 14 6 16 19 0 8 25 13 25 14 20 20 8 14 17 20 16 24 26 1 22 18 19 5 8 9 28 5 17 29 4 9 26 22 24 
