11
18 11 12 18 1 28 10 16 11 26 18 20 29 25 14 18 30 21 21 28 12 18 27 10 24 14 9 18 22 20 9 18 2 14 2 21 21 2 3 16 22 4 9 15 11 9 0 24 30 16 5 18 4 26 25 17 7 19 29 18 16 14 5 1 14 25 22 18 5 12 15 5 30 29 11 0 28 6 
11 7 5 10 28 5 22 6 6 11 2 10 6 4 13 2 3 9 3 16 25 0 17 30 29 12 5 30 5 14 4 8 12 14 22 24 19 1 30 19 30 28 8 30 24 1 9 0 16 26 27 21 27 0 20 27 20 27 7 15 16 23 15 1 21 2 9 17 6 30 26 16 29 20 22 17 24 20 
8 1 13 18 24 22 12 28 12 6 18 21 6 7 6 24 26 20 17 27 0 1 12 5 28 14 29 24 19 6 16 7 28 9 13 8 29 2 27 4 19 0 30 10 16 9 13 2 25 12 16 18 9 10 2 23 30 30 29 25 16 13 8 1 19 3 12 27 28 11 1 28 27 10 9 3 7 26 
27 17 30 22 3 15 12 22 20 30 18 3 27 15 16 27 22 1 22 2 9 11 12 19 20 29 7 11 10 1 7 20 11 6 5 28 4 20 28 22 11 5 14 14 0 6 23 16 3 29 19 11 21 10 24 17 9 15 22 20 0 6 2 25 4 17 8 21 25 6 4 13 6 28 19 8 13 27 
12 18 12 4 27 7 13 3 23 8 4 23 29 7 11 4 3 2 4 2 1 6 8 5 23 23 19 10 19 21 29 1 5 20 21 2 1 4 4 7 15 13 8 4 9 17 24 27 21 9 6 28 3 19 9 20 1 5 29 15 8 3 10 2 6 24 28 7 19 20 1 22 7 26 8 3 13 20 
24 16 28 25 13 8 18 29 21 1 9 10 25 13 26 29 3 4 11 20 27 3 7 22 20 1 23 19 22 4 12 27 30 24 11 0 20 11 26 6 16 6 19 4 10 12 12 4 11 20 30 13 16 16 10 5 23 5 26 5 4 3 19 17 3 3 4 0 24 27 22 9 6 10 1 7 22 3 
8 20 3 10 4 22 10 1 3 13 13 14 29 12 28 8 18 13 19 15 12 10 18 26 19 28 7 7 20 3 3 4 12 4 14 28 21 27 28 29 21 10 9 21 22 6 24 1 7 9 28 15 4 29 24 25 5 29 21 26 1 5 17 19 24 26 21 4 3 24 19 10 30 20 6 17 14 3 
4 23 30 24 29 2 28 20 0 22 11 26 28 24 27 11 6 20 11 3 16 30 19 27 15 5 14 27 16 11 9 29 15 7 9 27 20 11 27 23 4 26 26 11 19 12 3 30 12 16 12 9 12 17 11 4 20 19 17 15 17 15 24 28 15 9 6 4 0 19 27 13 9 18 6 15 13 2 
16 4 30 15 3 30 23 16 16 6 3 16 30 25 1 19 21 12 0 9 26 23 9 4 21 11 14 15 14 17 17 12 17 1 0 16 6 13 30 27 27 19 4 17 0 21 19 14 25 1 1 5 19 8 5 16 8 16 3 0 3 9 22 23 12 8 28 28 16 23 1 8 21 20 1 9 27 17 
23 2 14 10 4 1 23 14 4 27 17 9 19 15 20 14 14 17 27 4 27 11 0 8 30 12 11 23 12 27 24 9 4 4 11 3 0 24 10 18 16 21 13 18 24 11 17 28 30 8 4 4 8 16 27 1 30 3 3 25 30 12 23 26 25 28 7 2 27 2 27 3 14 20 6 20 9 21 
23 23 11 3 21 22 25 11 6 19 4 15 20 4 22 3 10 5 30 3 4 17 30 29 0 20 6 30 11 28 14 7 30 28 0 2 2 29 10 4 7 15 4 20 25 3 23 15 21 28 30 16 30 3 5 26 11 11 8 28 10 8 8 13 3 27 21 7 1 8 2 15 25 30 23 23 18 24 
18 0 17 1 19 1 15 0 10 20 3 18 15 5 22 21 18 15 10 21 4 26 18 4 26 6 15 5 16 17 3 19 8 27 1 4 17 18 1 6 4 8 21 19 28 17 10 8 12 15 11 13 6 2 28 3 0 28 25 9 9 5 2 19 11 23 17 15 27 0 28 21 9 15 17 8 15 4 
13 18 5 28 6 11 9 0 19 20 17 13 26 3 20 13 16 29 26 28 27 11 24 6 6 6 21 28 24 6 17 13 2 3 14 7 16 16 27 18 5 0 12 21 14 16 29 28 8 28 21 16 25 14 21 23 24 0 15 0 15 22 9 12 9 22 27 22 22 10 2 7 22 11 17 27 28 25 
20 13 30 18 12 30 8 21 22 30 16 26 3 23 3 25 3 30 3 16 8 24 2 17 25 0 25 27 8 25 16 3 0 21 18 28 23 1 27 13 14 2 18 8 17 21 1 25 30 1 14 24 26 5 6 30 17 3 8 16 22 14 4 16 26 11 26 3 15 17 5 27 23 4 28 11 29 26 
9 14 9 25 0 12 27 1 10 30 3 16 21 7 30 16 7 7 0 21 30 16 3 2 28 16 30 9 2 27 23 22 6 29 22 15 3 23 5 14 4 18 14 18 27 27 27 24 27 16 0 29 0 12 20 7 1 10 5 29 6 22 23 6 21 28 17 12 18 15 11 4 15 15 8 2 13 24 
17 6 18 11 3 6 25 17 14 22 12 29 5 20 22 23 2 16 24 2 12 29 1 21 20 21 18 26 30 17 14 27 24 2 7 20 17 4 10 8 29 1 26 26 15 12 5 2 5 15 5 21 23 26 29 29 12 25 4 17 13 27 24 23 2 28 6 20 14 20 14 26 4 29 20 9 15 30 
19 27 27 27 24 27 29 2 22 15 13 28 5 19 10 20 3 30 5 3 28 26 27 2 1 20 17 25 17 9 26 24 22 19 12 20 4 10 17 24 2 5 12 16 23 26 22 10 27 14 21 5 5 12 16 29 25 26 18 27 22 26 6 15 7 30 22 23 0 2 16 23 22 5 20 18 28 3 
6 17 0 28 10 21 7 11 3 11 8 23 24 3 17 29 30 27 27 12 19 5 6 21 3 27 21 24 29 15 27 7 22 16 6 6 20 5 23 25 24 4 14 18 7 20 6 18 10 13 5 21 23 12 6 20 14 23 1 7 1 17 15 12 1 5 13 6 3 0 24 13 26 26 18 4 3 7 
0 15 13 28 4 21 7 2 20 10 15 2 21 25 29 28 19 23 20 28 20 15 2 19 0 18 7 9 6 29 9 10 11 3 23 24 6 21 2 12 24 18 17 12 11 13 1 30 2 14 29 10 23 19 3 4 2 20 20 20 27 8 6 26 9 28 12 12 27 9 2 13 19 19 18 27 26 11 
19 13 29 13 20 13 16 14 11 11 9 5 23 30 20 8 5 29 4 9 4 14 11 10 10 1 26 29 19 9 2 30 25 30 1 23 12 25 23 23 29 19 29 28 23 17 29 0 29 9 22 30 19 12 27 24 5 14 7 17 7 29 20 19 8 12 16 29 21 5 27 3 27 3 16 21 28 15 
14 2 24 13 3 16 28 1 2 3 22 19 27 7 8 26 8 16 17 29 14 18 23 7 21 24 11 4 30 26 26 27 21 21 26 14 2 26 11 14 1 15 21 7 18 14 7 12 22 5 23 1 20 25 1 4 28 22 18 26 29 11 30 29 15 13 13 14 9 19 0 22 29 12 7 14 4 18 
0 9 1 6 6 0 5 22 24 12 0 10 24 25 28 25 23 0 20 22 13 23 24 27 14 8 19 2 27 28 9 6 27 27 8 19 2 24 18 23 8 16 28 26 7 5 19 17 20 26 10 28 24 5 3 21 29 29 5 4 5 5 5 18 3 21 15 0 26 3 14 9 18 25 12 25 15 22 
