9
25 15 23 19 1 7 4 3 18 10 28 15 25 23 25 29 2 10 22 10 28 24 28 8 8 27 5 2 26 7 9 24 2 9 13 19 9 3 15 18 1 23 25 7 15 7 22 21 8 26 11 19 12 6 19 
1 25 0 21 2 29 12 13 14 17 18 12 27 18 30 29 18 7 10 22 27 6 18 13 21 30 17 30 6 15 18 3 5 27 29 30 22 6 2 26 7 21 1 2 1 10 1 10 22 12 0 28 13 21 21 
0 16 20 28 19 17 28 0 27 11 4 1 18 3 24 18 10 29 29 14 15 11 15 19 19 0 18 18 15 18 25 28 17 25 8 12 30 4 22 1 0 15 9 9 23 27 2 8 20 16 21 21 12 14 16 
9 28 8 9 6 2 13 7 14 12 6 16 22 28 30 16 15 23 28 21 17 29 7 22 29 29 25 19 5 12 2 15 11 5 15 28 11 4 20 25 2 2 3 18 11 10 2 11 14 2 6 19 16 0 14 
11 26 26 6 16 0 5 6 26 26 16 20 5 1 20 29 9 12 7 14 19 1 10 5 13 28 13 17 15 12 17 2 1 23 26 16 18 23 7 3 14 4 9 22 13 0 26 1 7 12 19 25 25 28 13 
28 19 25 2 25 19 28 8 28 18 0 20 20 5 23 21 18 28 15 3 5 22 14 12 22 1 11 9 23 6 1 22 10 24 18 17 28 7 9 0 28 11 15 25 1 2 8 14 1 12 22 22 30 11 16 
27 7 29 13 18 23 22 27 4 16 22 24 27 4 4 15 5 30 5 9 24 17 28 21 1 26 10 12 11 8 26 24 19 9 14 20 5 30 17 21 28 26 29 4 10 3 1 6 6 0 30 13 9 27 14 
0 28 7 14 5 19 20 25 9 23 8 24 25 2 30 28 25 16 19 23 6 18 3 1 16 22 15 5 15 16 9 7 30 2 27 21 19 20 1 0 4 12 11 17 17 12 12 5 30 24 27 18 12 11 6 
13 19 3 19 6 24 14 7 6 0 30 23 9 5 28 26 9 15 3 1 30 6 9 13 6 30 16 2 9 5 7 27 5 6 28 29 2 17 27 18 13 4 12 6 15 23 3 0 20 27 13 23 23 10 30 
7 15 17 18 16 10 22 29 2 23 27 25 24 27 12 13 29 22 4 2 5 11 27 10 9 9 5 4 15 25 23 6 5 17 15 15 4 7 24 28 12 1 28 27 16 29 23 17 13 16 28 10 8 14 1 
26 22 27 16 22 27 7 23 1 13 27 0 30 1 1 9 16 3 23 16 11 23 10 10 13 29 18 11 4 17 23 23 0 17 25 5 9 14 11 24 4 14 26 22 30 24 10 10 22 7 27 9 18 2 16 
8 18 24 20 11 20 10 23 30 7 20 20 20 28 17 27 22 11 20 3 0 26 17 14 16 27 30 17 28 29 14 28 5 9 19 3 24 4 17 0 14 13 5 4 4 5 30 2 23 6 8 21 26 16 15 
24 21 28 5 0 12 25 5 15 19 16 1 6 22 6 1 22 23 6 30 15 27 2 2 7 4 18 4 0 0 27 0 27 4 14 26 8 27 20 30 11 8 1 6 21 29 1 14 26 28 8 18 4 20 4 
18 11 26 28 29 28 4 12 25 24 2 17 30 6 18 10 21 0 19 20 26 19 18 6 25 23 28 8 8 25 19 8 23 17 29 18 24 28 23 17 2 22 8 3 29 16 19 20 2 6 7 12 30 3 12 
0 15 25 18 10 17 3 21 7 25 19 10 25 9 2 12 24 17 25 6 16 1 12 12 11 10 18 8 20 20 17 22 10 9 23 18 16 3 30 3 21 30 19 21 16 20 0 1 20 25 16 13 6 5 20 
24 28 25 28 17 28 15 0 6 8 6 23 29 19 29 17 3 29 19 23 30 8 29 2 26 27 20 16 19 16 1 19 0 9 16 24 8 2 22 3 17 23 27 30 14 3 7 11 9 24 13 10 9 19 24 
12 11 5 28 2 1 3 18 27 0 26 6 8 2 29 9 6 19 18 17 16 7 14 27 11 16 21 6 26 22 21 3 3 8 8 3 12 23 22 10 13 20 12 23 22 21 24 2 0 27 22 27 18 22 2 
8 27 21 27 25 4 22 11 0 28 4 24 16 19 23 20 19 10 26 0 0 23 3 10 15 7 10 29 13 19 11 12 24 16 1 23 13 20 23 22 23 2 28 24 8 22 17 2 16 10 12 8 9 14 15 
