11
28 11 19 13 18 8 8 20 29 10 29 29 22 4 8 24 17 10 9 24 7 28 0 11 10 17 22 3 3 10 24 7 15 21 2 26 12 23 16 19 27 19 3 10 15 22 1 7 1 27 10 3 5 12 21 13 14 10 17 25 14 1 20 12 27 22 13 1 26 28 4 30 10 21 23 5 17 21 
15 12 15 6 7 0 28 0 21 9 15 21 7 30 25 25 27 1 19 22 5 17 19 17 5 20 0 26 0 18 14 8 13 26 1 29 4 9 6 28 25 1 23 26 18 17 11 8 7 1 16 23 2 10 14 8 4 29 15 16 19 3 4 5 26 30 26 10 12 8 29 12 8 19 11 4 8 28 
2 20 8 4 11 29 16 3 21 4 25 0 1 13 16 20 3 8 2 10 30 28 29 15 7 2 28 14 27 24 17 6 6 0 8 30 5 17 1 25 25 15 28 29 30 22 10 18 10 12 6 4 27 30 17 1 1 22 7 23 23 29 5 15 25 20 13 11 22 7 15 13 7 0 7 12 8 5 
4 9 14 20 29 22 12 12 10 24 11 14 12 8 3 29 9 29 18 5 29 5 24 26 21 11 0 15 30 13 22 9 14 4 13 14 27 4 4 8 3 15 18 13 7 29 27 25 4 14 3 5 10 24 26 14 0 14 29 19 3 18 12 2 0 26 19 18 7 22 22 19 18 24 22 11 15 29 
15 25 11 2 12 19 0 19 2 11 18 13 26 1 18 27 20 12 24 25 2 14 14 10 23 24 28 3 2 30 22 5 8 7 27 29 23 8 2 17 23 9 3 30 20 1 11 26 14 18 11 17 26 27 24 25 2 30 10 24 13 28 13 27 19 6 24 4 10 26 29 13 20 19 27 22 1 1 
15 19 11 16 7 20 2 20 5 22 12 7 0 19 9 14 30 27 29 17 0 27 29 11 25 12 24 15 18 6 19 15 26 28 19 23 3 1 30 23 15 27 3 8 12 27 1 1 19 12 13 19 15 4 12 3 20 21 28 8 12 3 18 27 3 6 5 23 14 1 7 26 9 28 14 16 2 17 
5 17 18 8 28 26 18 20 6 9 8 18 22 29 23 13 7 10 12 0 1 2 14 5 24 8 16 18 11 6 12 30 22 30 30 19 25 29 11 15 17 27 29 25 15 10 7 21 4 25 11 21 18 20 11 19 30 15 6 28 24 25 7 29 16 27 11 3 1 21 11 1 7 21 17 21 27 13 
24 4 6 3 29 19 27 29 21 28 24 10 28 8 23 20 16 28 8 9 6 19 5 2 20 22 25 10 9 3 21 30 26 1 19 18 23 24 16 15 25 4 22 10 17 22 29 23 13 16 25 26 13 27 2 6 22 20 15 29 16 12 29 15 9 10 21 8 11 23 3 3 18 18 20 4 8 16 
3 21 8 9 0 27 0 30 17 2 9 20 2 8 7 8 8 0 17 17 26 30 14 10 11 11 22 13 13 26 2 25 20 9 5 11 4 15 28 7 23 4 26 14 1 5 7 28 23 11 10 16 12 11 28 9 0 16 29 27 24 26 27 20 19 13 14 28 0 11 23 9 29 18 30 26 4 9 
15 8 10 4 7 4 5 27 5 15 27 28 26 27 7 3 2 19 20 23 5 14 24 28 24 24 30 1 14 17 0 16 11 15 1 17 7 12 17 17 4 14 11 9 12 21 30 22 13 25 3 12 2 17 5 15 27 2 3 7 6 25 13 30 23 22 3 5 13 30 17 1 19 26 16 20 15 22 
16 2 0 30 0 19 24 16 0 6 16 22 13 23 25 17 18 24 30 6 10 4 9 14 23 2 0 16 29 19 1 28 12 0 1 23 15 8 5 9 22 3 7 5 12 6 5 28 25 9 16 29 7 27 13 7 7 24 15 14 16 3 24 8 29 9 25 9 1 28 27 15 11 21 11 19 24 28 
16 24 26 24 17 29 9 8 10 12 14 11 10 9 6 5 8 7 14 8 15 27 17 5 16 20 25 10 7 30 1 3 22 18 12 15 6 21 23 1 29 5 29 2 27 18 26 19 20 1 29 12 12 0 27 14 23 12 22 29 30 22 22 2 27 3 5 20 15 24 7 9 30 9 24 12 14 7 
23 6 8 7 9 9 10 1 24 20 17 24 17 4 14 24 5 1 14 29 14 11 21 5 24 11 1 28 24 19 1 1 20 20 10 11 5 7 4 10 21 12 18 9 27 26 23 16 29 8 24 8 6 12 7 26 22 1 20 22 19 20 2 21 19 8 7 19 1 10 13 18 15 26 0 14 9 17 
28 12 29 29 19 28 21 24 14 8 4 21 3 14 1 6 25 5 24 0 25 5 12 11 28 25 6 30 9 28 14 20 6 13 0 7 25 14 2 14 27 2 26 4 2 0 14 12 5 29 30 20 25 27 6 28 13 26 26 10 5 27 29 27 8 4 6 4 0 29 6 16 17 10 8 8 2 12 
25 1 6 10 16 6 25 21 24 3 26 11 7 4 16 9 0 12 13 19 16 23 7 19 10 23 1 2 17 27 17 11 21 2 26 0 29 23 20 22 28 3 19 29 24 12 6 15 1 5 9 6 15 7 27 30 4 29 26 24 29 21 25 18 9 16 8 15 16 18 16 3 23 4 6 25 3 14 
25 8 5 0 28 9 29 15 25 7 23 22 15 1 1 16 13 29 23 3 8 8 1 14 11 13 24 28 19 5 21 27 16 29 7 29 25 19 6 29 14 11 8 6 16 25 20 23 14 15 5 13 5 22 11 27 12 14 7 12 30 17 10 3 21 7 25 28 13 5 26 20 15 3 7 23 29 7 
17 28 3 6 18 26 30 6 19 28 2 0 14 4 29 14 0 19 22 16 29 2 6 11 15 21 25 7 14 29 13 9 20 24 14 0 27 17 23 29 26 25 12 3 24 4 4 9 3 4 10 19 30 14 25 20 7 13 29 17 13 14 29 26 18 27 16 9 13 20 16 28 8 3 4 25 24 28 
0 30 6 7 27 14 5 15 30 17 21 0 22 27 23 29 4 10 11 0 26 18 0 20 8 12 21 0 7 29 5 25 0 1 9 25 20 14 30 2 26 22 12 24 0 2 19 11 9 14 26 21 7 23 22 29 3 9 7 27 13 5 16 15 5 17 9 0 26 0 23 22 6 30 25 7 9 16 
15 14 0 24 22 27 16 7 11 21 7 19 14 12 24 16 6 14 16 13 1 10 22 3 6 9 1 11 9 25 30 19 10 18 11 15 22 4 16 15 30 21 9 0 11 29 21 1 15 11 28 15 10 22 21 1 10 24 15 13 19 25 25 21 2 17 6 20 11 11 22 1 25 12 2 23 13 5 
1 9 15 6 23 23 23 6 24 28 29 2 30 1 21 22 1 26 22 16 7 21 17 14 11 11 14 9 22 1 17 15 22 15 23 29 0 13 23 25 25 15 8 4 14 17 28 27 30 15 27 18 15 26 18 28 6 1 13 13 16 10 11 2 3 25 13 15 26 20 24 24 29 24 6 19 0 26 
0 20 26 10 5 28 26 8 14 11 28 12 16 2 8 3 7 18 12 26 29 23 18 11 6 4 22 12 19 1 0 3 4 9 9 20 20 27 1 19 8 18 21 11 17 13 2 5 0 16 20 29 29 30 13 21 19 5 29 23 9 11 18 9 5 3 17 12 8 18 12 11 24 21 3 14 13 0 
2 23 25 25 6 20 3 30 30 13 20 3 9 15 22 6 12 27 20 5 24 18 26 3 22 30 7 12 9 10 23 29 26 6 17 16 15 7 2 1 8 16 14 19 14 30 20 12 2 3 8 14 11 22 28 13 27 0 26 19 13 6 15 14 12 7 19 23 26 1 9 30 12 15 1 26 17 4 
