9
23 22 22 4 28 21 15 9 21 19 0 10 21 15 16 22 18 10 16 17 13 27 23 17 3 7 16 5 22 3 3 4 15 20 21 5 0 25 0 1 2 27 12 18 15 17 1 16 3 5 14 24 5 9 0 
25 5 19 21 12 28 7 3 25 0 27 26 26 5 15 0 8 18 26 13 6 8 5 19 29 16 28 23 25 21 6 29 18 13 26 0 0 27 4 2 5 15 28 13 24 19 27 9 29 22 20 15 11 8 25 
28 9 14 6 0 28 7 8 19 4 6 27 20 21 27 21 12 30 21 25 22 16 14 9 22 5 20 30 21 12 5 12 6 30 22 7 28 12 16 7 13 9 20 19 2 7 30 21 28 5 23 20 17 21 11 
29 6 4 2 28 17 29 22 10 21 20 25 4 22 17 18 8 28 13 15 23 24 7 24 15 18 20 18 9 29 11 0 11 18 7 27 11 28 19 24 16 2 1 18 9 19 25 17 5 7 3 21 14 7 26 
5 11 19 30 15 24 26 20 12 14 15 19 8 4 10 17 16 8 25 28 14 9 23 24 8 17 26 29 20 11 11 17 20 19 8 21 2 13 4 5 14 22 21 27 16 3 3 5 3 29 10 9 2 2 21 
6 10 19 29 7 22 14 0 1 14 24 17 19 9 11 20 27 4 21 30 11 19 25 2 29 15 9 16 27 30 8 13 25 28 17 4 10 8 30 28 6 29 5 6 3 13 27 30 21 27 19 2 4 19 14 
22 26 6 17 22 6 13 30 26 4 20 29 5 13 22 19 29 18 10 22 29 27 26 6 19 17 20 9 13 3 3 29 0 22 4 24 29 5 6 20 27 18 5 18 1 0 14 14 11 0 7 24 15 12 11 
26 27 4 12 16 3 19 27 1 15 14 16 10 11 10 4 2 18 1 27 8 7 4 21 20 27 27 25 24 19 30 2 10 27 24 12 21 1 4 13 7 25 20 9 30 26 22 29 27 10 8 22 21 23 19 
3 18 2 17 20 26 21 19 19 21 30 15 19 8 15 21 28 4 14 5 16 1 16 13 21 23 22 10 2 6 20 19 4 12 17 7 15 11 19 20 15 12 28 8 15 10 6 30 8 25 18 7 7 14 30 
18 6 1 25 22 2 26 29 3 4 27 1 20 27 28 8 27 23 0 0 15 11 14 0 19 17 28 18 14 9 12 11 10 20 14 24 0 13 4 3 5 1 6 7 13 9 26 9 0 18 3 4 7 25 22 
23 7 6 6 0 20 17 1 17 30 24 4 3 3 29 29 7 24 15 21 30 4 3 6 25 4 7 25 9 8 30 9 3 0 21 23 10 13 17 5 2 1 13 11 13 28 17 27 19 25 15 22 21 12 29 
5 7 14 13 18 15 5 6 29 4 23 7 0 25 18 25 18 17 0 20 21 0 16 13 23 25 2 27 4 1 8 28 28 13 30 19 22 25 28 4 19 5 19 14 20 21 10 6 25 23 14 19 28 16 30 
18 23 27 6 30 13 13 23 24 24 28 14 2 23 2 23 27 14 28 2 6 9 10 14 22 13 26 2 22 21 17 28 4 25 26 17 17 1 27 22 21 9 14 11 6 5 4 19 6 2 17 28 11 29 23 
18 10 20 1 3 10 2 19 0 22 3 22 18 3 8 20 30 4 8 17 16 29 11 4 19 19 0 24 30 12 23 24 5 23 9 26 12 17 25 30 28 1 8 21 27 3 17 13 30 18 0 15 2 26 23 
27 5 13 29 30 5 26 11 3 24 0 5 2 26 21 15 11 21 10 16 30 18 18 15 30 10 18 22 0 15 26 13 30 14 8 27 24 15 8 29 9 19 5 23 22 30 12 23 19 14 21 13 2 9 28 
5 30 29 5 12 29 9 27 28 12 1 4 18 25 15 28 20 24 25 2 14 18 30 15 23 0 16 23 8 18 21 8 12 1 21 19 0 13 1 30 29 20 16 22 17 11 0 5 16 4 12 21 15 19 30 
30 11 23 1 18 19 0 0 22 18 26 0 2 13 24 22 0 15 0 12 21 12 15 17 5 5 16 22 2 21 20 3 21 5 21 5 29 6 15 15 2 3 6 14 6 7 26 10 30 26 7 10 9 27 0 
10 28 6 14 20 21 20 28 19 23 29 30 10 23 20 7 10 17 8 12 15 29 25 1 11 13 29 4 12 12 9 6 29 27 13 16 0 2 23 29 17 19 2 3 30 24 21 26 16 3 14 14 12 11 9 
