9
23 3 26 9 2 29 22 0 28 27 8 28 0 2 4 0 29 3 27 30 30 5 12 25 14 11 7 2 5 9 15 18 16 25 3 18 2 20 11 19 6 8 18 28 5 6 29 24 7 23 19 10 18 10 2 
12 3 13 5 29 3 12 23 15 15 29 28 25 25 3 13 5 27 9 2 21 0 6 8 15 19 7 9 14 24 2 25 14 9 30 7 25 5 6 19 16 27 11 26 24 28 17 28 21 26 29 25 9 22 1 
23 19 25 1 16 3 14 12 14 20 28 4 13 2 4 8 3 12 0 4 28 25 15 0 19 23 9 5 25 20 29 23 27 7 28 29 13 28 17 12 21 5 29 28 3 14 13 30 3 16 4 3 16 20 0 
0 3 6 15 12 30 23 29 23 19 21 28 7 21 4 20 0 2 5 13 15 13 29 8 8 3 13 28 1 9 11 6 15 6 27 15 0 23 16 20 10 11 29 19 23 29 7 5 6 16 22 15 14 7 26 
19 18 20 18 15 28 7 30 27 25 17 14 13 8 28 14 0 13 8 20 27 3 6 30 5 12 4 29 13 0 8 29 20 17 0 4 22 28 25 5 6 6 4 2 21 23 0 19 9 26 17 17 1 6 9 
18 23 21 15 17 11 1 29 24 24 12 23 17 28 30 26 29 23 17 21 28 1 19 3 30 28 29 10 7 16 25 21 9 5 9 18 27 8 6 30 4 4 13 25 6 5 20 28 24 26 26 24 24 11 21 
12 18 13 15 17 28 27 9 4 14 5 26 13 13 13 19 21 12 20 16 22 4 29 10 7 24 2 10 25 26 9 6 12 11 21 21 27 27 12 22 4 27 7 14 18 5 16 19 7 5 6 20 30 24 26 
1 5 16 17 12 1 21 14 13 15 28 17 4 17 19 0 12 2 17 17 1 21 13 7 9 13 30 17 7 11 24 27 23 4 8 7 26 17 25 0 0 15 26 13 18 0 24 19 8 12 3 22 7 23 12 
29 29 7 12 16 20 19 30 3 30 10 7 8 17 28 2 25 13 18 3 30 26 23 19 9 2 15 30 18 13 10 26 19 24 21 17 26 4 2 19 9 27 25 27 21 23 27 8 9 10 19 18 9 9 14 
19 1 20 20 12 11 9 26 21 18 22 15 7 9 2 30 16 22 10 4 22 21 25 14 13 21 24 11 16 11 7 13 17 24 26 17 2 2 17 2 13 5 26 2 11 15 19 0 28 16 8 11 0 20 19 
8 29 19 15 2 25 16 9 21 23 20 11 24 9 21 26 14 22 25 19 16 27 22 12 11 9 28 1 18 14 17 22 23 24 21 23 19 3 24 11 10 21 14 3 24 13 21 12 4 14 9 27 5 21 26 
11 18 26 11 3 28 2 3 11 0 19 5 17 23 25 2 6 17 20 24 16 7 26 9 25 7 27 8 13 21 13 12 20 23 23 0 11 1 19 4 5 18 30 19 11 2 13 3 21 29 15 10 28 1 20 
19 4 9 17 2 28 6 3 1 0 17 23 16 15 5 21 11 5 12 28 0 28 22 13 11 12 10 5 17 5 20 4 6 27 17 4 29 3 17 4 14 1 7 5 22 17 30 7 25 26 2 29 26 6 22 
18 22 30 17 12 21 4 26 29 8 25 27 1 15 21 30 9 24 6 2 29 10 28 0 21 5 4 13 5 10 7 9 1 7 16 22 10 15 24 7 18 12 9 4 13 22 14 6 24 14 30 25 13 1 15 
21 14 28 11 9 4 30 26 6 15 29 30 10 9 15 9 0 30 9 24 17 3 16 30 20 3 9 28 3 19 26 19 2 9 12 27 0 14 11 11 21 23 20 24 12 15 17 11 4 19 22 5 9 3 30 
12 11 26 23 19 16 2 1 5 0 1 21 14 9 8 15 8 10 17 10 15 26 21 1 22 20 20 22 4 27 25 1 18 25 13 17 15 3 13 16 6 7 3 4 16 7 5 2 30 1 7 4 15 15 30 
15 8 29 19 22 20 10 8 23 16 22 25 23 0 19 6 20 0 17 7 22 2 0 22 0 15 21 0 7 5 15 0 11 4 17 20 20 19 2 23 14 26 28 7 27 13 10 6 25 14 12 9 8 3 20 
3 5 28 23 16 29 28 26 1 30 8 28 7 23 25 23 21 8 10 4 13 6 15 14 25 16 15 7 25 20 0 1 27 17 9 29 1 13 25 27 12 9 7 16 15 14 7 16 8 20 28 11 4 29 27 
