12
1 5 16 5 6 20 22 11 21 14 28 18 21 27 14 5 3 11 18 7 23 14 25 22 23 19 17 14 8 7 14 26 18 6 10 5 1 18 12 29 12 26 15 7 24 20 22 16 20 23 30 24 29 10 17 28 1 27 21 3 13 14 28 4 30 26 7 24 15 29 27 20 26 16 10 26 27 14 17 12 7 1 6 5 26 14 25 5 21 28 29 
2 18 27 7 26 18 21 27 22 7 27 12 7 13 2 23 12 13 6 28 26 27 26 1 19 14 30 6 8 4 22 23 28 30 13 16 2 4 29 20 17 24 22 8 0 9 5 0 21 3 29 11 7 15 20 3 25 21 13 12 29 14 17 25 26 22 7 29 26 1 8 29 25 14 2 23 18 22 3 10 12 9 13 23 9 28 30 1 2 20 23 
5 21 8 5 12 3 25 1 15 20 3 3 19 29 16 24 12 18 21 12 17 27 9 25 10 3 26 16 22 29 1 6 16 9 27 5 19 13 24 28 22 6 15 29 10 2 12 17 19 8 12 4 0 2 9 13 19 15 30 12 22 21 23 30 22 5 5 23 27 26 5 26 12 15 5 13 8 22 10 5 8 13 25 24 25 11 21 15 17 6 14 
1 15 24 21 30 10 13 0 25 20 10 2 25 0 2 12 23 1 5 15 11 20 10 13 1 15 5 5 14 13 14 12 18 4 2 3 18 3 0 0 5 20 13 18 19 13 20 16 2 27 2 16 17 3 28 11 29 8 3 12 26 16 7 17 1 19 0 21 26 3 8 30 11 6 3 19 28 16 6 0 0 3 13 0 24 5 7 13 29 28 21 
18 4 22 9 9 22 16 14 0 3 26 11 23 15 2 22 17 8 30 20 4 29 23 28 21 20 23 25 22 26 5 5 16 3 23 18 17 9 0 14 11 0 18 18 14 21 22 11 6 8 20 26 10 6 8 3 29 22 30 20 19 1 0 9 8 8 2 12 21 10 20 2 2 13 8 3 26 3 3 10 4 25 22 20 14 23 5 14 13 20 9 
24 17 19 4 30 3 24 22 24 29 0 6 5 9 13 8 3 19 30 17 10 10 7 30 25 2 12 14 20 6 23 18 9 27 1 1 3 10 20 3 12 14 6 13 21 22 12 17 17 9 20 25 21 16 13 21 5 7 28 1 18 2 10 1 26 19 11 23 18 30 19 0 16 29 12 16 18 13 2 0 8 1 23 21 0 10 13 6 17 8 18 
13 5 13 25 8 19 29 10 17 26 9 22 4 5 0 21 18 0 23 25 28 23 24 9 24 9 0 8 4 14 21 1 18 17 23 25 23 8 25 0 0 27 2 21 0 2 1 30 24 3 13 0 13 6 3 11 9 7 10 21 25 1 22 20 0 29 23 7 14 30 9 6 27 13 29 10 8 20 30 6 3 10 26 13 24 23 19 6 25 22 4 
30 15 26 1 30 19 7 26 22 3 18 26 12 29 0 3 8 5 19 17 1 0 16 17 0 1 12 14 2 2 17 22 17 2 26 23 4 18 24 20 23 9 2 4 26 29 0 19 5 25 12 19 6 27 27 23 20 25 22 2 13 23 3 7 24 10 19 15 21 26 13 28 19 22 19 23 19 8 3 13 26 14 30 6 3 6 16 3 30 27 16 
17 2 28 0 20 19 8 3 25 21 24 8 28 5 18 24 13 27 21 6 4 24 4 27 20 6 22 17 0 1 20 11 0 22 29 26 10 23 16 5 13 18 13 1 12 19 25 6 27 10 26 30 28 25 7 0 2 22 20 26 13 17 14 30 29 5 15 6 6 8 3 10 18 19 15 5 6 8 5 25 21 11 4 20 2 7 19 0 9 16 21 
11 13 13 27 22 25 21 9 15 18 13 7 6 11 13 18 7 29 23 16 20 9 28 12 4 2 30 7 6 27 20 24 29 1 16 9 10 12 29 26 16 27 6 26 11 7 25 25 18 1 27 26 26 1 8 6 12 10 21 10 3 25 21 19 11 27 14 21 13 29 3 4 24 0 2 11 12 22 18 17 14 9 19 27 4 11 20 12 25 2 16 
30 22 24 7 10 0 27 20 26 17 6 21 3 6 24 14 2 9 14 0 18 13 24 27 17 23 17 30 14 17 6 8 19 12 15 23 15 15 3 6 20 27 9 21 3 5 1 3 23 17 24 24 19 25 24 21 5 7 30 20 20 0 4 25 28 25 21 19 10 22 16 23 11 14 26 8 6 3 29 23 26 26 3 23 11 26 7 12 15 10 27 
27 15 1 24 4 18 3 8 10 19 0 18 1 27 8 1 1 5 24 28 10 18 1 21 17 17 27 26 6 4 14 21 1 11 19 4 22 30 7 19 7 1 5 6 25 17 12 1 15 2 24 10 15 29 9 16 29 7 22 24 13 17 29 15 23 17 23 17 8 23 3 7 21 11 11 2 7 8 20 4 5 5 8 19 19 2 28 10 25 10 20 
27 10 21 7 1 8 6 6 30 24 4 16 18 30 28 23 21 10 19 8 23 5 30 23 16 24 20 28 21 6 5 4 4 28 8 29 1 8 25 13 30 27 17 13 28 27 26 18 27 19 19 25 25 3 28 28 5 10 4 14 19 15 17 14 29 4 5 24 11 5 20 20 14 10 27 7 3 8 21 9 20 18 14 13 28 22 5 10 26 2 11 
7 10 24 24 18 3 14 16 13 25 21 18 17 20 10 10 1 25 23 20 19 3 7 8 28 9 0 5 16 9 22 22 30 14 26 24 18 27 10 13 25 12 6 21 24 16 24 17 24 28 28 18 29 27 21 11 23 18 20 13 24 21 20 9 4 17 30 16 7 3 2 21 25 22 22 19 4 2 14 17 17 3 13 23 18 12 3 30 13 24 3 
8 0 5 13 17 13 24 0 4 22 11 3 8 29 6 2 17 26 23 14 18 28 5 18 18 28 3 6 9 0 14 19 5 4 10 26 5 6 29 10 18 13 7 10 23 28 16 20 25 0 1 25 22 4 19 26 8 26 6 30 22 29 0 17 12 12 10 24 2 27 13 7 10 25 21 13 1 22 3 24 12 7 12 2 6 16 10 28 5 0 23 
26 15 5 16 3 23 6 2 12 5 25 6 20 11 23 28 3 5 21 6 15 13 0 2 9 15 30 23 3 23 1 22 13 7 22 28 22 16 1 14 16 1 5 15 3 11 9 20 18 0 11 2 26 29 28 26 15 8 30 29 9 24 0 21 29 1 4 23 20 2 2 29 13 22 20 7 23 21 9 21 28 2 2 12 9 11 13 29 22 3 28 
27 24 17 17 18 19 15 27 18 6 11 8 5 26 29 2 23 10 8 8 24 4 30 9 8 16 2 5 3 26 12 21 2 7 23 15 16 0 19 12 13 24 24 25 23 12 21 18 15 15 13 30 11 1 13 21 17 18 15 8 29 24 23 2 27 3 3 16 21 15 17 10 17 15 27 0 26 25 17 25 21 9 17 11 3 3 16 16 13 10 29 
5 23 11 25 13 22 17 0 22 4 22 12 15 10 2 0 8 4 25 1 4 14 5 24 2 21 26 14 13 22 17 16 5 3 5 18 30 3 8 4 6 7 11 4 0 30 2 26 21 15 18 20 15 8 10 11 14 0 8 10 5 19 30 3 13 18 8 27 25 16 18 26 2 19 9 25 23 24 11 2 24 12 15 7 6 0 23 8 22 21 29 
14 21 25 20 9 23 15 29 9 19 0 17 19 7 17 26 3 1 21 16 5 16 23 20 9 25 26 5 9 6 5 16 1 13 5 16 19 24 9 20 24 2 10 11 10 22 15 30 13 2 0 13 29 16 5 6 26 9 3 6 0 28 16 10 24 9 28 8 19 10 10 25 18 9 26 0 9 27 26 6 3 26 4 25 16 17 25 24 9 6 21 
11 5 26 15 5 10 20 20 3 11 6 8 20 13 12 7 1 28 30 15 19 7 27 8 7 15 23 2 20 4 26 9 6 2 27 7 6 17 28 10 25 10 5 1 23 29 9 0 27 1 4 13 25 17 24 15 19 15 17 22 29 27 6 14 9 8 4 30 17 26 20 22 12 3 1 13 27 26 20 2 22 28 4 4 20 19 14 21 25 8 8 
20 8 10 22 0 19 26 0 2 19 30 26 0 11 9 17 4 15 24 4 6 3 15 3 15 3 9 23 6 22 3 9 3 19 10 19 30 13 20 17 14 5 11 23 27 8 18 25 24 29 13 5 17 21 15 17 30 29 5 18 22 7 12 2 26 5 21 5 5 7 10 24 16 6 28 4 23 17 23 13 22 24 23 8 29 13 25 19 24 21 8 
13 2 6 16 12 12 13 8 26 5 0 19 8 3 12 26 18 24 29 6 17 22 4 2 21 5 0 4 17 19 29 0 15 30 4 26 3 27 25 22 15 30 7 4 5 16 22 0 19 16 1 0 11 13 20 26 14 15 24 8 24 15 3 17 4 22 12 6 19 23 26 21 30 11 11 20 3 26 10 16 17 17 0 26 30 9 30 28 22 27 27 
12 13 6 27 4 13 8 4 22 15 13 27 21 5 1 1 27 21 4 24 16 26 3 10 14 8 6 4 28 14 1 29 20 29 19 28 9 23 15 16 11 10 20 3 0 7 1 4 24 11 19 16 10 27 23 22 9 13 21 0 30 12 11 20 20 6 27 13 28 2 9 9 14 4 14 28 19 27 26 29 23 15 17 7 6 6 1 30 19 13 19 
22 10 15 7 30 29 23 22 15 15 2 26 27 18 13 7 6 30 9 28 26 6 12 3 24 23 7 16 21 27 28 8 27 30 24 5 25 27 26 1 22 6 28 19 18 29 4 7 2 12 19 29 0 27 17 3 13 13 13 4 26 4 22 18 21 3 19 15 10 22 24 5 26 12 14 13 1 9 27 12 2 11 30 21 10 26 2 12 3 24 24 
