8
10 24 0 0 12 7 3 25 7 9 1 14 11 21 17 17 20 25 2 5 10 27 17 16 26 7 18 23 22 10 3 22 10 5 23 7 15 19 29 12 7 12 25 0 8 
6 27 1 7 28 17 14 6 20 2 25 20 1 9 17 6 22 17 12 20 10 11 12 25 20 6 17 5 12 27 12 11 29 11 19 13 17 26 8 29 9 24 13 17 12 
7 3 5 24 18 14 11 19 18 16 14 22 6 11 12 24 22 17 7 14 6 30 4 28 11 28 15 21 22 21 12 4 14 13 9 21 14 12 20 12 18 6 18 30 10 
8 17 1 11 26 5 21 3 2 24 29 8 14 19 18 25 12 15 8 0 7 3 8 1 30 24 14 25 23 2 3 1 4 30 27 21 10 11 24 1 22 28 5 21 20 
10 21 23 5 3 22 11 1 21 22 9 5 13 24 4 28 27 30 24 14 25 20 16 7 15 4 6 12 5 26 2 8 25 3 0 26 9 24 28 21 25 9 14 8 1 
26 21 22 20 4 0 3 19 2 21 0 0 23 12 24 26 0 0 27 11 30 6 12 22 24 19 28 2 4 16 26 2 11 22 13 21 1 25 5 21 28 26 23 19 10 
28 4 21 4 10 4 4 28 26 14 10 17 16 23 4 17 18 0 25 10 4 23 6 14 13 10 26 2 30 1 12 6 24 23 28 6 3 19 0 25 25 15 7 13 27 
5 25 5 2 2 10 13 8 18 5 9 6 12 30 2 9 7 28 13 21 23 9 29 27 16 4 27 24 23 15 20 26 27 20 23 13 25 29 12 12 8 6 12 23 28 
20 0 29 12 29 11 30 18 0 6 18 23 2 21 2 25 18 0 29 7 17 24 7 8 7 21 12 21 25 1 12 8 5 25 21 18 26 13 3 21 23 26 7 13 2 
24 13 30 8 5 2 21 21 8 20 12 5 22 14 25 28 10 4 11 27 5 7 8 14 7 10 1 30 3 0 19 1 16 10 2 21 12 4 2 23 24 10 16 29 17 
1 27 18 23 20 11 18 17 7 28 13 25 20 20 0 27 13 9 10 14 3 30 29 30 30 27 15 23 4 23 30 13 12 27 6 16 4 11 20 17 17 30 8 5 6 
6 11 4 26 11 13 15 25 4 9 13 28 23 4 29 30 9 14 13 1 28 21 20 11 29 21 3 19 10 28 19 12 6 26 3 25 5 18 9 10 23 27 22 26 30 
1 1 29 21 30 4 11 7 29 20 23 20 26 9 13 7 1 13 26 20 22 13 26 6 8 25 5 27 14 20 20 27 2 16 4 6 25 24 5 20 13 4 5 12 12 
17 4 1 6 24 3 27 28 30 30 16 24 7 8 0 29 21 0 0 28 16 22 10 13 12 14 29 14 8 2 22 25 16 19 20 7 0 28 18 24 21 4 15 0 2 
30 1 15 5 23 14 12 14 28 16 12 3 12 12 13 12 19 4 14 2 27 26 22 14 0 29 3 13 6 15 2 15 9 20 13 25 24 23 30 28 18 18 24 9 9 
22 8 28 1 13 22 9 16 9 27 19 4 16 13 23 10 10 9 6 17 23 5 6 27 1 23 25 2 21 2 9 12 2 19 1 2 25 1 26 1 6 21 6 6 11 
