11
2 5 30 29 5 5 21 2 23 21 15 0 22 1 10 25 27 26 2 21 30 30 30 29 29 22 0 27 3 0 27 25 8 9 1 21 1 11 29 19 28 2 23 28 13 12 11 8 25 8 5 8 20 25 23 16 18 9 13 15 23 14 23 23 0 30 8 5 16 9 0 20 2 7 8 21 16 8 
30 28 27 12 29 0 4 13 11 24 5 26 2 30 16 5 23 21 25 9 30 3 8 25 25 9 12 5 17 17 5 2 0 27 21 4 9 16 15 28 2 4 1 21 20 23 20 25 28 17 8 0 20 11 15 25 4 8 0 3 28 27 18 25 12 24 6 9 3 19 7 20 1 12 11 3 29 8 
4 6 22 10 17 17 0 15 0 10 28 1 23 0 18 28 11 10 25 24 20 24 16 24 24 2 17 14 11 11 4 12 30 6 14 4 11 8 6 11 30 18 24 21 15 21 2 16 0 3 24 15 2 5 26 6 27 21 1 16 19 13 14 10 12 29 15 29 23 14 17 5 18 18 18 25 2 5 
17 15 7 13 0 15 10 28 20 11 21 12 21 1 16 22 17 29 3 9 6 9 15 30 3 4 27 29 20 5 5 2 19 16 16 3 7 20 20 2 3 6 28 6 9 27 25 29 25 10 15 18 3 10 18 19 23 3 2 27 17 26 0 24 2 27 4 23 11 28 13 1 28 0 16 12 9 1 
15 20 7 5 10 7 23 2 7 3 28 4 1 13 17 3 19 18 8 20 14 27 20 5 20 29 15 9 2 26 19 14 24 1 18 2 3 8 2 16 29 21 1 24 8 28 15 8 18 15 8 8 25 1 28 3 12 8 13 1 17 22 29 11 14 23 29 23 23 14 5 15 30 22 10 2 13 18 
21 9 26 28 22 6 11 10 21 26 25 14 20 14 23 13 17 1 4 30 29 8 30 28 9 24 20 22 8 11 18 21 26 10 2 11 11 14 25 14 14 20 4 24 0 13 26 24 15 5 6 4 7 1 14 9 6 3 10 27 24 14 30 8 3 27 26 11 3 3 17 6 7 7 7 5 25 16 
16 12 25 21 17 0 24 12 6 16 16 26 23 25 4 8 18 30 24 6 20 30 9 28 26 22 27 5 9 19 10 27 13 0 17 12 21 8 13 2 24 0 20 0 2 11 22 10 25 8 20 8 14 2 3 5 3 28 1 17 23 9 0 19 3 4 17 29 23 19 0 26 13 22 27 28 28 0 
3 3 4 27 5 27 11 19 4 8 13 13 18 28 22 4 4 16 18 10 11 16 29 3 30 13 9 29 8 5 6 23 8 16 13 20 22 30 11 4 23 0 4 29 9 2 28 9 30 26 7 3 10 11 3 30 26 29 3 21 10 23 30 22 26 21 30 19 30 21 4 1 18 0 17 17 6 25 
28 10 23 13 18 9 3 14 21 18 7 8 19 25 15 21 8 6 10 17 13 8 27 2 15 22 30 27 16 25 22 17 23 7 23 25 8 27 17 1 4 28 6 26 1 28 3 10 29 12 8 26 5 4 8 1 25 7 7 30 20 19 30 23 6 20 0 13 20 11 21 21 5 18 5 20 20 19 
1 0 19 16 28 11 0 19 9 19 21 25 22 14 24 26 4 20 2 28 12 0 30 27 29 5 22 22 28 4 7 27 15 24 21 6 8 20 18 3 2 16 23 11 1 3 10 27 20 27 15 29 3 14 16 29 17 7 3 8 17 0 19 5 14 16 6 29 30 27 11 16 3 23 18 23 10 1 
5 2 22 12 2 11 24 17 0 22 8 30 26 21 12 24 26 15 4 16 28 23 11 5 24 13 4 20 14 23 23 16 17 17 16 7 26 7 21 27 21 11 29 13 6 12 22 21 9 13 21 14 20 6 15 26 29 29 10 30 30 9 8 12 18 2 14 9 0 3 24 10 25 19 12 21 2 6 
28 13 10 5 29 11 9 15 5 9 17 30 10 15 6 17 9 16 18 28 21 19 18 25 7 1 19 16 25 4 9 30 14 14 11 3 14 7 29 18 0 30 2 0 29 3 21 6 30 25 14 14 5 15 14 28 26 1 22 14 20 7 17 24 1 9 19 19 1 13 20 13 13 28 0 22 26 22 
27 0 25 12 9 0 12 14 11 2 27 28 20 9 14 22 16 18 3 26 30 3 0 21 0 21 11 18 18 23 1 28 30 17 18 20 25 30 1 8 4 21 5 11 27 5 9 13 19 27 1 30 17 25 18 12 5 11 19 15 7 30 17 30 0 6 13 4 16 22 12 18 16 19 16 11 23 21 
11 20 0 18 2 27 21 17 21 11 4 0 30 7 24 22 0 28 5 17 2 7 17 20 0 2 6 4 23 26 8 27 28 28 11 17 7 9 28 16 15 5 10 21 12 25 17 3 18 12 8 14 21 3 15 24 0 5 27 16 13 18 8 2 23 13 23 10 27 16 17 9 28 24 19 6 11 9 
21 17 4 4 0 4 20 15 26 15 28 23 22 5 19 19 28 23 30 0 2 29 20 29 7 11 6 22 7 23 16 11 16 30 28 23 3 12 20 26 22 28 12 2 30 20 15 15 18 22 13 19 28 3 28 18 13 22 21 21 2 15 5 3 0 29 19 8 22 13 1 17 7 26 5 4 7 14 
20 18 26 8 19 8 30 7 7 5 16 19 8 21 7 28 3 18 1 30 12 30 25 12 10 10 8 2 8 27 16 25 10 20 24 15 0 22 17 27 20 11 13 8 0 22 6 7 19 0 9 0 22 0 11 30 2 23 13 20 10 15 9 25 9 14 23 9 4 12 30 4 18 14 3 20 21 12 
25 12 3 23 30 16 7 27 20 14 23 19 30 29 17 15 15 25 1 2 25 20 7 28 22 13 18 14 12 22 23 2 17 23 24 23 9 30 12 17 17 13 5 8 23 11 1 27 29 5 17 10 24 0 18 14 18 15 2 14 3 5 12 27 22 13 11 14 22 20 16 11 24 23 28 3 19 16 
29 27 9 9 5 3 17 0 23 7 6 9 25 4 1 17 21 10 14 5 18 26 10 18 26 16 14 3 15 15 27 19 27 28 22 21 12 22 18 7 25 20 11 24 22 26 29 0 27 13 6 21 27 30 24 23 6 21 24 8 0 30 23 26 8 16 2 0 15 1 1 15 21 22 6 19 19 10 
24 29 19 6 12 16 10 1 19 17 9 1 5 1 6 28 1 2 15 27 14 13 4 23 9 14 28 16 7 26 1 9 26 17 28 16 6 16 25 15 25 23 10 1 3 5 21 19 21 10 4 28 25 4 30 16 0 6 19 24 14 25 2 5 16 14 12 22 20 26 16 30 20 7 6 8 3 25 
17 2 11 12 18 26 8 28 7 16 3 10 21 12 8 13 7 19 4 5 10 12 29 5 13 8 29 29 8 6 21 28 29 18 8 27 11 6 20 24 8 23 28 12 25 23 20 26 20 13 20 22 21 3 30 15 15 19 28 26 6 10 6 22 11 26 23 1 13 13 0 9 4 0 25 14 18 13 
25 18 8 14 4 10 29 8 30 6 25 10 9 11 5 10 11 5 18 13 7 4 19 11 2 13 29 25 18 20 14 15 0 24 16 28 28 24 18 10 29 0 7 11 27 29 17 17 5 25 21 11 11 8 25 17 22 22 2 19 5 22 23 21 2 29 26 7 13 19 0 24 21 24 20 7 5 1 
7 24 15 30 30 21 24 2 1 23 21 5 0 17 23 12 12 12 16 17 1 8 11 29 22 29 12 18 3 1 15 21 3 18 6 27 10 1 17 4 14 2 29 4 15 29 13 21 5 6 24 27 4 11 0 13 16 3 16 5 23 11 16 23 23 4 19 5 17 9 5 6 14 25 13 25 29 30 
