12
21 16 19 21 7 2 20 29 28 19 0 27 28 29 10 0 4 12 8 10 30 10 18 19 6 13 4 21 16 18 2 27 4 15 11 2 10 27 14 1 25 11 15 8 22 10 29 5 20 22 15 29 25 24 1 28 11 30 0 22 21 12 26 8 11 3 28 9 0 1 25 13 5 23 30 23 9 30 25 24 14 24 23 6 17 4 25 11 4 4 2 
20 29 24 12 18 3 6 21 12 24 11 13 4 14 24 12 4 19 13 9 9 0 3 1 13 5 13 20 15 7 1 19 8 30 3 2 12 13 2 6 5 1 3 25 29 11 15 5 15 6 29 4 9 25 28 3 9 25 12 28 26 30 22 15 30 5 25 27 14 1 5 15 15 12 4 29 23 5 4 22 6 23 17 5 23 7 0 1 2 16 12 
17 29 28 26 0 19 20 5 27 21 21 20 12 22 29 13 13 8 14 7 5 29 22 16 20 5 17 16 19 7 22 29 18 2 30 12 26 16 6 7 6 3 6 23 18 3 7 17 8 11 23 2 28 29 2 11 6 1 8 23 30 4 25 9 14 7 27 20 18 26 17 21 16 8 27 19 25 8 10 29 8 26 14 17 17 12 18 1 15 4 11 
4 0 5 5 11 23 3 8 21 26 20 15 0 5 2 14 0 16 25 4 26 8 19 16 16 10 6 20 30 22 29 20 6 15 5 24 30 7 20 26 13 25 21 10 2 18 22 6 8 16 14 22 10 26 16 20 19 25 8 11 7 7 3 21 25 13 21 19 30 20 11 2 2 9 23 17 4 1 15 20 1 30 7 18 26 29 27 14 8 30 25 
9 16 19 30 0 20 9 16 10 11 14 2 29 12 24 9 5 28 19 25 11 5 25 28 9 4 18 4 22 13 2 12 26 16 20 6 0 5 28 12 8 0 23 30 27 11 28 13 10 13 7 1 29 28 9 29 18 2 26 17 16 14 8 21 21 2 19 12 5 18 4 30 8 24 20 22 18 22 11 20 6 7 12 30 1 0 0 30 1 4 24 
15 14 8 17 6 30 20 7 18 28 23 4 10 24 28 12 10 30 15 29 29 25 13 2 4 26 0 1 12 11 27 18 25 3 4 21 4 8 11 13 25 28 8 27 26 1 20 5 5 3 24 0 29 24 7 20 19 7 24 24 4 17 17 0 12 14 17 2 12 6 25 4 16 15 25 16 26 27 25 15 1 17 22 0 0 2 3 25 21 3 24 
1 29 4 14 21 1 17 26 21 7 13 12 27 15 27 4 4 23 6 26 9 29 27 4 13 23 9 13 26 16 4 21 17 19 14 16 13 2 13 24 7 12 6 29 22 10 17 13 14 28 21 3 7 1 9 1 0 26 22 24 0 8 4 30 11 12 26 8 27 9 16 25 14 16 1 11 3 28 25 15 7 27 25 7 14 17 18 8 5 13 27 
2 0 16 20 29 9 1 30 9 3 20 26 8 1 13 16 29 11 0 15 23 21 5 27 14 23 23 30 14 24 28 18 13 25 16 28 28 15 2 9 21 27 28 18 18 18 9 25 5 17 23 12 2 13 0 22 10 1 19 22 8 7 20 8 5 11 2 2 4 28 6 0 12 0 12 4 22 11 1 29 0 1 16 18 25 13 25 25 14 22 6 
12 6 15 7 30 8 29 2 2 24 30 12 15 26 18 21 19 14 20 20 22 7 26 2 20 6 9 21 0 1 25 14 5 15 28 10 14 27 30 23 29 22 4 10 7 24 19 30 11 10 15 19 4 30 21 26 4 23 3 15 29 20 2 0 15 25 26 28 9 19 7 29 9 0 12 2 12 17 10 20 21 24 24 14 2 28 13 17 1 4 29 
25 14 29 22 14 3 29 1 28 4 13 17 8 19 30 8 27 17 8 16 8 10 8 12 15 26 14 2 0 23 28 13 18 4 12 2 15 11 27 8 0 17 3 10 21 22 22 30 12 4 3 18 14 5 4 20 23 17 5 8 28 18 0 12 9 20 23 28 6 25 13 2 17 27 11 1 3 0 20 12 22 16 29 9 19 23 5 14 15 16 10 
4 25 11 22 4 5 28 30 17 30 20 15 26 14 8 20 8 18 0 25 11 29 22 16 1 8 6 25 24 23 0 10 11 27 27 11 12 7 21 7 22 17 3 8 5 9 19 21 23 23 24 26 26 1 5 19 1 2 8 2 28 26 1 8 18 20 14 1 3 9 23 18 24 22 2 13 9 26 22 8 24 23 21 13 14 22 18 26 0 19 23 
9 13 23 9 7 22 26 25 15 23 27 3 26 18 4 12 20 9 10 1 23 9 29 1 5 28 18 0 7 7 28 9 11 10 30 10 19 8 11 25 29 13 8 15 14 8 4 26 2 23 30 26 8 18 3 18 5 5 2 8 28 19 23 4 21 13 9 10 26 5 19 19 30 29 5 12 5 19 29 7 24 7 24 9 2 28 29 13 27 22 23 
16 25 12 9 28 11 3 11 12 22 5 29 30 17 22 30 28 11 13 7 1 7 26 2 7 10 20 15 5 12 4 29 25 4 8 23 8 27 22 28 23 6 27 11 12 11 2 12 18 22 5 25 18 4 29 21 17 22 20 23 20 8 25 2 20 12 16 6 21 22 30 26 26 2 19 28 13 16 14 27 17 10 18 26 7 28 24 20 10 12 10 
17 27 22 9 1 20 30 14 15 2 15 23 3 20 8 1 29 6 7 19 5 2 5 7 1 24 2 17 12 27 23 3 7 25 9 11 3 27 3 6 17 12 27 11 5 14 15 11 3 12 6 0 24 13 14 13 8 13 24 8 3 25 26 22 12 26 19 0 20 29 15 9 28 25 9 22 27 12 24 9 7 3 22 4 24 17 12 25 19 12 27 
18 22 6 16 2 9 16 25 24 10 19 9 23 8 12 29 7 12 20 28 3 6 14 13 1 3 0 14 18 17 17 29 28 6 7 18 26 29 18 6 7 23 28 17 7 4 2 22 8 10 7 8 10 25 29 8 8 4 24 21 29 18 23 18 7 26 13 17 10 16 25 7 20 20 5 8 9 22 22 10 22 13 27 16 27 0 3 23 21 13 8 
23 19 9 3 26 0 21 2 17 22 25 2 14 14 17 23 8 8 10 9 21 18 4 7 1 8 19 19 18 13 2 26 13 2 17 15 13 16 28 20 1 1 26 8 23 26 16 24 10 15 27 10 11 8 4 16 25 17 23 14 0 20 25 20 9 28 27 12 26 10 21 15 0 24 2 22 24 23 6 11 10 7 11 24 13 3 18 2 27 16 3 
25 25 1 30 29 14 1 18 20 20 27 25 22 9 2 21 9 19 26 17 26 16 9 23 13 29 16 4 15 19 4 25 30 21 1 13 9 16 19 28 21 6 2 11 30 21 5 8 29 8 19 27 11 11 23 19 6 5 12 16 25 30 16 13 16 18 15 11 27 10 26 17 3 23 8 3 27 17 20 10 14 22 2 18 23 26 20 15 29 17 20 
5 17 19 7 3 2 17 9 30 23 15 8 3 9 6 13 29 11 19 3 28 9 13 25 29 12 14 16 28 30 4 3 18 22 26 1 15 21 3 19 26 6 26 3 26 27 11 20 9 25 16 30 9 28 22 4 21 18 26 22 9 14 22 21 5 27 4 22 1 10 10 22 27 7 10 14 10 8 22 18 8 12 21 0 26 4 26 4 4 5 22 
17 22 15 19 28 25 22 8 29 6 6 30 26 2 3 7 30 25 16 15 18 10 2 24 1 24 11 20 10 13 7 23 13 21 7 20 26 2 0 30 9 29 8 25 20 18 28 9 15 9 3 30 15 3 24 23 5 19 28 2 13 19 17 9 15 8 14 12 22 2 26 16 3 30 4 18 30 4 9 15 29 6 15 5 30 13 8 8 18 25 29 
3 30 2 26 1 8 9 1 25 26 26 16 20 25 22 12 21 0 27 26 14 12 22 17 16 21 3 25 18 7 12 6 24 0 18 6 26 12 17 24 26 1 16 21 5 23 27 20 19 16 26 4 7 15 17 25 4 26 0 14 25 25 14 23 20 21 27 9 4 2 7 4 27 19 7 8 22 3 7 19 1 21 14 13 30 25 26 0 13 15 29 
21 5 7 15 28 10 28 2 18 2 8 17 27 28 7 7 13 15 10 30 7 14 22 13 16 17 24 6 10 15 7 20 9 5 14 2 8 26 2 7 27 20 1 7 27 28 19 6 18 24 19 12 19 28 30 5 11 11 9 16 1 11 13 29 1 1 8 21 5 16 25 30 15 3 25 5 18 3 10 14 20 23 16 1 13 8 17 27 5 14 4 
5 5 8 19 24 7 30 12 8 25 7 10 15 28 0 2 7 2 9 6 2 30 30 12 1 26 26 11 9 1 25 5 30 6 26 4 9 9 18 19 9 17 6 24 9 5 30 1 22 8 14 27 7 11 17 5 6 30 14 22 10 0 10 27 24 14 3 4 14 22 26 23 27 21 18 0 30 9 11 12 3 7 7 4 24 3 25 6 9 17 27 
12 14 14 8 4 2 14 13 25 26 16 26 7 30 3 26 28 23 14 8 13 6 6 26 20 15 29 23 1 21 27 16 22 8 14 26 5 9 22 4 3 21 10 9 5 10 9 26 8 30 0 19 12 2 1 16 28 19 3 20 6 27 5 11 8 4 7 3 8 19 29 28 28 3 3 0 24 0 19 7 21 20 8 30 10 29 22 16 0 28 8 
27 2 23 1 3 20 19 26 3 20 23 8 13 20 30 1 12 0 4 4 4 15 24 2 18 23 2 3 18 16 0 4 29 24 25 22 28 14 16 28 6 13 28 5 10 20 28 21 6 22 5 26 10 21 5 3 14 29 16 15 8 13 24 16 13 2 28 11 17 22 0 28 18 9 22 9 15 22 29 30 14 29 24 26 16 28 5 11 28 30 30 
