9
12 10 1 7 10 22 26 9 22 20 6 14 25 2 6 3 16 17 2 4 24 29 10 13 8 15 8 15 5 4 8 18 8 24 17 11 9 6 23 2 17 17 15 1 9 20 2 23 6 5 14 14 15 7 8 
25 21 12 7 0 21 21 8 24 25 19 0 11 24 18 3 27 9 12 18 28 8 19 9 12 1 21 30 2 15 2 14 17 7 4 5 21 2 3 23 8 26 15 30 11 16 12 26 26 17 9 26 5 27 24 
0 26 2 14 23 27 25 28 0 21 29 5 15 15 25 30 16 18 20 20 24 24 11 12 15 1 27 11 5 30 9 10 2 27 11 15 18 25 18 26 20 29 4 15 19 2 7 21 11 29 13 21 26 17 16 
2 23 15 22 8 27 15 11 10 29 2 3 1 29 26 28 25 12 19 9 26 30 9 11 15 20 28 10 22 6 17 4 7 22 3 30 2 11 30 4 12 18 21 23 27 15 22 23 25 17 18 29 14 6 21 
30 0 26 0 19 19 11 22 2 8 13 22 22 0 30 20 17 28 6 27 20 19 25 17 12 25 18 8 8 25 8 13 13 22 8 29 15 7 14 2 23 27 27 28 23 23 15 7 23 21 6 30 17 28 17 
12 2 19 29 26 13 29 6 11 0 16 17 14 1 21 26 5 10 14 0 18 5 4 16 18 26 17 28 9 5 16 30 19 16 25 19 12 1 12 10 20 0 8 19 23 30 14 17 5 24 11 1 25 11 17 
20 30 6 2 27 8 11 20 19 18 10 20 16 22 1 27 9 29 2 30 17 24 5 19 16 18 1 28 28 6 15 23 18 25 18 22 18 13 24 7 7 27 13 15 13 0 23 6 29 28 8 24 2 28 8 
29 17 30 24 7 7 23 0 25 3 1 15 23 22 20 26 5 30 29 30 21 21 25 26 9 22 3 26 21 2 14 26 12 26 18 11 6 8 2 21 27 2 9 13 19 3 23 27 18 26 22 24 9 1 1 
6 3 15 28 8 17 15 20 16 29 17 22 15 4 3 5 15 6 5 10 8 22 21 3 3 14 9 14 5 14 27 19 8 13 17 4 3 30 10 7 6 15 28 12 19 17 9 14 27 11 26 15 18 27 28 
12 13 21 19 22 22 3 3 2 28 0 8 0 30 23 26 16 20 19 3 1 27 24 28 4 7 15 12 22 16 23 17 14 14 22 16 30 20 13 8 3 15 28 23 30 21 21 14 6 0 8 3 18 22 28 
1 29 2 1 18 12 12 30 0 22 5 22 12 14 30 28 19 5 17 22 9 28 11 18 1 17 23 13 17 12 17 23 19 17 19 26 30 7 26 21 8 28 15 26 13 11 17 25 0 9 22 12 23 5 4 
25 3 29 28 9 5 20 6 17 13 2 4 24 12 9 16 21 14 20 0 8 3 13 28 2 18 14 11 9 2 30 19 18 27 9 11 3 17 14 24 12 7 24 5 10 0 13 15 8 12 30 4 11 16 10 
25 21 12 23 5 3 29 29 26 9 0 13 10 23 25 20 14 13 2 4 25 12 7 2 12 6 3 12 23 14 20 13 13 14 10 11 16 18 6 29 11 25 3 15 10 26 24 27 7 27 7 4 30 28 24 
10 10 25 30 15 2 23 21 8 18 15 1 22 6 23 2 8 3 14 25 30 16 18 7 30 27 16 19 4 7 8 7 20 20 23 11 29 13 23 18 10 20 3 5 21 30 13 9 9 11 20 0 9 26 14 
0 18 11 5 7 16 28 17 19 12 0 13 28 1 19 3 14 1 28 24 16 15 2 0 10 20 18 3 28 1 19 2 22 25 17 15 0 14 3 20 9 1 5 29 5 25 26 1 25 10 14 29 28 5 19 
10 6 17 16 4 5 12 11 2 16 30 4 18 13 23 15 12 27 12 17 15 8 21 21 18 18 2 28 22 10 2 13 13 17 20 30 17 11 0 0 21 30 22 9 22 22 24 14 14 15 22 5 3 7 9 
4 8 8 29 19 11 7 7 4 3 25 18 14 5 0 18 21 2 28 11 25 7 25 13 16 27 12 26 2 12 27 9 28 9 22 23 25 1 11 21 15 5 7 5 11 13 3 1 6 18 26 21 12 6 16 
24 20 22 4 26 11 1 3 25 6 3 21 5 7 29 28 30 2 21 24 15 7 1 19 22 22 19 23 19 27 2 8 14 11 30 19 26 10 21 1 2 23 5 17 15 1 30 11 24 30 0 13 25 30 19 
