8
21 28 9 12 18 19 11 27 27 1 10 22 18 6 13 17 7 17 4 28 23 5 17 1 26 19 14 12 6 16 28 7 8 30 26 10 24 12 15 6 12 8 14 22 25 
21 25 22 23 25 25 23 0 16 6 15 18 0 0 0 26 11 28 11 29 20 21 21 16 6 3 1 22 10 13 20 17 23 27 6 5 18 28 15 22 6 12 5 28 0 
16 10 4 8 19 24 17 0 10 11 16 15 7 2 12 11 29 2 16 4 13 29 26 26 9 11 28 7 13 30 12 5 10 19 21 18 21 29 29 28 22 0 17 21 11 
21 30 18 3 20 17 0 8 6 21 4 8 29 9 16 5 16 0 1 30 11 25 11 7 5 18 14 19 2 13 1 21 10 7 17 2 14 10 7 28 26 12 11 18 25 
19 30 8 9 17 10 27 6 21 21 4 1 15 30 2 12 16 16 15 5 15 17 2 14 16 21 24 27 22 5 22 25 13 18 2 30 30 24 26 29 8 10 9 7 7 
7 0 15 20 19 11 8 7 2 1 25 6 25 17 2 19 18 2 13 28 28 11 4 2 23 12 28 23 24 11 29 4 0 0 24 27 4 3 28 8 23 18 25 7 12 
17 23 2 5 9 7 26 28 16 17 10 25 30 23 24 27 7 11 24 17 27 11 22 12 25 22 3 7 8 25 30 6 6 1 24 16 5 15 1 23 6 27 10 4 30 
27 17 12 30 2 15 16 13 10 12 30 21 2 26 4 17 29 8 30 2 20 19 18 18 18 2 16 10 0 30 2 22 6 1 14 26 12 12 14 14 10 19 19 12 19 
23 2 20 11 13 23 15 18 16 24 11 18 0 15 9 6 9 4 28 5 1 7 25 12 11 6 17 22 15 22 7 3 3 15 10 29 9 16 22 12 25 30 19 17 28 
20 19 28 14 9 29 10 17 18 30 18 10 1 1 3 21 27 2 27 22 26 4 23 28 7 15 10 5 22 28 27 11 11 7 10 21 23 18 24 4 6 15 27 5 30 
17 22 6 10 4 1 10 0 13 30 19 18 11 19 6 2 27 10 2 13 9 1 4 21 25 23 15 29 22 12 23 5 2 5 1 10 27 14 18 14 25 21 6 21 22 
24 30 14 21 19 12 21 13 29 3 28 20 9 1 9 27 1 6 29 21 9 22 2 20 3 17 16 23 30 14 17 18 27 2 22 14 5 0 25 14 10 2 29 12 6 
24 20 4 1 8 12 4 6 17 9 14 20 27 12 10 28 9 30 14 1 20 17 0 17 11 16 21 29 17 19 9 19 15 4 24 12 0 25 13 12 25 24 1 4 7 
4 16 26 9 9 1 17 28 25 4 29 16 18 12 16 29 8 25 8 21 8 21 19 13 7 19 22 18 7 30 30 5 17 28 21 1 21 17 19 18 11 20 28 18 21 
27 16 30 8 4 25 23 28 12 17 1 24 21 28 10 24 17 3 21 19 11 10 8 21 21 10 6 9 24 27 20 14 19 22 8 15 4 18 4 0 15 18 19 25 9 
3 17 16 15 25 11 6 9 20 12 16 30 15 16 10 14 17 27 16 23 29 24 6 26 17 30 16 24 22 24 4 17 22 8 15 23 4 26 27 13 18 0 0 18 5 
