9
14 19 9 23 23 10 8 24 27 21 25 14 19 5 18 2 23 27 25 4 25 29 16 2 20 21 2 3 13 4 4 26 13 2 7 2 7 9 14 25 10 28 23 0 1 27 19 4 30 1 19 23 17 17 30 
13 5 13 10 16 25 6 1 28 3 15 13 27 14 22 1 16 19 3 13 27 0 4 5 12 6 4 25 25 0 26 14 8 2 20 0 29 18 2 23 15 16 10 28 7 12 10 15 26 24 16 18 18 8 10 
6 25 1 7 0 22 18 15 28 29 3 11 6 23 0 6 7 18 18 16 6 14 16 4 21 17 20 15 28 19 9 22 0 8 13 29 28 8 14 29 11 18 7 4 2 25 25 15 0 15 19 11 16 13 17 
21 25 27 28 28 10 14 16 1 10 20 24 21 23 26 10 21 1 16 19 21 28 20 28 25 18 7 1 13 0 13 29 10 1 2 28 0 16 5 20 14 24 16 12 6 30 28 19 27 8 3 26 10 23 17 
7 29 21 26 23 16 11 26 26 10 2 11 24 25 18 12 12 13 18 24 17 27 29 17 22 18 5 18 18 30 8 25 19 5 3 0 1 21 22 7 28 20 12 1 3 29 18 8 14 15 7 1 6 20 9 
13 26 21 18 24 19 20 3 11 24 9 17 22 16 12 30 13 22 3 23 27 2 18 1 4 7 18 22 28 4 21 23 19 5 0 9 8 5 23 11 25 11 1 25 3 11 4 7 3 9 7 0 23 10 12 
22 17 14 23 10 15 30 3 10 24 21 5 0 4 15 27 14 26 6 26 20 27 15 8 11 2 11 9 5 11 24 8 4 15 26 12 11 19 6 8 6 22 26 5 18 24 15 29 11 7 19 10 25 1 28 
3 25 12 18 17 26 22 28 14 13 11 25 24 29 7 8 12 21 8 18 27 5 20 27 13 4 15 22 21 4 8 10 0 20 14 10 25 7 15 11 12 24 16 26 6 2 9 13 4 4 29 26 27 9 8 
27 14 9 4 10 21 24 17 13 6 1 7 0 4 7 9 18 6 1 18 25 14 26 18 18 17 17 5 6 1 7 1 28 18 0 9 21 14 17 29 20 28 28 21 21 6 15 20 4 24 27 3 4 21 27 
22 7 4 12 30 24 0 14 28 20 19 5 23 26 9 18 19 8 8 1 0 13 20 2 28 4 11 18 4 28 19 26 10 1 16 14 5 12 14 18 15 14 14 10 6 26 12 15 17 15 27 3 14 0 22 
0 9 14 25 28 19 12 28 7 3 18 20 28 20 19 11 15 5 23 5 18 22 29 28 28 23 28 17 6 26 22 16 11 13 12 9 22 15 22 26 8 26 10 7 11 10 14 18 29 24 20 28 1 21 6 
20 16 9 28 26 26 14 4 29 29 7 29 10 2 26 26 10 1 2 28 22 17 24 2 3 27 17 17 23 22 14 28 11 13 4 12 4 20 18 29 12 28 10 26 15 29 2 29 26 1 23 11 18 10 10 
27 9 29 8 8 20 8 17 27 28 21 22 23 6 20 30 11 20 11 2 8 17 13 13 3 27 0 29 10 8 20 3 0 30 7 3 23 19 14 12 17 17 7 18 3 1 20 0 5 4 16 2 1 5 26 
10 7 6 19 30 13 20 22 13 30 23 3 16 23 20 21 6 12 2 21 0 14 22 6 7 14 25 10 2 3 19 21 15 30 23 18 2 29 21 10 28 25 11 1 9 22 13 28 23 5 19 1 29 18 1 
29 22 26 1 23 26 13 0 12 9 16 25 30 7 18 0 7 24 4 4 24 4 16 22 8 23 4 21 12 11 5 25 14 1 4 1 21 21 20 24 10 10 2 21 19 12 21 30 0 22 4 24 10 6 3 
7 8 8 6 0 19 11 3 10 6 29 5 14 29 25 24 9 6 11 13 7 16 17 12 20 21 11 12 5 8 16 29 5 8 16 22 10 8 4 24 18 1 5 28 10 15 28 8 10 21 7 30 15 15 17 
8 10 15 27 20 16 24 23 20 6 3 2 15 8 1 6 21 13 20 28 7 5 21 28 7 10 25 3 0 7 21 18 16 25 12 1 5 16 9 25 2 20 15 3 19 3 18 7 0 23 3 26 13 16 11 
5 25 25 5 19 7 15 21 6 8 27 0 1 2 9 14 16 3 29 0 8 30 12 28 0 1 18 1 21 27 29 3 8 13 27 14 15 3 0 15 12 26 11 22 8 29 30 21 3 7 1 26 9 16 21 
