11
11 7 30 20 10 24 26 4 5 26 22 17 13 1 21 17 4 9 0 18 29 18 15 13 18 29 30 27 6 7 1 0 22 25 15 7 14 16 0 15 18 2 26 21 17 3 21 5 16 20 25 1 11 13 15 8 23 5 26 10 15 29 5 24 20 23 6 30 12 6 28 5 21 13 22 13 26 29 
11 1 7 2 21 6 19 28 17 20 21 0 20 0 5 23 29 16 9 23 4 16 30 4 9 21 22 11 16 15 23 8 0 22 27 15 9 10 3 13 1 14 13 8 9 18 28 1 22 20 3 28 11 26 18 26 8 24 9 2 20 27 8 1 6 25 5 11 16 19 17 20 26 27 0 2 4 22 
0 14 24 1 25 24 24 1 18 30 4 24 2 20 22 13 27 15 8 12 21 29 21 15 14 15 26 9 13 16 28 4 28 3 20 13 24 20 16 11 13 28 14 1 28 13 14 19 5 21 15 24 11 28 29 10 15 20 22 29 20 27 28 8 3 28 14 10 17 6 6 25 1 21 24 19 6 12 
23 26 21 7 0 27 30 21 7 3 30 28 14 28 5 19 16 28 0 29 4 12 28 1 15 9 2 19 8 14 27 28 15 15 6 26 21 19 16 15 5 18 13 18 10 16 8 2 10 1 2 0 1 9 26 17 8 7 14 24 14 7 8 5 13 6 22 4 11 7 30 29 25 7 30 16 29 7 
29 30 1 9 10 0 20 8 24 7 12 22 9 14 21 9 25 20 2 16 14 3 14 7 19 4 15 12 3 19 1 0 26 4 6 20 0 11 0 11 4 9 18 9 11 20 23 10 0 3 15 23 18 6 0 24 0 24 19 29 10 3 3 17 7 3 28 27 5 17 23 16 20 27 26 9 14 18 
9 5 24 12 24 17 27 12 4 23 9 15 11 24 15 12 5 24 5 18 19 18 14 26 2 6 27 28 28 26 2 10 29 28 16 18 7 15 17 6 12 14 13 7 19 13 18 22 21 10 7 29 23 18 18 2 16 8 2 25 28 9 23 19 7 7 24 6 13 21 17 21 0 27 23 21 11 20 
14 7 23 7 17 29 26 20 18 16 30 10 22 24 5 27 8 18 9 8 18 16 19 3 3 6 4 12 12 18 5 11 1 4 10 13 4 12 14 19 27 16 24 29 23 23 18 0 30 28 12 18 18 20 9 29 13 15 19 12 25 0 25 12 6 1 13 13 19 9 13 13 28 6 0 11 1 19 
14 26 25 26 0 13 5 10 24 16 12 25 12 25 25 8 9 20 28 30 4 17 1 14 23 0 26 8 28 28 24 28 0 19 8 25 9 18 24 3 27 4 0 2 15 20 1 27 8 29 3 29 0 26 10 21 1 19 18 8 29 27 11 12 25 20 21 20 30 24 8 27 26 10 11 18 18 11 
14 5 17 24 7 1 20 5 15 11 2 20 20 16 6 8 2 25 16 8 9 18 0 28 13 0 0 12 27 0 28 15 13 4 14 10 26 9 28 24 3 11 11 30 15 6 29 14 15 29 14 3 7 5 24 12 15 26 23 7 7 28 5 5 13 6 30 19 0 7 11 28 23 17 29 6 1 1 
15 11 21 10 4 15 12 16 23 17 20 7 8 15 16 5 14 1 13 5 1 28 4 23 14 18 30 21 19 28 28 1 25 17 7 9 11 30 1 1 25 11 25 4 15 13 10 18 11 6 21 18 8 23 27 8 13 23 15 23 22 26 11 9 27 29 10 30 26 2 21 14 30 6 21 29 14 23 
14 25 27 13 12 5 15 10 25 28 2 2 29 5 22 25 14 10 19 30 22 24 0 10 20 12 12 12 13 16 6 4 4 29 25 20 14 6 30 3 0 11 0 5 18 17 17 17 3 19 5 14 30 23 10 8 1 24 27 5 1 18 20 8 23 22 25 27 22 4 21 7 19 28 9 23 10 3 
17 20 5 30 5 25 23 21 23 26 20 12 26 13 15 14 10 27 27 0 30 0 12 29 20 28 17 0 6 16 5 28 1 8 28 30 12 2 12 12 3 13 30 13 6 15 24 13 3 6 8 4 14 21 22 23 21 25 5 26 29 6 15 17 15 9 28 18 1 29 0 29 4 24 28 26 11 23 
0 17 12 7 29 10 16 14 18 17 30 17 17 1 14 5 24 25 26 21 4 16 0 25 2 13 20 12 18 9 15 9 20 22 22 18 14 25 23 29 20 0 8 23 23 22 8 27 22 5 26 18 2 7 21 9 21 16 18 10 7 15 17 26 4 29 7 9 7 14 12 9 30 28 18 26 22 8 
10 18 11 21 11 29 23 21 2 3 23 15 30 1 23 17 18 16 25 6 19 27 28 29 9 20 28 1 23 11 9 24 3 9 15 12 19 0 4 22 21 5 17 15 24 8 22 26 6 18 15 15 2 12 14 25 28 12 1 5 18 23 3 9 12 16 23 23 9 16 6 25 18 29 18 24 20 26 
15 4 16 14 0 22 8 30 21 0 24 28 13 26 27 3 13 20 22 22 0 0 10 29 14 3 11 1 10 28 3 19 27 9 19 12 19 27 24 14 9 9 21 11 27 1 5 22 2 22 15 8 11 17 22 6 24 16 26 12 24 0 21 0 16 8 1 0 9 22 21 10 1 22 1 27 21 21 
13 13 6 22 27 14 9 8 23 29 28 5 21 19 27 7 19 6 14 15 22 11 21 11 25 23 28 15 16 22 27 7 2 6 27 4 23 28 19 8 27 29 20 19 10 25 25 0 5 12 11 12 22 15 5 19 16 0 13 16 16 27 16 18 18 10 20 6 18 2 7 0 13 30 19 12 6 7 
4 10 1 1 30 11 3 18 27 22 6 12 7 22 2 6 17 9 24 0 8 24 27 3 7 4 6 22 30 28 7 17 19 9 22 19 2 10 9 28 20 21 9 30 7 27 13 30 28 27 6 11 0 20 26 22 24 26 7 20 3 23 9 7 16 28 10 19 17 7 20 18 22 5 0 23 3 19 
20 25 19 29 27 7 26 15 10 4 26 26 3 10 29 13 11 3 11 9 29 14 18 0 27 21 28 29 7 25 1 5 29 0 6 27 12 8 3 11 8 15 8 5 5 25 25 9 26 4 14 5 14 22 1 23 20 24 28 25 8 22 6 23 16 26 26 14 8 27 14 13 9 20 6 15 19 29 
10 4 6 16 6 21 5 22 27 0 28 2 12 2 12 9 21 28 3 8 23 21 21 7 13 19 17 21 18 0 14 20 2 5 2 13 5 1 8 24 9 3 13 3 7 19 15 8 28 13 5 8 4 18 8 3 27 7 15 19 16 3 18 25 7 13 10 18 0 0 12 22 24 15 9 18 7 25 
25 14 25 1 24 30 6 26 12 9 27 3 18 25 19 8 24 18 4 0 1 28 21 9 6 3 4 5 9 23 9 20 22 18 22 24 26 3 3 15 15 4 8 3 22 1 6 14 21 25 19 19 23 6 29 3 23 16 15 30 10 24 5 22 1 9 8 11 23 23 9 22 6 25 1 2 11 16 
14 13 20 18 27 25 13 25 16 2 26 22 4 18 29 21 22 19 7 24 25 7 19 22 12 19 19 23 28 25 12 9 1 20 6 5 29 19 12 19 21 5 5 11 5 26 15 29 21 15 22 12 13 23 5 15 8 25 13 23 25 14 10 11 24 16 5 8 2 22 11 14 2 23 10 16 23 18 
5 22 14 27 25 3 7 16 15 2 8 25 0 2 25 15 3 14 1 16 20 29 15 29 8 21 18 28 27 29 22 19 24 3 26 6 30 11 17 27 21 5 29 22 20 1 13 3 5 7 29 9 16 1 16 29 3 8 30 4 18 14 13 4 9 6 7 22 0 19 16 7 28 8 28 17 10 23 
