7
0 20 13 21 17 24 7 20 29 5 3 19 11 6 2 20 13 17 0 5 5 28 28 6 2 2 4 0 4 8 0 22 24 7 17 8 
8 19 27 9 7 8 23 4 12 14 6 3 1 21 0 22 10 18 10 17 6 10 2 29 9 15 19 20 17 5 11 7 6 19 17 19 
3 14 14 21 3 2 3 5 24 22 10 29 10 11 7 5 14 19 25 7 18 27 3 21 29 19 26 28 27 0 24 26 30 18 4 15 
8 5 7 28 10 5 22 29 24 19 11 14 10 14 13 13 4 15 3 0 5 0 18 6 14 22 22 7 24 11 18 3 12 0 3 7 
3 17 24 14 16 2 9 0 25 6 15 9 8 3 18 26 1 10 0 10 11 7 25 2 13 5 10 25 13 17 21 1 3 6 23 7 
23 11 30 2 4 9 2 19 21 1 23 11 22 16 10 28 13 20 27 20 24 0 29 5 6 20 22 19 23 15 23 29 23 30 15 26 
14 18 25 26 7 13 8 2 23 20 9 19 27 23 15 15 27 24 12 3 17 17 23 21 1 17 27 19 28 27 5 17 13 24 9 2 
6 8 0 24 0 10 25 20 4 13 6 1 0 10 12 24 18 4 21 5 1 1 13 5 11 20 4 9 8 30 7 13 30 21 28 23 
17 5 26 10 9 9 25 29 16 19 24 22 17 25 4 5 15 24 24 21 20 13 23 12 7 0 3 30 6 29 20 21 7 18 28 6 
12 9 22 10 9 17 5 29 5 11 28 19 15 22 7 0 18 26 13 14 2 10 28 19 7 14 8 2 30 27 25 7 4 29 19 10 
9 21 10 20 21 28 24 9 24 29 29 15 12 11 6 30 13 18 10 26 11 8 30 7 16 21 15 21 20 7 2 15 20 27 18 6 
24 17 3 23 12 20 27 21 17 16 4 4 18 23 1 21 5 17 15 24 29 22 21 1 21 25 9 30 25 25 29 26 14 12 4 19 
2 28 7 6 21 16 29 6 8 2 3 22 24 8 8 12 17 4 0 14 21 12 9 2 5 2 20 8 24 25 28 1 11 17 26 2 
30 28 26 5 7 25 17 9 27 23 29 27 19 2 6 2 5 25 10 20 23 14 28 14 25 19 22 9 6 13 22 7 14 15 0 9 
