9
11 11 11 4 5 29 6 27 21 11 12 27 1 9 26 29 18 12 30 18 17 5 29 7 24 26 27 6 5 17 16 4 7 15 24 12 2 5 8 8 11 23 7 1 22 14 1 29 25 10 3 21 6 3 13 
30 20 3 24 16 25 4 29 12 13 3 15 25 26 24 2 11 26 16 28 3 10 12 23 4 5 15 9 3 8 18 8 23 28 10 13 22 12 8 22 26 17 1 25 20 29 0 29 27 0 7 7 3 26 20 
14 16 19 9 25 17 2 7 7 10 17 1 20 6 18 25 25 17 11 29 27 13 9 6 18 1 4 8 20 19 19 30 11 13 19 18 21 21 4 23 18 22 11 2 17 8 13 15 24 18 10 26 13 27 23 
0 19 4 26 19 15 8 20 13 11 23 15 5 25 2 2 23 1 22 5 14 11 15 0 21 28 18 4 24 24 10 22 15 10 8 23 26 8 21 27 28 12 6 23 9 5 7 7 16 28 13 25 8 1 6 
8 30 20 7 23 12 20 29 0 17 22 25 29 9 13 3 2 5 16 15 26 10 8 14 5 23 25 19 1 25 15 1 25 18 0 15 14 18 5 20 3 13 9 21 27 25 15 28 21 11 8 0 2 14 6 
13 4 4 7 4 16 4 28 6 19 29 6 25 2 29 4 9 4 12 29 17 19 29 7 4 12 26 4 27 1 7 11 27 13 21 24 3 3 27 29 6 3 19 6 22 9 24 0 30 20 8 9 11 4 4 
28 11 2 9 23 4 8 26 7 29 18 24 27 11 30 12 17 0 17 24 0 23 10 18 10 29 15 10 29 18 20 16 2 13 29 12 2 10 3 20 7 19 1 4 10 23 20 19 1 17 3 5 17 21 10 
12 22 8 0 14 9 26 12 5 27 15 16 26 12 19 1 12 6 10 0 1 3 23 17 8 22 6 2 4 28 26 10 15 21 1 0 22 7 15 21 30 14 0 6 0 2 4 14 1 10 16 9 25 1 3 
23 5 16 10 15 2 24 7 5 5 22 9 5 5 0 25 30 21 28 24 4 30 28 26 17 20 9 24 10 17 23 22 23 21 3 0 18 17 30 24 25 6 17 10 14 30 12 24 19 24 9 18 26 19 16 
29 19 24 30 6 13 14 9 28 8 3 16 15 4 24 29 26 25 2 11 4 7 0 1 15 18 29 23 7 1 12 27 18 3 10 30 3 28 6 27 4 6 25 29 4 19 20 10 16 8 17 26 0 28 16 
11 8 13 17 18 2 11 17 10 21 3 1 23 22 5 23 16 22 12 19 23 20 8 20 0 21 14 27 12 18 19 10 8 18 20 27 17 17 12 23 23 25 16 15 0 11 20 6 27 2 3 26 23 0 0 
15 7 18 13 21 10 15 13 5 4 18 25 2 15 3 1 29 12 12 11 19 21 0 27 8 27 3 6 9 23 13 24 17 19 28 14 0 28 3 12 16 23 14 29 19 21 5 1 22 5 30 28 23 0 12 
16 0 20 13 26 9 27 4 16 21 0 23 5 29 3 18 25 26 2 21 7 24 25 22 23 21 12 25 4 14 2 11 11 14 30 14 28 28 2 30 6 15 16 21 10 22 0 8 28 12 24 6 12 7 26 
28 20 30 19 2 25 3 15 3 20 5 18 13 14 14 23 16 19 5 15 25 29 13 10 28 9 14 0 7 16 2 29 6 11 4 18 14 1 3 25 20 29 17 16 11 6 21 23 16 16 11 17 9 4 28 
3 7 0 29 18 27 20 23 0 20 7 18 3 23 6 8 21 30 13 12 2 7 25 25 16 16 27 14 18 30 26 23 9 15 23 23 7 29 0 4 30 29 11 9 13 29 25 12 26 26 19 19 20 27 3 
15 7 16 1 17 15 26 4 23 30 11 24 17 17 10 2 18 5 12 8 1 25 1 23 6 20 4 5 27 4 29 2 21 4 26 17 23 26 27 2 6 15 23 29 27 25 21 3 19 4 24 15 15 7 13 
8 5 22 10 20 26 29 12 0 2 21 12 11 18 17 20 13 10 19 6 21 27 10 15 28 27 26 12 8 12 23 0 5 1 0 27 13 22 10 10 22 24 26 29 20 4 22 3 1 22 14 5 5 19 14 
18 0 21 0 30 2 20 16 2 12 13 7 12 9 29 10 10 1 30 1 22 18 0 28 2 7 28 9 28 19 26 29 5 5 21 5 29 9 23 10 1 17 25 2 20 24 28 16 1 11 15 27 30 4 9 
