7
18 9 7 18 11 23 6 24 15 29 26 27 17 17 21 1 27 11 25 2 4 6 27 14 20 11 12 22 25 22 15 11 30 10 29 21 
21 11 6 12 1 2 17 7 14 0 14 30 10 9 6 18 0 28 16 24 27 15 19 12 22 18 11 20 5 2 0 20 25 3 1 26 
13 5 17 30 12 5 11 19 0 7 14 2 27 20 2 27 4 4 25 11 23 6 13 16 24 19 22 28 5 2 14 25 30 6 20 4 
18 10 27 24 2 26 13 13 21 26 1 0 21 4 22 10 18 1 25 25 4 11 30 3 15 0 27 24 4 3 15 4 4 30 13 12 
12 12 14 7 29 18 21 18 20 21 28 9 0 0 18 10 18 28 27 3 29 9 2 9 22 21 15 28 28 16 7 3 11 10 10 2 
8 17 27 13 19 22 11 11 17 29 11 2 8 20 21 23 27 5 16 17 10 15 21 12 2 15 21 12 14 19 9 3 26 23 22 26 
16 14 24 14 0 22 12 14 27 19 23 6 13 12 20 12 29 15 9 9 9 26 26 5 3 4 24 14 1 5 8 26 27 30 15 0 
27 18 0 3 25 10 10 23 26 25 10 9 2 16 0 2 16 7 6 19 25 27 7 8 24 20 25 5 29 26 17 27 5 3 21 29 
0 12 21 12 23 29 0 12 0 27 24 6 9 18 28 18 23 10 25 1 4 6 6 4 7 7 1 8 7 18 20 17 15 26 22 28 
3 23 26 18 13 21 12 4 12 6 5 12 15 17 13 2 30 27 1 17 17 4 5 29 7 11 11 13 20 4 4 22 7 8 7 10 
21 28 5 5 1 20 7 16 7 26 23 12 19 28 9 26 23 2 23 3 5 11 23 11 30 7 27 14 3 13 8 29 25 13 9 2 
2 12 12 26 18 23 18 15 19 27 6 5 5 17 18 23 18 8 14 25 25 12 20 0 11 15 4 19 20 21 19 8 23 17 30 19 
28 25 1 21 4 16 7 30 8 27 15 1 9 13 9 0 0 5 13 8 24 0 1 29 8 3 22 28 7 11 13 10 10 8 12 6 
16 8 25 28 14 14 17 7 25 20 3 13 29 19 9 19 21 1 30 15 23 15 16 22 19 19 10 30 7 11 1 6 26 0 15 3 
