7
15 18 28 23 29 19 13 21 10 29 5 16 8 29 19 7 12 10 8 28 2 27 24 10 4 16 3 0 28 27 21 26 11 7 3 4 
24 16 20 23 15 11 20 19 3 29 23 30 7 10 21 14 23 24 8 9 23 3 0 10 20 30 9 0 27 14 21 20 6 15 21 14 
2 20 14 28 24 22 16 26 10 1 27 13 9 18 29 16 14 9 4 15 25 3 25 20 30 19 6 23 8 22 15 26 22 25 0 1 
10 20 17 2 8 8 18 13 10 22 30 21 8 27 28 28 29 29 17 22 8 3 14 5 13 14 29 26 11 30 5 11 10 21 23 1 
28 26 2 9 1 22 30 19 0 14 11 28 3 3 27 10 2 6 16 1 3 6 7 30 2 12 3 4 8 27 3 12 25 2 23 4 
3 8 27 17 6 1 7 28 7 26 29 11 19 10 4 17 29 1 30 9 29 8 21 13 13 16 18 30 19 21 2 24 27 26 13 21 
23 30 8 7 15 25 2 12 28 8 27 3 14 28 4 2 11 26 6 0 18 6 19 17 21 17 16 7 10 21 18 25 29 25 10 25 
9 7 13 6 5 1 8 18 23 18 0 14 20 0 0 8 1 26 21 16 9 29 0 29 3 20 19 4 0 4 22 14 4 10 28 7 
26 14 25 14 24 4 16 4 12 4 13 3 16 1 23 4 30 25 3 4 23 16 22 13 11 13 27 24 14 25 28 11 4 3 0 20 
24 18 21 5 5 11 24 20 6 9 28 20 13 8 26 25 10 13 1 16 29 0 10 9 17 6 24 8 6 4 29 3 16 30 19 30 
17 6 25 17 25 11 0 11 29 19 23 2 15 23 0 29 0 15 30 11 0 17 9 10 6 30 10 10 13 7 25 5 12 18 3 23 
7 2 26 26 7 28 3 22 29 4 29 28 16 14 15 17 7 17 2 4 12 5 21 0 27 20 9 12 6 29 2 8 3 11 22 12 
30 2 16 20 4 6 20 0 7 13 28 30 23 7 14 30 26 10 4 8 18 9 28 27 27 22 25 4 2 7 26 4 16 25 30 18 
2 13 22 16 1 15 28 0 25 5 10 14 2 14 12 26 6 8 8 19 13 17 23 21 29 0 27 13 3 21 29 30 18 1 2 2 
