9
2 10 8 27 10 10 28 15 22 15 12 12 13 20 5 2 28 19 22 25 9 25 0 4 6 29 12 16 9 30 10 6 5 0 19 17 24 22 29 9 16 9 19 11 7 21 7 27 6 26 30 9 27 18 14 
21 18 29 5 14 5 13 11 12 17 6 0 20 19 17 30 29 19 17 18 2 13 22 18 19 12 3 13 25 1 28 3 29 14 29 2 27 19 12 20 7 26 8 27 22 2 2 11 15 29 21 6 2 26 27 
18 2 18 14 28 14 3 29 16 19 11 23 22 0 23 7 14 13 23 13 10 26 13 4 14 24 8 8 6 12 24 29 28 10 27 16 29 0 25 8 28 0 29 0 20 13 7 6 13 14 7 29 16 26 12 
25 2 8 8 15 13 15 10 4 23 19 22 0 9 0 22 24 15 6 8 1 5 3 25 8 28 15 10 13 13 18 15 17 21 13 18 16 29 3 12 27 21 23 16 4 3 15 23 16 3 8 3 11 8 0 
5 6 28 4 15 13 24 10 22 4 18 1 7 21 22 28 27 30 23 26 10 10 14 30 26 17 7 15 15 16 3 19 18 14 14 15 29 5 28 19 1 24 11 3 11 26 29 15 29 17 20 30 15 3 3 
18 15 0 3 30 23 16 29 3 27 26 8 6 30 3 13 12 7 14 6 4 22 29 9 21 17 28 6 12 13 6 3 16 3 17 15 6 14 8 27 26 12 27 24 8 9 11 19 3 10 18 26 10 13 25 
0 18 2 10 9 2 0 24 26 9 6 1 1 18 14 27 19 12 7 23 10 9 23 25 6 26 28 18 0 1 1 19 28 12 13 11 12 10 0 26 2 23 3 22 16 28 1 9 20 28 28 5 20 23 11 
13 16 5 29 14 17 1 18 14 17 30 12 25 3 21 27 6 0 25 10 25 20 10 9 18 8 9 22 29 15 13 23 18 0 10 0 20 26 29 5 9 19 9 6 2 22 16 28 8 10 6 23 0 14 24 
14 14 20 13 17 19 9 28 25 3 6 9 9 13 12 22 28 1 12 15 3 30 24 28 13 15 13 18 16 0 24 2 24 29 8 26 29 5 21 12 18 21 19 17 13 5 19 7 22 18 8 29 12 16 7 
3 10 7 15 16 24 12 6 29 14 26 16 1 9 4 10 16 8 13 15 25 7 18 27 29 25 4 26 0 5 25 22 21 3 21 2 28 4 14 5 15 16 1 12 22 29 29 13 3 11 15 14 14 10 29 
21 27 18 6 10 24 14 9 29 16 6 5 3 16 14 7 29 1 11 7 18 2 4 15 26 1 29 13 30 15 1 5 19 30 21 24 22 26 21 0 1 4 13 28 19 9 30 24 25 10 5 14 24 2 23 
27 24 13 19 29 2 14 17 27 27 0 30 15 16 27 2 18 4 20 16 16 22 19 23 25 25 30 15 0 2 17 13 26 21 2 3 29 12 0 10 22 14 6 25 1 18 29 22 24 18 7 23 23 11 20 
20 7 28 18 10 10 16 6 25 11 1 20 27 24 20 1 11 6 5 5 5 30 16 26 18 10 17 8 8 25 20 24 6 15 21 14 17 30 1 8 21 20 10 6 25 16 24 9 6 6 16 18 11 9 1 
25 3 7 15 12 24 28 2 9 17 20 9 29 4 10 8 24 3 2 22 26 3 29 6 6 18 0 0 15 29 29 30 18 8 14 10 6 10 22 5 26 14 26 26 2 0 2 20 24 0 28 0 27 10 30 
11 27 24 18 5 16 18 25 16 16 16 27 22 16 29 6 10 23 1 23 6 1 13 19 21 26 15 15 6 1 10 8 11 1 23 12 16 6 13 6 18 13 2 6 12 9 20 10 29 4 0 7 5 24 30 
12 17 29 18 14 21 16 2 2 15 8 25 15 18 21 13 24 18 11 25 23 28 21 1 19 27 8 19 16 10 21 25 5 4 12 14 18 14 30 10 0 29 28 22 30 0 28 3 7 11 24 2 2 9 11 
23 29 11 25 0 1 29 2 8 19 21 30 19 0 24 14 8 0 14 28 10 24 6 24 20 20 18 1 20 16 20 19 6 27 19 10 29 30 24 1 12 26 8 18 29 16 18 28 11 24 3 26 3 12 11 
13 21 3 21 1 3 10 16 3 14 30 6 16 2 3 28 5 0 27 15 15 23 16 19 16 6 25 17 1 26 21 13 27 28 7 20 22 28 12 25 28 15 23 8 7 9 9 8 22 12 5 26 5 30 30 
