10
4 11 28 22 2 3 1 9 3 28 23 8 17 26 6 19 24 25 6 14 14 13 28 9 4 11 19 5 23 26 7 13 28 24 9 23 2 12 20 11 23 7 27 23 17 18 8 13 12 18 25 27 1 11 1 2 7 20 23 15 15 30 14 13 15 12 
15 4 19 17 15 11 23 30 21 23 30 29 2 28 17 13 11 7 11 8 11 22 10 6 6 8 3 25 9 11 1 30 5 6 10 22 0 22 24 30 0 14 11 27 29 9 9 9 28 5 21 23 6 3 21 10 2 21 26 9 11 22 13 2 14 18 
0 8 15 28 24 9 24 25 6 1 15 20 11 19 4 18 22 19 18 24 26 3 26 18 12 20 25 25 29 12 0 0 3 24 19 7 2 8 26 13 9 22 16 1 17 13 23 11 6 5 8 16 1 28 28 5 28 24 26 29 24 12 11 23 3 28 
25 29 5 3 22 30 30 7 24 14 12 23 21 8 17 4 29 5 22 11 5 7 24 11 1 7 4 3 30 28 0 24 11 9 6 2 14 8 12 6 7 24 11 25 30 15 18 13 19 29 21 9 18 18 15 28 28 18 14 21 17 29 1 13 8 0 
22 19 15 17 18 21 20 20 11 25 24 3 9 16 27 14 13 5 14 0 21 6 5 16 9 5 14 6 16 24 4 17 23 1 28 14 25 13 11 23 27 29 12 28 14 11 4 13 27 8 25 29 26 28 18 2 24 20 2 27 4 0 23 26 26 8 
17 18 25 11 13 30 15 19 2 21 4 13 24 23 27 10 18 26 1 16 21 19 22 14 24 28 16 12 4 5 22 19 29 27 8 2 1 12 28 19 3 22 25 26 22 2 30 8 14 12 28 28 10 15 28 6 8 7 9 3 9 26 4 17 21 3 
30 3 10 18 18 9 5 15 28 16 3 11 4 13 16 29 19 17 5 26 12 13 22 11 26 0 30 16 3 15 26 4 21 22 22 4 9 11 18 20 19 16 12 27 26 23 11 11 6 4 20 12 1 8 9 16 28 23 3 23 18 28 23 26 3 4 
25 18 27 10 9 23 26 15 19 21 1 3 28 20 19 14 5 16 13 7 17 19 21 5 11 23 5 18 20 8 30 16 15 10 23 19 28 20 20 14 1 27 20 2 22 9 22 1 7 3 1 30 9 16 30 10 18 18 14 8 1 5 30 6 25 6 
15 9 29 12 20 18 26 0 11 20 11 1 18 19 4 15 28 24 13 17 22 0 22 24 9 12 28 25 24 23 12 14 1 30 20 1 19 4 2 23 9 18 11 22 24 0 19 10 2 11 15 19 8 6 23 24 27 12 17 28 0 20 27 18 6 7 
9 8 15 30 17 19 2 10 28 1 11 9 13 14 13 0 15 21 23 3 6 16 5 2 26 28 17 28 16 4 1 21 25 17 30 25 25 25 13 4 25 16 7 5 26 22 3 1 23 16 23 16 23 0 15 21 25 28 11 5 1 5 29 22 1 20 
2 16 10 0 16 23 10 4 2 20 12 3 21 21 12 29 2 30 6 28 16 14 0 26 1 15 24 27 19 7 28 18 20 19 6 19 26 15 21 8 27 14 3 23 28 5 12 10 21 5 7 14 11 1 5 10 13 14 4 27 11 10 22 19 6 26 
5 18 10 28 17 29 8 29 2 20 8 27 26 27 0 23 3 28 28 25 11 7 7 29 24 25 19 19 1 22 27 21 25 12 1 1 8 13 25 20 3 10 15 6 28 14 8 28 30 13 16 5 29 30 9 2 10 27 27 10 10 12 23 28 27 3 
0 4 0 23 24 8 1 4 17 8 18 9 26 25 1 8 28 24 17 0 10 21 0 19 2 21 8 23 30 12 28 0 23 1 15 10 25 17 19 4 10 10 15 4 2 28 30 9 5 8 11 29 18 13 15 26 21 2 19 25 19 0 9 25 23 11 
9 28 9 19 26 30 13 20 23 12 12 16 25 21 21 28 20 30 14 14 2 6 14 8 14 0 10 19 20 7 10 11 29 18 21 11 16 18 30 28 5 29 26 7 12 2 18 21 20 6 20 5 1 12 2 14 22 13 25 25 24 12 22 13 2 27 
27 29 13 0 2 1 26 30 27 5 6 28 1 11 4 21 8 13 30 11 7 23 8 2 12 23 15 22 26 8 21 13 14 1 4 21 29 19 27 17 8 1 9 29 8 12 17 24 4 1 30 27 11 21 26 0 5 5 25 16 7 27 5 6 9 22 
17 25 19 14 26 23 9 12 28 4 14 17 6 12 13 19 5 27 20 9 4 27 2 24 20 17 16 10 0 27 28 2 11 15 2 20 7 18 21 7 7 28 7 16 13 24 21 8 15 20 15 0 16 14 28 16 14 20 19 11 23 2 24 27 0 24 
15 18 4 7 12 12 21 2 25 11 3 14 27 14 9 15 23 12 19 23 28 15 28 16 29 11 17 10 2 1 12 21 19 18 28 0 16 23 6 19 5 15 11 16 10 21 19 16 7 30 26 10 0 10 23 2 2 9 25 26 16 6 14 14 30 24 
2 13 15 13 27 9 20 7 8 9 14 24 17 23 14 3 15 29 10 8 8 10 2 7 28 19 9 11 6 1 5 8 16 30 23 0 8 16 22 28 24 29 15 14 29 9 22 20 14 19 3 16 0 28 11 7 16 19 24 3 22 16 7 22 0 21 
4 6 23 7 5 16 20 16 3 4 9 16 3 9 3 30 5 3 30 27 22 28 7 14 21 16 2 17 1 10 19 24 9 23 22 19 1 18 26 8 26 7 0 7 9 3 11 25 11 18 9 15 14 9 13 4 1 22 12 3 13 29 13 15 9 18 
11 16 16 2 16 30 13 21 22 4 19 7 10 12 4 1 13 25 1 28 3 25 2 17 25 20 4 20 25 5 27 13 3 4 25 13 7 23 1 18 3 9 7 1 3 3 30 14 9 24 22 21 27 19 7 16 3 11 29 11 30 12 0 25 10 17 
