7
15 4 12 9 1 14 19 6 16 14 16 23 30 11 24 6 1 26 28 7 27 22 14 15 8 6 9 20 10 1 7 3 0 12 22 19 
19 7 24 19 2 5 10 19 30 18 2 16 8 14 15 24 2 18 13 29 26 24 16 17 24 8 6 2 1 13 11 17 7 8 2 3 
25 30 29 9 11 14 7 21 19 30 10 21 14 15 28 21 13 30 24 27 12 9 7 14 30 2 8 28 16 9 20 9 3 1 29 5 
0 12 11 17 30 17 24 17 7 7 21 0 29 6 15 23 13 3 1 1 23 4 21 1 2 24 8 10 2 1 20 8 5 20 28 18 
27 28 6 3 11 13 3 28 23 5 17 19 16 13 15 14 25 28 4 25 2 12 16 4 17 30 5 11 20 11 19 28 14 19 14 7 
4 17 23 4 22 1 5 19 18 21 22 2 3 19 7 30 22 7 14 21 6 20 9 27 26 13 5 6 5 12 1 26 19 17 25 11 
5 9 24 16 18 9 21 3 30 1 11 22 15 6 12 28 14 22 2 24 21 29 5 5 29 18 7 29 5 1 0 23 20 30 29 29 
8 12 5 29 21 11 15 3 21 4 30 13 2 27 26 5 22 24 17 7 0 23 3 6 13 10 9 10 9 30 14 16 13 17 30 24 
21 30 20 24 16 15 17 3 11 6 1 23 12 20 8 19 2 14 6 0 2 24 25 14 15 23 3 29 5 15 10 11 7 24 5 21 
23 6 11 11 4 16 22 16 2 0 13 19 12 15 4 16 16 22 6 19 23 18 0 21 19 26 26 2 15 25 11 16 20 19 17 28 
27 2 8 25 14 23 0 19 8 19 22 11 23 29 24 28 30 27 2 28 18 19 10 26 6 30 26 4 27 27 17 30 2 5 29 9 
22 12 9 20 15 11 10 10 27 17 26 2 2 5 2 8 29 6 21 25 10 2 24 8 20 1 5 16 23 1 0 8 18 14 23 29 
14 4 25 24 10 21 28 27 2 3 3 25 23 9 9 17 23 13 23 29 27 19 28 9 27 1 15 22 0 27 4 27 0 19 30 7 
8 29 10 11 6 7 24 29 8 13 20 30 21 6 21 28 26 24 3 12 22 19 14 11 17 3 9 30 22 24 0 6 7 3 24 6 
