12
10 1 7 7 26 22 20 10 9 1 26 8 7 9 11 11 15 21 2 12 22 19 3 0 4 24 5 24 30 13 24 25 13 1 6 0 14 19 20 27 26 15 5 22 9 14 18 8 11 23 17 8 22 19 27 14 13 13 14 9 24 10 11 14 19 20 11 9 9 23 23 17 1 10 24 19 25 28 22 29 9 23 29 10 22 1 4 13 23 0 26 
21 6 10 28 5 23 13 7 9 27 10 20 30 17 10 24 24 19 23 21 16 19 8 20 12 19 29 21 11 27 11 26 15 24 11 24 2 24 13 0 28 19 5 12 29 12 22 15 11 2 29 26 12 27 6 30 25 11 30 8 13 15 8 22 29 5 13 0 27 6 12 19 25 0 22 8 29 30 21 12 16 28 29 11 29 30 4 0 8 5 13 
2 8 24 16 5 4 3 23 16 1 20 4 2 1 15 20 0 17 12 15 2 2 9 5 19 13 20 13 19 25 5 21 29 6 7 6 2 21 12 23 10 0 1 3 26 5 15 29 10 3 23 5 7 29 8 26 7 10 1 2 1 15 16 13 21 26 30 26 10 15 28 27 18 20 0 6 21 16 20 27 13 7 25 15 25 30 21 14 21 7 11 
17 9 12 24 12 23 29 25 20 24 30 27 21 14 3 17 4 7 11 2 11 19 23 18 4 0 6 26 29 23 15 7 5 0 19 22 9 19 11 30 10 29 20 13 20 4 25 12 22 12 22 28 10 23 7 24 3 30 29 18 10 5 15 25 24 29 30 5 12 19 20 3 26 11 20 21 6 15 10 4 17 12 17 1 5 19 14 10 18 15 17 
1 24 27 12 27 2 23 22 19 1 28 11 14 13 6 16 12 15 27 17 9 12 17 5 4 12 24 10 3 1 7 26 19 20 25 7 13 17 7 29 17 9 24 19 12 23 28 18 11 11 5 3 3 2 11 13 23 0 18 20 7 27 21 4 22 27 11 21 26 11 27 7 25 2 8 21 22 30 0 11 27 24 24 22 22 4 30 19 7 25 4 
23 13 12 15 29 15 26 22 19 8 3 14 1 28 13 1 30 12 27 16 7 21 17 13 3 24 29 19 21 3 13 17 21 11 18 4 25 28 17 20 17 21 11 6 13 14 15 3 30 0 18 15 5 19 23 7 18 13 15 21 4 26 26 4 4 26 8 14 17 30 7 20 17 3 12 7 22 0 22 10 2 29 2 4 29 15 2 16 5 10 16 
22 11 15 4 18 22 22 17 1 20 22 24 15 16 10 2 22 13 16 6 14 20 27 24 10 20 16 17 7 2 0 29 17 21 21 20 20 10 26 20 16 11 6 5 4 13 12 10 16 13 28 30 16 2 19 20 29 12 30 8 4 23 13 7 28 27 19 13 18 25 26 23 22 17 28 29 14 25 13 17 28 22 0 23 28 4 4 21 19 12 26 
22 5 8 23 3 18 20 9 8 27 16 22 12 25 17 5 25 14 7 23 23 30 22 21 7 2 9 7 1 1 6 12 26 7 22 30 3 13 27 0 0 11 8 14 25 25 23 21 28 28 8 7 22 9 14 15 29 20 9 5 9 15 11 20 21 21 18 29 16 16 10 26 24 30 8 13 17 22 1 3 9 26 2 19 14 11 7 15 17 24 15 
30 7 5 23 0 23 15 9 11 13 13 30 6 19 16 2 23 15 5 7 17 29 29 13 3 26 17 30 15 19 11 29 5 9 10 9 25 24 17 16 28 21 15 7 23 1 15 18 10 22 16 1 20 19 11 17 27 14 17 27 14 0 6 13 9 5 13 4 8 6 0 7 6 10 22 11 29 4 12 23 7 21 26 9 29 26 3 6 26 11 5 
1 26 8 14 15 28 25 12 30 3 10 22 11 2 1 14 18 24 25 18 0 16 21 22 8 26 23 14 4 20 18 9 21 17 5 9 10 29 1 12 11 13 15 20 20 27 18 7 13 16 26 17 24 19 18 3 25 24 6 8 17 0 30 4 17 17 18 12 12 30 0 14 21 25 28 25 10 19 3 1 30 5 12 5 28 5 8 6 23 11 30 
14 10 27 11 23 23 1 19 22 27 26 11 13 21 23 27 19 9 28 29 18 9 15 15 28 0 0 14 16 23 29 22 1 19 2 2 4 5 4 7 13 15 28 26 14 1 2 3 27 1 15 14 22 28 1 25 23 6 28 5 30 14 17 28 13 16 30 14 30 24 6 5 1 6 10 11 15 28 19 28 9 1 14 17 24 1 18 5 19 17 9 
8 20 2 17 12 29 3 22 12 20 25 22 19 4 25 6 9 13 15 19 0 22 9 25 19 2 25 12 5 29 18 30 29 7 15 23 8 6 11 26 17 11 27 28 6 25 1 23 9 20 18 29 9 11 14 7 29 26 24 24 26 1 9 19 9 23 25 13 11 2 25 0 8 27 3 1 23 26 4 30 23 2 1 30 2 5 1 19 4 9 15 
17 3 7 29 17 20 29 27 11 23 23 18 24 8 16 20 21 19 22 22 10 0 25 10 26 27 16 23 17 5 8 17 10 24 22 29 16 5 16 22 10 6 12 18 15 23 12 29 25 18 25 18 12 15 11 12 17 26 9 6 26 27 1 30 2 20 12 8 26 25 19 27 23 18 21 28 27 15 6 24 4 1 1 5 11 14 17 4 18 6 5 
19 3 23 6 27 23 27 25 12 24 24 24 28 18 2 29 6 29 13 7 17 4 28 17 16 6 29 12 10 25 9 6 25 13 29 6 8 30 28 11 17 24 4 10 3 6 8 12 5 17 22 1 30 6 7 3 3 30 6 30 0 0 26 4 5 24 10 1 4 0 28 19 17 21 1 28 13 11 17 30 30 16 15 26 9 28 26 1 2 15 7 
13 27 12 28 12 20 23 18 11 4 16 23 17 20 4 4 10 16 16 13 24 10 8 21 22 19 24 20 2 12 8 22 13 30 30 30 7 17 1 24 0 11 30 11 2 28 26 30 6 29 17 6 15 21 23 7 24 3 15 26 8 30 3 7 24 30 13 30 10 6 21 23 24 0 10 8 25 1 12 9 0 18 19 10 7 22 20 15 15 18 6 
16 26 12 20 11 28 20 29 26 23 26 15 23 24 14 23 14 15 8 8 14 18 8 30 23 21 11 24 20 30 16 10 26 5 11 20 29 14 10 0 28 28 17 26 6 7 5 20 10 21 10 5 10 30 25 3 20 13 4 29 16 11 17 27 20 10 27 13 12 15 11 9 3 16 27 8 12 7 10 18 30 17 29 11 11 11 29 20 16 20 14 
7 6 4 23 6 29 27 5 27 21 24 19 13 14 0 9 19 27 24 23 4 13 19 4 15 15 5 25 29 1 13 27 19 30 12 15 12 23 28 4 11 19 5 3 26 7 3 28 16 7 11 25 2 23 22 11 2 18 30 29 24 18 12 24 25 9 4 27 3 19 3 25 11 0 20 5 24 2 13 23 1 13 17 14 23 22 28 26 12 12 14 
30 2 9 16 6 17 28 4 11 7 17 5 13 7 18 9 25 23 14 18 22 26 2 12 1 1 16 14 24 17 17 16 25 16 30 23 6 8 13 22 4 18 10 17 1 23 9 29 8 21 8 27 30 2 12 1 26 30 15 14 0 17 1 5 19 25 27 20 1 20 24 30 5 8 22 29 13 1 17 18 6 25 4 26 2 14 13 8 22 16 9 
24 2 7 16 15 15 12 15 27 3 30 1 22 10 27 18 26 22 9 18 28 22 15 15 4 22 6 30 26 8 18 5 0 21 4 27 16 11 5 9 28 0 21 29 10 28 29 6 7 11 0 16 15 20 13 18 6 5 28 10 1 24 24 28 8 15 28 29 8 23 23 6 12 19 23 6 30 1 23 5 10 18 20 1 19 9 20 2 11 3 26 
20 21 1 22 21 25 9 0 30 0 5 2 20 12 9 8 8 9 3 3 3 28 0 21 19 11 4 29 4 17 28 9 18 7 28 15 4 20 2 10 1 0 1 12 26 3 8 0 15 30 28 17 29 18 27 18 18 8 16 22 27 2 28 13 10 1 5 19 18 17 25 13 0 4 10 18 11 27 8 22 3 13 17 11 17 16 8 1 8 3 14 
16 23 21 22 0 5 0 12 26 24 11 16 14 7 24 16 9 6 17 26 17 7 28 18 2 13 5 6 17 24 10 28 16 15 1 13 21 9 15 21 19 5 13 6 14 9 5 26 16 7 29 3 12 23 6 9 12 17 18 0 15 15 6 16 12 23 17 11 7 11 22 24 12 17 21 25 17 26 28 17 2 28 12 27 3 3 10 13 23 5 19 
20 7 22 17 13 4 12 17 22 8 15 0 19 6 4 17 13 29 22 28 27 29 15 13 5 0 30 2 10 11 5 10 8 24 11 12 13 24 23 25 4 17 0 11 28 29 23 15 8 4 23 9 24 15 14 3 24 6 3 24 25 8 29 30 13 0 1 13 8 23 1 8 28 17 13 14 12 29 29 27 6 23 26 27 15 2 14 6 4 30 19 
3 21 8 1 1 29 18 20 4 16 10 16 19 13 27 12 24 19 30 29 5 4 2 9 19 0 10 27 20 24 6 23 3 29 10 2 30 30 22 27 27 1 29 13 20 10 27 5 0 13 24 30 7 23 8 27 26 11 23 6 13 16 9 29 7 0 2 16 7 25 0 26 15 4 22 15 15 28 4 9 7 21 14 10 25 30 5 27 18 29 14 
20 9 23 11 1 14 30 30 0 16 30 28 30 14 4 26 27 16 24 4 16 3 27 11 23 0 24 6 9 9 1 6 26 22 24 19 5 3 6 25 9 5 25 11 8 9 27 4 15 19 23 4 18 29 1 14 3 26 13 6 2 10 27 5 17 28 8 1 30 0 11 25 13 20 12 24 4 0 2 13 20 2 3 20 9 8 4 22 25 18 21 
