8
17 25 17 0 13 5 13 0 25 17 28 11 12 5 12 7 21 22 27 27 4 22 18 28 9 25 25 3 14 6 26 0 30 14 27 22 19 16 4 20 1 25 20 1 22 
6 19 4 3 7 21 24 17 9 0 27 7 28 11 20 24 17 22 14 25 1 8 2 2 5 27 15 20 10 2 2 18 29 9 7 26 8 19 9 19 10 0 0 5 13 
25 10 1 29 15 15 22 18 25 10 2 7 2 4 9 7 24 20 11 6 16 11 22 4 0 17 21 24 17 25 3 14 16 15 6 17 21 27 22 26 21 8 26 23 12 
13 24 28 0 8 4 11 3 13 16 13 29 21 23 6 14 20 17 29 30 17 6 30 27 17 27 4 2 30 30 21 13 14 26 24 22 29 1 10 7 14 1 18 29 16 
26 1 12 28 24 10 9 23 13 13 29 19 5 10 29 18 18 15 20 26 20 2 29 6 16 7 19 0 20 8 29 5 26 27 6 7 15 23 17 23 24 2 21 25 25 
14 16 25 23 0 7 21 28 10 10 4 18 20 26 25 11 17 30 25 6 20 15 30 0 19 28 6 8 28 13 17 11 29 5 25 24 11 16 0 16 17 28 17 4 6 
12 25 4 26 6 22 26 24 6 29 13 27 3 9 2 23 30 19 7 8 3 11 7 23 4 9 21 10 15 3 28 18 4 29 16 26 28 21 0 3 3 12 15 0 28 
4 8 17 2 18 5 21 27 16 22 8 27 27 18 1 26 18 22 6 7 29 20 22 9 23 5 5 4 13 21 22 27 30 3 6 26 11 26 6 15 17 0 9 12 4 
16 18 4 14 21 29 20 1 13 11 9 3 8 10 5 0 4 26 0 11 14 16 13 10 7 0 17 17 30 20 15 20 8 26 0 1 18 17 30 11 3 29 19 6 15 
10 29 16 18 11 4 30 1 29 10 8 13 16 24 11 22 2 15 10 9 20 21 2 13 26 16 13 22 13 19 5 1 18 5 29 8 17 18 6 10 13 19 21 21 29 
14 3 2 3 18 19 24 4 0 1 22 2 12 28 20 17 18 0 23 10 14 14 4 28 1 16 15 2 11 18 5 2 29 10 9 19 1 9 22 7 19 5 16 0 28 
30 22 24 27 4 28 9 17 30 15 20 30 22 3 13 12 9 20 6 25 13 28 10 16 13 16 29 5 17 25 24 5 20 29 25 11 22 3 6 26 11 16 11 6 23 
17 20 19 2 13 29 15 29 3 8 22 18 4 20 28 11 27 28 20 5 3 4 2 11 3 24 4 16 24 15 26 0 7 22 5 0 17 26 6 17 16 8 18 6 15 
5 27 19 22 7 1 3 6 0 23 16 19 10 2 3 29 24 21 17 18 20 5 14 21 6 0 24 14 10 5 17 21 8 23 7 7 14 22 3 7 30 20 21 15 25 
21 11 23 28 15 2 28 21 13 23 12 5 28 9 14 4 18 24 21 14 0 29 25 2 13 5 12 26 20 1 18 18 11 7 16 25 18 11 0 17 26 3 10 5 16 
25 25 1 28 21 11 13 22 10 22 23 24 22 18 30 0 22 6 5 27 9 22 4 12 10 19 3 21 23 23 6 11 1 16 20 22 7 29 4 20 30 8 13 4 14 
