10
28 10 5 19 25 3 9 8 4 15 15 7 10 17 25 27 19 11 24 27 4 16 15 22 3 30 28 12 12 2 24 20 24 17 26 11 21 0 27 20 6 9 19 3 29 14 11 23 20 14 0 28 3 27 4 11 3 27 19 26 4 0 23 13 13 18 
12 28 25 18 14 21 16 7 2 28 16 6 11 25 7 17 11 16 0 25 13 20 14 21 29 11 7 10 18 30 15 12 29 22 13 14 8 21 23 27 3 14 28 15 19 23 1 26 1 30 3 6 23 4 9 16 1 21 15 29 22 11 6 8 0 6 
20 29 15 7 18 0 27 23 11 3 2 30 7 15 21 17 23 11 13 2 25 15 20 15 17 9 30 8 3 1 10 7 8 26 14 14 25 5 29 6 22 6 29 17 28 14 28 1 4 12 7 9 21 19 20 7 20 13 19 10 27 14 19 15 15 18 
13 12 0 20 28 10 24 27 3 2 15 1 7 17 23 30 18 22 17 2 4 6 18 21 10 8 1 9 21 6 11 3 14 5 4 27 1 5 9 15 22 26 9 12 26 28 8 2 20 9 1 30 22 23 15 29 13 3 0 30 21 17 7 5 19 6 
25 16 29 12 15 5 9 28 5 26 28 30 0 12 3 22 21 23 0 18 17 20 30 24 2 14 8 9 11 3 14 0 18 27 23 27 8 24 18 28 9 7 24 19 18 6 28 20 15 15 29 4 8 28 30 11 12 14 28 25 18 19 12 30 7 26 
18 22 20 8 26 28 16 14 8 28 4 28 16 0 9 15 15 15 27 23 21 25 5 12 9 19 29 6 16 13 2 26 6 7 12 3 0 9 17 30 14 7 7 7 6 2 2 27 19 26 22 2 4 8 21 17 3 18 4 22 2 29 30 26 9 7 
26 14 18 13 28 0 29 21 8 24 5 13 11 24 8 26 5 25 5 4 13 22 20 16 24 17 8 16 3 15 6 30 9 21 27 11 27 22 22 5 9 12 28 6 14 29 24 15 26 27 30 13 30 17 14 3 2 24 23 2 10 24 14 8 19 7 
13 3 26 4 29 22 24 11 29 4 5 14 22 1 30 29 8 29 11 17 25 9 3 23 8 19 1 5 22 17 10 17 15 28 2 20 12 5 14 22 27 22 22 8 22 20 18 4 15 5 0 22 29 17 28 25 22 10 8 6 14 10 13 23 0 21 
20 26 0 3 5 10 3 7 10 0 29 1 17 6 22 19 22 9 11 30 24 11 29 23 25 22 12 26 8 16 20 3 3 22 15 13 15 9 1 13 19 12 17 23 19 4 14 2 26 18 19 29 1 17 0 12 8 3 18 23 7 28 1 16 25 28 
18 15 17 3 17 7 9 28 26 7 29 10 8 30 11 30 19 25 4 11 0 9 27 6 9 3 20 15 17 28 13 21 24 26 5 24 4 5 6 19 18 25 11 20 22 25 19 18 0 17 22 17 13 23 9 29 24 4 9 0 25 3 21 1 22 27 
22 6 27 21 18 30 24 23 16 14 8 22 7 24 27 10 19 24 1 25 7 18 10 28 29 7 12 12 30 15 7 4 12 26 19 5 10 1 15 26 12 25 18 0 30 21 30 22 22 0 3 26 30 22 8 6 15 22 12 16 10 30 15 20 29 27 
16 12 0 10 23 29 27 7 0 30 3 25 17 11 21 23 13 19 9 8 8 12 1 1 16 3 11 5 2 26 19 22 28 2 28 3 22 0 12 25 0 29 10 9 7 16 12 25 24 13 18 1 27 30 24 17 15 29 10 18 13 13 3 12 3 24 
27 24 24 6 14 3 19 7 27 26 3 13 22 16 16 29 4 26 23 3 14 5 21 2 10 11 9 12 15 28 24 16 27 2 6 14 28 17 24 8 9 15 27 1 5 17 16 29 1 20 27 4 19 16 21 12 24 20 19 16 3 19 27 24 29 18 
0 16 6 13 7 0 23 9 19 10 21 10 4 7 6 13 29 11 18 7 22 13 20 1 18 27 19 5 5 11 23 27 26 12 12 11 28 13 12 25 5 14 22 8 14 10 12 29 17 27 30 26 28 13 13 3 10 7 1 21 7 15 0 12 23 28 
22 20 17 26 10 5 28 0 8 22 5 23 22 20 8 11 0 24 6 16 0 20 28 12 25 3 28 11 8 19 29 10 25 17 8 24 17 15 9 19 19 19 4 3 25 17 15 17 29 8 24 8 20 30 7 28 25 19 30 15 7 20 5 17 22 24 
4 1 13 5 9 4 7 23 3 17 24 19 11 15 11 4 27 2 29 5 3 27 21 15 12 29 20 8 12 23 9 23 23 11 26 4 3 12 28 8 8 29 24 7 8 29 12 30 23 22 7 14 16 29 25 23 16 10 21 8 15 20 17 6 3 2 
27 0 29 15 10 21 10 9 30 0 5 13 12 4 13 24 27 30 4 7 4 21 10 7 14 12 1 9 3 1 0 20 5 7 0 4 2 22 9 29 7 3 12 10 8 3 18 21 11 2 13 28 19 19 7 16 30 1 30 11 12 27 13 26 16 29 
19 28 28 30 23 29 4 0 20 20 30 8 7 1 28 18 23 29 22 22 15 13 1 17 29 24 10 8 10 9 22 20 21 6 30 25 9 26 1 25 15 18 20 24 18 16 14 6 28 5 15 2 13 22 22 2 24 6 12 19 13 25 21 16 23 7 
30 12 8 20 14 25 20 30 5 8 7 11 17 15 8 26 23 6 9 16 24 13 0 26 7 29 15 28 28 24 13 9 22 19 25 12 10 10 19 18 21 28 14 30 23 4 27 15 3 0 20 26 3 29 14 0 20 9 24 12 5 13 14 17 14 8 
25 25 15 20 24 5 6 13 11 6 30 15 4 1 23 3 4 2 4 12 27 7 16 5 23 8 23 16 2 12 16 9 10 23 8 7 6 14 27 1 19 15 3 25 25 10 19 25 12 10 18 12 17 16 19 22 2 24 29 17 10 27 15 29 17 6 
