7
12 9 10 20 9 30 24 8 11 0 6 22 20 16 10 3 8 19 28 24 27 8 7 26 23 5 14 10 27 17 16 9 28 7 28 29 
24 8 20 1 0 18 16 15 0 19 12 29 7 4 13 13 10 12 21 19 7 29 14 20 7 10 0 4 24 18 4 6 12 20 13 19 
10 1 29 3 28 30 24 26 12 17 15 0 18 5 14 17 15 23 16 18 9 15 26 5 15 0 19 19 10 19 5 3 1 5 14 9 
5 2 26 19 25 24 10 26 1 29 1 28 3 24 14 22 14 10 22 11 26 20 29 11 14 12 24 20 3 23 0 6 16 20 9 20 
23 11 24 28 3 28 21 14 20 23 5 8 22 9 29 5 15 29 29 8 3 24 26 16 23 10 4 7 19 9 3 13 11 10 27 15 
6 1 28 14 18 18 19 7 20 19 8 11 10 19 8 25 10 30 22 25 22 8 21 5 24 26 21 24 6 29 6 24 10 25 25 9 
30 19 12 20 7 26 10 27 4 19 2 4 0 15 11 11 8 2 0 16 1 2 22 15 12 15 21 27 26 30 19 1 6 19 10 7 
20 22 30 16 0 3 4 16 29 29 19 15 10 0 1 17 12 8 7 4 13 19 7 4 14 7 12 9 16 14 2 1 7 15 21 1 
12 8 29 13 23 17 6 26 12 21 21 17 30 7 30 23 18 9 0 23 12 7 1 30 26 25 27 1 13 9 9 1 16 10 7 7 
23 15 10 16 7 14 10 15 17 20 4 23 20 12 25 25 19 23 14 22 26 1 13 28 20 30 4 3 18 18 25 17 17 14 1 2 
4 14 19 19 28 25 9 19 23 20 1 17 8 15 28 13 20 28 0 13 18 15 17 5 19 19 14 17 17 16 15 23 4 21 11 29 
10 26 26 30 24 10 23 25 25 1 13 21 26 21 3 4 20 7 28 1 1 23 7 20 15 9 17 13 13 22 11 20 3 6 15 20 
19 29 5 27 1 26 13 4 18 26 24 2 29 22 27 29 9 8 5 17 8 7 27 14 23 8 15 9 8 0 18 25 6 12 12 11 
26 17 1 4 18 10 27 18 2 5 25 29 27 24 12 8 6 3 22 14 25 7 18 22 0 16 9 5 27 19 17 4 30 25 22 5 
