11
28 10 27 18 19 18 4 16 15 23 6 7 30 6 11 9 13 1 17 7 23 30 8 9 17 0 26 23 25 28 28 1 0 1 12 29 15 20 2 28 17 13 9 1 29 23 18 0 3 19 4 4 27 18 1 20 17 29 3 27 19 29 17 6 1 17 15 23 26 3 24 12 6 17 23 29 21 6 
8 22 19 7 8 23 25 7 29 30 27 10 29 23 23 6 24 0 22 29 11 13 14 17 10 26 9 4 30 9 6 26 7 7 16 3 14 24 15 14 29 5 16 4 12 29 21 17 21 19 29 6 28 27 17 26 23 9 25 24 18 9 15 12 6 19 20 23 26 13 4 16 14 23 18 18 21 6 
3 19 13 3 19 7 8 19 25 28 23 12 1 30 13 11 4 18 14 21 15 3 12 8 9 0 13 25 21 2 18 25 23 4 27 0 12 20 6 27 14 0 29 11 27 5 3 10 3 9 24 30 8 25 7 25 21 9 18 16 19 26 1 14 6 7 30 11 8 20 20 2 30 13 3 5 14 22 
12 16 14 4 21 13 28 2 18 27 30 25 10 29 24 23 8 9 15 27 2 3 0 23 25 6 14 18 17 16 6 28 4 15 18 13 28 2 18 27 7 28 1 28 3 21 15 21 23 14 7 22 4 12 19 17 21 3 3 8 22 3 23 19 0 0 30 25 17 21 9 11 1 25 12 12 30 11 
24 0 3 4 21 30 29 9 9 9 10 9 27 7 26 7 10 28 16 22 9 5 1 29 11 4 14 20 17 16 4 18 11 30 13 6 25 29 15 8 18 9 7 14 23 2 26 6 23 3 26 6 3 27 24 24 9 13 8 0 30 4 24 11 24 8 3 17 30 2 24 13 12 1 25 6 28 14 
15 6 18 4 29 20 3 26 26 20 24 0 23 3 5 17 18 11 20 4 11 12 28 23 10 9 28 15 10 15 13 27 27 9 4 9 30 19 11 23 2 20 2 17 11 0 26 16 22 1 26 10 13 22 6 6 10 27 8 20 2 30 19 10 27 26 2 14 30 16 15 26 0 6 5 1 28 24 
2 3 17 29 18 24 29 11 6 21 12 17 0 6 3 6 19 7 25 15 18 7 24 22 2 16 24 12 3 2 10 5 7 1 0 2 22 6 6 7 24 23 26 10 24 2 20 27 19 29 27 11 26 27 28 5 28 25 30 19 16 2 13 12 4 10 11 21 30 5 19 14 24 10 26 11 4 18 
1 4 23 16 6 5 10 9 28 11 29 13 29 28 4 6 20 26 3 2 22 24 8 6 8 12 16 8 24 14 27 26 25 23 3 20 27 20 10 19 6 22 13 16 14 9 0 28 0 14 30 26 15 26 3 3 23 12 8 12 28 26 19 21 20 12 26 8 6 6 12 15 24 22 3 23 23 3 
13 10 23 18 1 27 22 6 2 18 7 10 28 19 11 16 30 25 15 27 10 18 24 16 1 17 18 5 13 22 22 17 23 18 5 5 17 27 12 20 15 27 27 17 16 19 7 16 0 16 5 5 20 14 16 4 8 25 1 24 22 20 1 8 17 21 19 26 24 13 25 30 30 5 22 21 12 7 
8 29 29 27 13 19 15 8 29 9 30 21 7 0 28 27 13 19 2 19 2 28 0 29 17 29 14 27 17 8 17 8 8 6 20 19 6 5 22 27 2 28 0 14 24 29 25 8 17 28 6 9 21 5 28 20 9 30 8 7 11 2 28 30 29 18 25 23 4 9 15 12 30 3 16 25 29 15 
27 27 11 16 19 20 7 10 9 22 4 11 25 28 12 12 23 10 11 14 8 13 18 2 15 29 18 16 28 18 19 18 27 17 24 29 15 17 1 11 27 15 19 1 11 28 4 3 21 19 25 2 28 28 29 17 11 18 19 17 16 1 0 1 1 22 15 14 7 2 26 13 11 6 18 18 25 26 
7 15 19 23 0 14 8 14 28 18 11 0 21 13 23 4 20 27 28 26 1 1 28 29 14 5 18 29 27 14 4 5 5 26 14 8 7 14 15 8 15 18 24 21 28 25 3 22 16 27 19 30 27 0 13 19 7 20 17 25 18 0 12 11 10 0 13 2 5 22 23 14 6 4 0 14 22 3 
26 10 4 2 17 4 2 15 14 1 22 27 12 17 13 17 23 3 26 10 1 14 7 14 30 24 3 12 18 23 5 7 29 24 20 4 14 5 0 25 29 2 14 11 0 22 27 26 28 18 1 5 2 12 10 7 10 7 24 14 4 21 11 13 20 25 19 9 8 19 10 17 2 18 23 18 6 11 
10 9 4 30 22 2 21 19 29 18 3 6 14 18 7 30 6 21 16 13 30 11 6 20 6 21 20 11 23 25 3 7 16 9 29 24 10 13 20 8 9 3 23 18 15 10 29 22 7 3 25 30 20 4 15 17 13 1 5 10 24 19 11 3 3 23 19 20 6 24 23 9 0 8 8 14 25 27 
5 21 1 11 3 19 4 23 3 1 21 17 29 18 11 7 27 3 0 24 28 17 11 29 25 19 23 21 4 20 27 27 9 27 22 5 21 15 13 25 2 22 17 25 8 24 6 21 1 4 8 10 14 19 18 14 2 4 23 23 29 14 26 6 6 12 20 2 25 0 7 22 12 7 5 7 4 0 
28 3 16 6 19 26 2 9 14 28 10 10 20 5 30 2 12 27 17 29 11 18 20 21 14 19 15 29 21 25 3 2 3 22 1 17 19 4 3 8 24 16 10 3 16 13 21 3 21 0 12 19 25 16 23 24 25 14 16 19 2 16 13 25 28 28 6 7 0 5 16 21 15 7 19 0 5 19 
3 27 8 11 30 7 28 2 22 19 5 18 3 16 20 11 27 25 8 10 6 5 8 27 14 16 29 18 6 22 16 11 13 22 3 10 8 4 9 26 22 6 21 21 2 13 22 22 0 26 23 17 19 13 3 7 13 24 16 5 8 30 21 22 1 14 21 16 23 18 22 22 5 26 22 0 27 5 
6 29 0 4 11 17 18 15 29 2 22 4 30 24 23 5 8 20 11 23 6 0 6 30 3 9 8 0 22 0 2 30 3 10 20 8 9 0 15 29 24 23 28 2 26 8 3 20 22 11 29 29 3 14 0 26 17 2 15 0 0 25 18 28 26 30 3 8 11 14 5 1 25 23 3 7 30 1 
21 29 14 19 24 7 20 29 16 3 13 2 15 1 23 28 22 7 0 23 30 25 1 7 7 28 10 5 4 0 26 30 4 8 13 1 20 22 25 22 25 13 15 27 29 2 28 7 6 29 14 22 25 25 1 0 22 5 12 27 15 22 20 2 10 26 3 25 25 16 14 22 8 10 22 0 11 2 
20 22 13 13 7 28 10 3 26 13 25 8 15 23 1 0 23 14 28 26 21 28 15 5 8 8 3 4 18 8 3 30 4 21 22 12 19 20 22 26 18 5 27 18 20 30 11 12 23 11 25 12 10 13 15 29 16 12 27 25 21 8 12 11 0 9 22 14 12 27 26 22 14 0 16 10 19 16 
16 7 13 30 13 2 13 12 30 23 4 1 1 8 28 13 11 3 3 28 14 24 29 22 10 29 19 13 1 30 23 16 6 3 28 22 23 3 22 21 24 18 27 18 28 24 7 0 25 22 10 22 3 9 24 5 8 13 15 14 3 1 11 7 28 23 27 0 3 18 5 16 3 15 1 30 15 14 
15 28 1 13 3 13 28 1 12 13 27 15 18 12 0 14 9 19 1 29 21 6 25 18 29 26 8 0 9 15 13 13 18 10 20 18 27 16 0 0 23 24 11 18 13 18 13 17 7 18 18 16 9 21 29 23 22 16 8 0 21 27 5 14 4 16 28 25 1 15 13 18 5 12 0 15 19 11 
