7
15 25 22 18 1 7 11 28 10 20 9 6 16 2 14 2 28 10 22 26 7 23 25 24 12 9 17 4 1 23 16 4 22 6 19 24 
12 18 28 6 8 28 16 17 13 7 8 26 30 29 22 30 5 22 11 4 27 28 20 7 19 3 19 23 20 8 14 13 5 10 13 4 
3 24 25 3 23 11 0 8 5 27 29 10 27 5 20 14 26 19 20 25 21 11 20 2 27 11 15 10 23 23 0 13 30 6 20 5 
7 17 3 1 22 13 20 22 30 0 16 9 16 7 18 12 28 2 24 20 29 24 25 9 22 3 0 21 22 1 12 3 3 6 6 23 
21 6 5 11 23 30 16 23 25 8 19 27 27 1 24 8 3 2 24 16 18 19 22 2 29 19 12 6 22 25 11 3 30 4 9 7 
0 25 3 15 18 16 30 2 18 17 4 6 3 1 23 4 15 23 24 22 9 6 18 18 13 9 10 15 17 7 9 14 4 11 29 11 
22 28 14 14 14 9 5 22 12 29 28 5 30 29 25 24 21 25 29 21 1 2 14 8 28 6 19 16 16 30 24 3 23 24 17 30 
5 8 12 26 20 2 11 22 4 17 17 13 26 25 4 10 2 17 18 5 17 30 16 1 27 26 18 18 16 6 16 10 16 0 8 21 
2 23 11 18 1 11 20 30 17 16 18 0 5 6 9 12 2 8 23 20 17 5 6 11 8 25 10 7 10 1 15 19 3 19 16 7 
5 17 7 19 7 4 5 9 22 29 5 26 16 22 16 21 28 18 18 25 24 5 27 30 24 27 14 2 7 9 13 22 29 9 28 17 
30 20 22 8 6 16 29 10 12 19 10 21 11 0 13 0 7 10 23 26 7 8 12 8 25 3 5 2 1 15 8 0 3 13 15 2 
30 16 30 21 8 18 12 18 17 19 18 29 19 2 6 25 14 28 15 26 21 25 0 20 15 10 20 5 15 13 16 24 10 25 9 22 
7 25 29 25 26 13 30 15 26 3 6 14 6 8 27 26 24 17 16 8 15 21 7 14 21 15 10 8 5 27 17 17 5 9 30 21 
2 6 5 8 22 25 9 1 4 26 20 6 7 14 2 6 18 15 6 11 16 9 14 14 5 10 24 2 16 0 6 17 15 3 17 8 
