10
10 30 26 21 5 1 3 29 23 21 23 18 3 14 4 1 12 8 23 7 10 25 3 1 23 19 11 4 20 22 12 4 24 21 26 28 4 14 30 29 28 19 18 2 15 16 27 7 11 18 17 24 4 11 5 14 27 27 23 22 9 13 24 15 15 19 
2 7 14 7 30 19 22 19 0 12 28 5 20 14 15 25 10 4 23 12 13 11 17 3 5 3 23 10 9 0 3 5 12 26 6 5 22 15 8 26 15 12 19 10 3 27 23 22 3 9 28 11 11 30 12 15 23 3 28 10 17 22 20 16 29 10 
8 0 25 7 17 30 24 1 0 25 17 18 17 14 12 5 29 20 13 8 28 21 27 30 10 3 15 23 30 7 2 26 23 19 25 22 29 18 30 6 8 28 20 21 17 12 16 18 29 20 23 18 18 5 29 19 30 8 20 18 26 24 30 6 13 3 
17 14 24 20 20 23 7 9 22 27 26 11 29 15 30 6 29 0 0 13 19 10 21 29 3 30 18 25 21 18 0 30 27 4 24 15 19 17 28 7 0 8 18 25 30 7 14 6 27 20 15 4 1 20 0 18 19 25 26 10 2 4 17 19 18 30 
9 8 13 27 4 26 18 17 11 13 11 27 15 11 22 12 3 11 30 25 12 28 22 2 24 17 19 11 27 1 2 10 20 22 6 8 28 17 2 24 7 5 4 18 5 29 5 13 13 12 13 15 2 26 9 14 14 0 28 25 22 10 13 22 8 13 
16 8 18 10 5 22 17 4 14 2 26 27 27 19 11 6 0 8 11 4 16 19 17 18 25 3 19 1 9 1 12 15 30 13 16 6 15 5 6 10 2 30 30 2 21 3 20 0 16 18 24 9 13 13 16 16 14 6 22 2 18 18 22 2 14 30 
25 17 15 15 14 18 27 8 4 1 27 26 29 20 24 2 22 27 23 14 25 21 7 19 22 3 15 10 8 5 20 3 2 18 26 9 13 0 1 8 10 2 20 24 11 14 28 24 5 3 15 2 11 18 18 15 16 21 22 25 13 19 22 0 0 6 
7 13 9 13 3 25 29 24 26 20 24 18 27 30 22 10 5 29 14 10 24 15 16 26 19 13 4 26 6 15 30 27 0 25 4 9 18 24 0 27 18 5 1 9 25 10 2 1 2 1 25 21 14 5 25 26 13 18 9 1 21 30 21 16 22 22 
14 15 26 24 15 26 15 24 9 15 30 26 16 12 24 4 25 5 16 14 9 26 12 16 17 6 21 26 7 3 13 17 12 9 18 9 16 5 16 13 25 2 8 23 5 15 29 4 27 8 17 6 14 19 24 24 24 3 23 0 24 14 16 20 21 18 
21 13 4 21 21 29 20 12 11 7 13 10 5 1 4 5 25 13 25 18 19 9 14 8 22 4 2 24 23 28 18 4 22 11 26 0 4 22 8 30 27 18 21 21 6 17 13 12 22 13 4 20 26 2 6 29 26 23 6 9 27 6 9 21 29 30 
7 18 3 9 24 27 19 30 17 0 13 9 30 24 22 29 9 2 14 19 1 19 27 22 1 30 16 8 25 15 6 16 10 9 26 9 21 3 8 26 27 18 13 12 26 15 4 0 18 13 18 22 18 17 19 22 21 4 25 19 2 21 8 13 17 10 
14 10 27 23 28 25 23 6 15 28 3 2 6 30 17 24 20 16 12 23 28 1 8 29 11 22 20 14 26 21 28 6 8 3 6 30 29 30 7 21 11 1 30 0 10 4 14 30 18 13 22 18 3 11 18 30 4 30 0 29 11 16 12 18 20 9 
15 8 1 5 10 27 23 12 25 9 20 1 9 16 2 19 29 26 20 30 22 7 26 6 9 24 9 8 26 26 17 12 27 30 26 5 23 29 27 23 2 2 14 13 23 29 10 0 1 23 20 11 1 27 9 29 4 8 18 12 30 5 0 27 29 28 
1 12 13 5 8 17 21 18 24 27 19 2 25 14 30 12 10 18 16 21 16 20 6 21 10 26 1 10 16 0 21 8 1 2 18 19 12 19 20 16 19 29 15 21 28 25 30 30 17 0 20 15 27 15 26 1 22 0 22 0 10 0 29 6 26 12 
13 15 5 25 14 12 4 4 9 15 14 16 28 29 20 21 3 24 28 15 23 11 10 15 0 1 23 22 16 22 24 24 26 7 6 13 9 22 27 5 11 4 24 21 30 12 8 17 9 6 28 9 24 26 3 30 7 25 12 11 23 2 15 10 13 25 
2 24 26 9 8 9 21 2 27 29 12 24 22 16 24 26 14 3 30 29 25 22 17 23 21 22 12 2 15 8 5 5 13 25 10 5 14 18 7 14 9 22 1 25 29 2 28 24 2 23 15 10 21 12 12 17 27 15 21 22 9 19 15 20 1 6 
4 24 15 0 3 5 25 20 18 0 28 23 3 17 12 27 29 12 11 8 22 2 30 28 21 9 18 19 2 3 10 7 26 29 23 2 24 28 19 15 25 6 8 0 29 26 25 22 8 18 17 5 8 6 27 9 6 29 5 23 20 30 4 18 16 5 
26 9 17 21 10 29 2 7 5 20 13 18 24 22 9 1 15 29 11 30 26 18 0 0 10 6 29 1 19 17 18 10 26 29 20 5 11 20 18 18 2 11 20 16 12 16 17 12 3 29 21 30 13 30 25 9 3 27 10 2 2 28 16 29 29 12 
12 22 14 3 23 10 1 11 22 5 1 9 12 16 19 6 17 9 19 5 15 7 21 13 16 17 15 14 19 12 10 1 14 7 27 3 23 14 27 4 14 3 18 22 15 21 6 12 14 9 29 1 10 14 16 27 10 8 0 29 4 27 21 2 5 21 
9 9 17 11 23 15 28 18 19 13 8 28 11 25 11 23 14 13 18 28 13 24 4 13 4 1 7 30 12 30 12 7 5 0 24 3 16 20 8 16 3 18 0 24 0 16 8 30 21 5 20 15 5 6 8 29 17 25 7 6 11 24 18 13 28 19 
