11
18 23 23 16 25 30 13 14 25 30 14 7 23 17 27 28 29 23 10 20 16 14 13 5 18 15 2 6 13 1 14 14 1 27 18 4 22 5 9 28 23 2 23 22 10 28 28 26 2 9 27 15 22 26 0 10 18 19 28 9 19 24 16 1 22 10 2 26 1 25 26 9 21 18 5 22 18 8 
3 24 7 12 5 27 27 9 23 10 21 18 21 19 24 6 1 3 10 8 14 4 6 22 23 8 10 7 28 17 18 17 8 13 23 2 8 28 24 3 12 22 22 2 18 10 2 3 17 27 13 2 15 27 2 10 22 20 21 8 2 18 0 8 1 4 21 4 27 29 22 14 9 19 1 15 25 11 
8 26 6 2 1 14 1 0 1 18 14 23 9 23 8 12 15 0 1 7 0 12 0 24 29 15 0 18 19 1 2 13 4 16 29 17 0 8 28 7 5 15 25 8 3 13 11 15 10 19 22 27 6 22 10 1 23 10 9 29 11 25 9 16 29 24 3 30 25 10 16 9 29 12 28 15 10 5 
29 4 3 5 29 13 8 9 22 11 10 16 21 21 6 12 9 2 22 24 5 22 6 19 9 19 21 25 17 22 0 20 5 25 21 13 4 29 12 7 2 4 7 16 13 16 15 11 29 8 13 19 28 14 5 6 25 15 15 8 8 5 19 26 3 8 23 9 10 28 20 3 21 12 12 23 2 8 
6 9 0 20 2 15 25 9 14 8 2 13 13 19 17 0 5 2 30 25 9 1 3 28 9 19 27 23 2 5 0 25 19 22 7 5 8 10 5 29 19 4 16 4 10 25 20 23 22 7 6 19 15 6 27 4 8 27 1 26 20 5 4 21 10 15 8 16 16 15 18 0 20 10 24 20 12 15 
1 19 10 27 10 4 14 0 22 26 14 8 10 3 16 6 24 5 8 5 1 1 26 14 19 26 2 20 16 10 13 9 19 27 17 22 2 25 27 15 2 14 23 24 22 21 21 14 24 10 19 0 6 6 21 30 10 4 10 25 17 25 13 27 19 13 0 28 3 7 19 10 9 11 28 18 25 16 
25 10 7 9 12 8 26 24 14 4 3 11 19 25 4 18 23 3 1 21 22 6 4 2 2 3 18 12 10 0 18 19 13 19 15 17 15 20 16 1 17 15 11 24 8 27 5 20 14 9 15 26 16 6 7 16 9 23 3 0 6 19 1 26 10 24 29 13 19 16 27 18 13 17 30 3 7 28 
11 29 23 6 18 1 6 5 0 11 13 20 17 16 9 21 8 6 18 2 17 26 5 8 15 17 26 24 8 12 15 29 6 2 0 4 11 20 25 3 19 11 1 24 14 16 28 21 18 27 8 22 25 17 22 21 1 22 12 4 10 17 15 24 2 30 9 30 24 10 10 3 27 5 1 2 20 29 
2 2 13 5 4 5 30 19 21 22 3 16 14 3 15 0 17 3 10 30 9 20 14 11 25 22 25 26 21 24 27 26 17 5 9 8 9 4 2 10 25 4 17 6 26 22 17 3 26 14 5 3 24 17 17 8 22 30 21 3 24 20 25 6 15 24 3 15 21 9 3 11 20 27 17 16 13 19 
10 2 2 28 2 0 1 7 17 2 26 0 10 16 8 17 4 3 28 12 7 16 14 11 12 23 23 28 17 17 23 16 27 26 5 10 21 26 30 3 5 24 21 29 7 26 12 24 12 30 21 25 2 11 26 16 8 30 2 18 24 11 28 3 10 3 21 0 5 6 23 28 1 4 22 1 4 16 
14 27 26 10 17 1 14 21 14 0 9 1 8 9 9 30 21 10 8 18 22 11 17 16 4 5 9 28 5 9 21 25 22 3 27 10 9 12 6 16 18 16 30 21 28 29 25 8 1 21 3 5 21 11 22 14 17 5 10 5 22 1 24 2 26 14 5 6 22 17 19 11 30 19 21 30 19 8 
0 11 25 29 27 15 18 6 5 14 6 2 6 29 3 10 5 30 17 21 16 29 17 5 25 28 28 30 13 11 18 6 17 7 13 25 14 12 20 12 26 6 23 7 1 10 23 12 17 13 24 30 17 12 17 28 6 20 4 25 1 25 5 1 21 3 7 7 21 7 24 5 29 19 23 24 10 9 
4 11 9 15 29 11 29 1 0 21 6 13 6 9 2 27 21 10 5 16 11 8 20 5 12 23 21 7 6 7 20 4 1 20 1 30 18 27 8 19 5 22 3 16 15 18 30 14 26 0 23 19 28 17 10 6 21 19 30 8 10 14 21 21 13 6 10 9 1 9 17 18 18 17 23 16 20 3 
23 12 26 20 18 18 15 26 15 13 8 28 30 1 21 15 12 10 24 1 11 7 15 7 26 22 24 0 10 23 14 9 20 29 10 22 6 30 10 12 7 28 18 19 20 12 28 1 18 21 29 18 2 4 0 4 4 6 7 5 30 11 23 13 13 4 16 16 5 2 3 2 27 0 19 1 26 9 
4 24 26 6 20 10 4 28 17 6 22 21 27 6 11 27 7 27 7 5 27 28 12 21 18 19 28 1 14 2 16 12 13 15 8 19 23 2 1 12 13 11 24 1 17 28 16 7 15 8 15 27 25 6 5 0 23 6 10 30 22 16 22 26 2 9 23 2 2 15 16 27 23 26 25 10 19 28 
5 2 29 8 4 14 0 2 17 20 21 0 25 13 29 10 18 26 0 3 10 13 11 3 8 11 24 26 9 1 21 8 7 23 4 0 1 18 2 23 12 17 1 22 13 18 11 30 17 0 7 10 26 18 19 17 5 18 4 17 5 27 16 27 27 22 15 8 21 22 26 13 7 14 22 16 18 8 
4 5 26 18 7 25 2 25 20 15 28 29 26 22 20 30 7 15 18 19 11 26 21 4 26 9 19 24 25 19 16 21 7 14 22 20 18 27 11 8 4 24 27 5 4 29 23 0 11 13 7 3 19 19 19 18 26 24 9 20 29 25 1 13 20 1 8 18 7 23 11 30 30 24 22 12 9 25 
1 4 29 8 7 9 9 26 25 4 24 30 13 2 20 22 30 14 24 12 25 15 1 26 7 28 23 5 30 30 25 11 10 17 6 15 4 17 3 19 26 23 9 27 6 13 10 24 28 16 11 17 7 5 9 2 5 14 28 0 4 21 13 14 6 13 13 7 24 23 0 28 17 25 23 15 11 1 
3 19 11 30 12 12 5 13 25 14 13 14 14 9 12 4 28 1 0 29 1 26 27 11 4 6 5 16 20 20 27 29 12 15 13 29 23 21 22 23 13 11 12 11 28 0 3 19 26 27 5 15 6 21 22 21 24 6 0 9 18 1 13 12 24 9 12 30 9 24 21 0 5 21 1 18 22 12 
20 0 24 6 30 18 26 0 15 23 8 20 26 23 2 25 26 18 28 26 18 21 19 26 6 16 1 17 11 7 28 21 4 19 15 1 22 6 28 28 28 0 17 5 26 2 20 16 1 14 13 8 21 1 14 27 4 13 26 4 7 29 5 21 30 30 0 27 22 1 7 7 14 9 0 18 1 1 
24 2 21 23 19 10 28 12 14 29 26 6 22 20 1 7 17 14 10 18 23 19 19 12 8 13 22 11 28 25 7 8 11 20 5 30 23 5 24 15 10 25 2 4 26 3 13 28 17 13 7 7 29 15 16 21 4 9 8 20 17 23 11 12 26 22 26 26 17 29 1 2 12 19 4 24 3 29 
18 25 30 4 20 5 26 27 12 11 1 6 29 9 8 13 8 29 21 27 26 6 7 27 19 22 28 8 13 7 23 1 4 0 16 1 0 20 15 26 2 12 28 24 27 30 24 8 14 19 23 15 16 2 6 28 9 22 7 23 28 27 27 4 3 18 14 6 3 9 2 30 16 23 28 9 26 1 
