11
27 23 5 15 5 2 1 22 5 9 5 26 30 18 22 23 13 13 23 15 20 19 28 12 19 3 17 21 30 15 17 9 25 17 0 15 28 6 1 15 16 21 6 15 30 26 7 5 28 1 28 19 11 12 6 27 14 30 5 25 20 24 21 6 9 2 0 12 18 0 6 17 26 9 26 0 3 13 
19 25 28 27 13 24 13 20 13 17 21 25 10 17 24 1 28 10 20 25 5 25 9 23 17 12 28 27 28 26 16 15 22 30 11 17 3 1 13 8 1 12 4 2 12 7 4 27 28 23 21 19 13 3 24 17 7 28 3 19 9 25 27 30 6 24 17 7 14 27 23 19 15 17 21 16 13 23 
17 1 28 14 3 8 14 16 3 8 13 4 27 1 24 19 18 23 7 20 25 19 27 30 29 14 3 17 5 2 24 5 20 10 24 4 25 8 8 27 9 27 12 7 26 5 22 2 27 3 12 4 24 22 22 21 22 16 23 21 12 24 11 23 28 17 7 15 22 18 18 30 11 4 12 21 21 11 
24 11 27 20 17 3 24 2 5 19 17 18 3 5 9 30 23 11 14 14 14 7 8 29 7 6 25 18 6 11 23 9 30 15 11 16 2 24 10 12 26 18 4 21 24 12 5 4 3 28 19 25 3 25 2 29 8 4 4 1 30 23 3 10 22 6 15 0 10 11 0 5 25 28 27 16 16 17 
29 3 19 23 13 28 30 19 23 28 30 23 17 16 13 20 20 26 29 23 14 5 22 10 1 14 13 22 15 4 6 0 5 27 14 25 28 20 18 2 15 28 18 26 2 17 13 2 5 7 22 7 12 15 24 25 29 21 23 5 30 15 16 27 13 5 7 24 2 0 6 3 23 8 29 10 26 20 
13 2 10 7 25 24 10 16 5 15 23 9 20 29 20 24 16 0 11 25 0 9 11 13 4 1 9 12 16 19 18 19 15 9 15 13 21 27 2 3 9 26 22 17 27 23 14 27 0 21 0 12 1 1 27 4 3 21 12 8 2 18 8 6 13 5 19 8 28 29 15 14 22 23 29 9 4 2 
12 27 19 2 23 17 12 23 0 0 14 24 29 9 19 9 0 13 29 3 20 6 11 22 28 13 11 12 17 14 6 12 28 17 25 12 3 10 9 21 2 17 27 28 25 11 20 5 29 22 17 12 0 19 28 14 30 3 16 23 19 9 9 26 8 16 19 16 28 16 26 2 27 9 11 1 17 16 
18 19 24 23 8 24 21 15 28 29 25 27 9 18 19 11 16 9 8 5 10 10 9 19 23 24 9 7 12 20 4 3 15 22 19 0 21 23 19 13 26 4 30 20 4 26 17 19 30 22 9 15 22 12 27 26 22 5 17 27 8 12 19 2 13 6 2 3 30 30 0 6 24 12 3 26 13 9 
26 9 13 23 11 10 7 22 22 5 24 27 1 0 8 24 6 7 13 15 20 0 23 30 27 12 19 23 16 8 26 21 26 26 14 20 27 24 22 27 20 5 1 6 12 12 2 12 14 18 24 25 20 0 3 29 12 2 10 8 17 19 6 14 2 9 12 6 21 29 2 11 11 6 26 26 24 6 
17 21 25 17 13 7 30 23 27 28 15 2 14 18 24 24 28 24 26 14 29 28 27 6 1 26 4 20 22 30 8 16 1 2 26 4 15 9 0 11 14 1 28 29 24 1 20 7 18 26 25 30 18 9 4 27 0 21 17 25 4 15 21 0 20 18 5 9 10 5 30 6 6 3 28 25 3 26 
24 0 21 18 1 6 10 16 12 10 28 19 18 22 29 5 2 9 8 13 2 23 23 27 5 7 25 26 27 6 7 22 20 11 28 15 8 28 29 17 14 10 27 7 9 6 19 22 11 21 17 13 20 10 8 8 14 5 11 6 22 23 8 19 23 30 14 20 23 7 30 23 7 23 15 15 25 24 
28 21 2 22 0 3 6 12 6 2 23 6 14 20 30 30 4 6 25 4 14 11 18 26 8 23 0 5 27 10 24 14 4 10 12 17 7 4 12 10 7 23 22 2 2 12 10 25 4 1 4 15 26 25 4 5 1 2 30 12 17 17 5 3 28 19 10 13 8 9 29 4 4 19 14 16 6 21 
23 7 15 0 19 24 0 21 21 22 0 10 22 7 9 10 12 11 15 9 13 20 30 6 13 1 27 10 5 21 29 25 24 25 15 26 23 26 9 18 12 23 2 14 7 13 11 28 29 30 1 18 0 7 15 20 23 5 20 21 14 7 6 9 9 26 18 10 11 22 21 30 3 1 16 3 3 30 
21 25 19 10 21 24 15 7 19 23 17 10 0 10 8 14 16 25 16 22 20 3 22 24 21 5 7 23 11 27 13 17 15 20 2 5 18 9 19 12 28 8 26 22 9 3 6 27 25 14 26 6 19 8 26 29 9 30 3 20 16 17 18 1 6 14 14 16 22 5 30 19 16 0 12 4 9 1 
9 26 15 26 27 9 12 26 27 7 12 29 29 30 3 2 27 29 22 9 7 30 16 5 24 4 7 13 23 5 26 18 28 12 29 25 27 27 23 15 6 10 18 23 25 22 6 18 13 20 1 30 17 4 29 7 25 23 28 6 22 18 12 24 7 2 11 8 26 28 30 28 25 30 13 28 24 14 
13 28 15 16 29 5 29 25 26 16 12 29 26 15 13 12 21 19 24 11 22 14 13 21 11 17 12 14 12 2 27 18 22 27 5 1 5 27 16 23 12 16 6 12 22 5 10 29 26 14 24 28 21 3 0 22 5 10 2 24 4 20 15 0 7 1 9 4 4 6 21 17 3 13 25 4 18 6 
6 8 10 0 20 30 20 24 11 0 30 21 14 10 28 20 2 25 16 18 5 22 16 17 6 13 24 11 15 26 12 20 7 21 29 12 17 25 3 27 21 18 10 28 13 3 16 8 21 25 18 30 15 9 25 18 14 5 30 17 13 6 14 25 16 22 12 20 27 3 18 3 5 2 19 7 6 12 
24 17 25 30 12 17 1 30 24 29 6 10 15 22 26 4 22 23 4 23 24 9 22 24 27 21 8 11 9 9 2 15 7 7 12 12 6 27 13 8 4 6 13 4 24 7 11 15 13 26 26 4 28 22 14 19 3 15 19 20 29 13 25 23 14 29 27 29 3 8 17 13 8 0 13 17 18 17 
22 15 5 7 26 27 3 27 11 24 15 3 8 20 19 21 8 18 16 28 27 18 0 17 19 26 7 6 17 1 18 4 26 12 25 17 6 24 17 12 18 27 14 5 11 25 7 12 5 9 3 13 23 27 13 12 7 5 16 3 9 7 3 8 26 19 16 29 18 17 2 6 26 9 18 20 22 25 
9 11 23 23 1 24 29 7 22 29 24 19 14 28 21 20 18 21 8 10 12 27 4 29 25 26 24 20 17 22 17 10 25 5 1 19 26 13 5 29 5 1 30 20 26 19 17 23 12 29 9 9 7 22 30 21 2 25 14 30 2 4 22 15 5 3 22 20 14 11 20 22 21 17 18 30 18 11 
20 4 9 16 30 11 25 5 21 17 22 10 29 1 27 14 19 13 9 13 5 24 5 10 19 23 11 25 9 6 2 20 0 26 25 21 7 28 25 17 0 1 0 25 7 1 26 20 11 28 8 17 28 12 24 7 3 26 28 4 8 18 22 27 29 27 0 6 5 1 25 0 3 24 23 30 12 2 
2 7 19 15 3 30 5 3 21 18 5 23 11 6 13 25 29 8 0 21 12 12 27 15 8 26 14 14 21 0 9 4 8 18 1 10 16 18 11 4 6 8 24 24 25 10 1 13 2 4 8 5 29 18 10 3 2 12 26 9 17 27 20 6 21 1 15 18 14 25 22 1 9 3 14 1 2 28 
