7
13 9 26 28 5 26 17 17 12 13 7 15 13 17 19 11 10 17 17 16 22 19 1 24 18 15 16 28 27 0 29 30 23 11 17 13 
18 21 21 24 15 1 30 27 21 15 8 25 5 12 14 7 27 6 12 2 15 11 17 17 27 19 0 17 10 30 20 26 0 23 15 17 
4 7 2 7 21 26 12 27 22 10 11 20 17 30 26 11 26 8 1 9 20 3 14 3 9 19 27 4 24 16 12 20 21 7 26 24 
18 2 26 28 22 15 4 16 2 11 21 25 26 3 25 4 29 18 23 30 26 11 19 28 25 27 12 26 19 14 3 10 24 27 20 9 
11 18 12 15 10 9 15 20 4 22 0 1 0 15 19 29 11 28 21 11 10 21 9 16 2 3 7 4 23 2 26 25 7 1 24 5 
30 0 22 7 27 24 6 23 23 6 2 11 16 2 12 19 11 24 10 8 30 21 9 0 7 19 14 2 10 5 21 27 11 15 30 7 
7 12 7 4 9 7 27 3 22 20 25 30 1 25 3 18 24 18 20 7 0 19 3 9 22 7 29 14 19 26 13 19 14 6 26 18 
9 18 11 21 21 18 2 17 11 27 23 8 15 2 27 2 9 21 12 12 28 29 8 0 3 23 17 8 8 6 22 24 22 8 5 8 
15 1 22 8 7 19 20 8 9 9 23 9 30 12 16 10 12 12 18 1 25 29 2 28 24 29 13 14 3 10 18 27 2 30 27 15 
5 26 6 29 18 14 30 0 19 30 1 5 18 29 21 4 19 12 23 12 13 7 25 1 30 0 10 29 25 11 28 6 10 7 19 21 
18 10 23 11 27 7 13 18 29 2 27 21 14 5 20 4 25 23 1 22 1 12 5 19 12 17 9 24 4 13 9 26 7 30 1 4 
27 3 26 29 6 19 7 9 8 14 19 4 3 26 8 8 0 15 14 21 8 8 17 19 4 20 8 6 23 10 21 23 15 13 24 12 
14 21 9 7 1 17 26 21 16 13 25 4 3 2 7 22 25 11 30 8 19 8 29 2 30 23 17 29 10 4 14 9 9 20 3 19 
4 13 18 22 6 10 0 1 3 25 17 24 10 1 24 22 20 0 3 4 9 15 26 21 9 29 12 18 26 23 3 23 7 18 16 7 
