12
4 16 7 3 5 19 20 0 6 8 13 21 24 24 27 14 29 0 14 13 30 11 5 27 1 11 21 20 14 20 8 23 8 14 11 14 12 5 6 30 9 10 20 0 3 11 15 15 12 1 17 1 25 9 12 19 5 3 11 8 12 23 5 29 6 29 21 9 11 10 23 19 13 21 8 2 0 17 11 11 18 9 7 5 3 10 18 23 14 6 12 
0 12 22 23 18 19 3 15 13 4 4 25 24 30 12 5 27 17 4 15 24 7 11 27 21 17 30 9 27 20 27 8 4 20 4 5 17 11 17 0 27 25 29 20 30 14 16 27 21 19 22 13 27 9 25 24 23 17 14 26 14 21 4 21 27 20 0 1 26 2 18 27 30 1 4 15 23 11 23 1 3 4 5 23 16 17 25 11 5 0 29 
20 20 22 23 27 26 10 11 12 30 10 9 30 7 9 7 12 23 14 23 15 7 21 17 11 12 24 21 24 2 24 5 12 24 2 25 13 24 26 6 9 27 25 16 21 2 3 13 25 12 9 7 23 27 17 17 15 18 17 25 13 20 3 9 5 24 1 12 10 25 20 8 7 7 29 14 20 3 12 24 10 19 13 29 20 22 29 23 18 6 4 
18 7 14 29 27 18 1 11 19 7 18 4 1 28 2 14 9 12 30 23 21 0 9 21 30 19 28 3 19 0 1 3 11 26 1 17 11 16 29 18 14 20 26 16 17 21 0 30 19 25 7 25 30 29 1 8 6 5 18 14 12 21 19 18 27 3 9 9 10 4 23 5 7 16 29 9 21 23 24 9 0 24 17 27 5 25 16 22 13 7 22 
11 5 12 30 3 8 24 13 23 18 19 9 26 25 5 10 21 15 29 14 29 20 27 8 15 1 26 27 17 17 6 4 9 9 24 19 18 16 23 30 7 7 24 30 8 19 8 27 12 27 4 19 29 24 19 12 20 17 27 10 2 30 6 20 21 20 8 13 18 3 12 24 4 19 4 11 13 2 23 27 26 6 23 22 27 21 2 13 22 1 4 
13 16 9 10 0 20 29 25 26 2 21 21 5 28 16 2 6 9 11 22 21 24 4 26 9 3 14 7 4 19 4 15 24 7 7 26 13 13 11 13 17 18 6 5 10 21 11 18 13 20 2 11 2 14 3 26 8 21 29 20 5 24 3 21 22 27 0 30 17 0 27 4 14 30 22 1 11 23 29 25 19 28 9 15 4 4 29 16 12 25 22 
30 16 15 6 1 6 27 13 17 17 30 24 14 18 30 2 10 29 24 24 18 11 5 8 2 7 12 2 0 16 19 25 10 18 18 11 29 22 9 30 30 9 9 21 19 20 0 25 12 22 23 29 9 22 9 10 5 25 0 15 25 30 16 10 23 19 13 25 8 9 21 30 2 18 8 14 2 27 8 6 5 7 30 16 4 13 21 1 11 20 3 
20 15 27 25 12 19 16 3 16 10 21 16 4 4 30 21 28 3 18 26 0 26 0 10 3 21 13 14 17 14 13 24 28 4 30 26 0 18 8 19 3 6 5 18 1 5 20 19 16 13 24 4 3 13 10 12 1 6 6 26 7 0 28 1 9 15 21 19 11 17 10 0 23 9 11 23 9 20 13 16 14 18 25 7 16 13 5 8 11 9 19 
18 25 25 23 16 18 17 2 15 4 17 13 22 27 1 9 27 7 7 14 30 11 8 24 25 11 10 11 28 20 20 10 26 14 12 0 0 16 25 30 0 24 8 3 18 11 9 30 4 21 14 27 20 4 8 17 28 13 3 21 20 3 18 7 21 29 23 30 21 0 27 17 6 21 6 14 26 15 29 10 27 19 24 7 15 13 16 19 23 22 5 
22 9 22 3 11 2 1 21 15 11 17 25 8 15 12 12 15 4 22 8 23 10 8 5 4 17 29 22 28 30 27 20 18 21 2 16 18 18 15 6 25 24 7 1 26 1 21 4 3 27 9 5 15 16 24 1 24 9 28 17 6 14 21 19 14 6 4 24 4 29 27 4 16 30 10 22 3 23 17 22 28 4 15 9 24 25 21 17 25 20 30 
11 4 7 2 13 21 12 17 23 14 1 19 12 24 25 10 3 3 27 25 15 28 16 21 8 1 4 10 1 29 22 26 15 7 8 22 29 27 10 18 17 15 27 7 30 13 8 13 18 21 17 20 0 18 7 20 29 25 23 19 28 15 29 0 21 3 30 5 25 22 17 10 21 26 28 22 22 27 25 15 8 7 25 27 19 28 20 28 24 4 22 
18 4 2 22 0 1 27 24 7 12 20 30 30 7 21 26 11 22 1 16 28 10 18 21 26 22 20 26 25 6 18 23 10 25 13 23 16 18 12 9 15 2 6 0 16 7 12 5 7 11 8 10 5 30 5 6 6 0 17 23 23 18 0 7 30 10 23 11 17 30 10 10 10 13 1 15 5 8 4 0 30 25 6 10 26 27 1 26 23 3 9 
27 15 2 18 17 2 16 26 23 20 19 2 15 7 21 23 16 18 30 16 9 15 14 27 30 16 13 1 8 2 4 17 14 4 5 0 28 18 14 28 26 5 7 26 6 24 24 28 13 0 10 2 7 27 15 1 20 20 14 3 20 11 23 11 19 17 1 28 30 9 25 29 6 19 30 26 12 9 11 25 30 10 0 29 21 3 25 14 27 15 2 
14 30 7 26 26 30 16 1 14 17 11 8 27 30 23 13 24 17 23 14 2 18 0 29 16 26 3 1 20 1 23 27 29 0 19 2 4 9 12 6 13 0 8 10 15 30 24 5 10 18 23 10 5 12 8 0 1 30 3 30 3 24 22 17 21 1 13 27 22 0 13 0 30 15 23 23 23 1 2 4 12 28 13 1 16 16 3 7 8 30 10 
7 5 29 17 2 29 25 9 17 5 19 6 28 25 15 29 4 12 2 10 7 10 24 7 13 19 21 21 6 22 8 20 20 15 14 7 10 20 18 12 2 12 2 23 22 21 20 11 12 15 19 8 27 24 9 17 22 3 7 4 20 7 29 24 18 2 2 8 17 12 27 26 7 19 4 25 0 26 19 22 1 1 19 15 1 4 9 15 11 29 19 
21 29 6 7 10 21 1 10 27 18 17 0 3 23 7 2 15 10 17 0 18 20 28 15 0 26 27 24 11 27 21 14 10 20 24 16 5 11 4 12 21 20 7 24 21 26 17 7 24 18 14 13 4 10 2 24 6 7 17 14 13 26 8 24 29 15 24 1 1 14 15 0 11 8 13 10 21 0 29 9 29 1 29 12 10 1 13 15 2 18 4 
0 1 23 15 18 0 18 14 14 7 11 29 13 15 11 27 25 13 25 27 13 25 24 9 8 6 8 26 21 30 1 21 29 22 6 24 14 15 8 7 24 20 9 2 4 5 27 18 4 29 3 20 24 12 2 20 0 28 23 8 25 12 18 29 30 0 20 4 18 11 17 8 13 21 3 10 4 10 19 11 30 10 18 19 10 5 4 18 17 1 10 
14 5 26 7 13 23 21 29 3 4 27 17 28 4 30 24 6 15 6 30 20 2 18 17 7 5 5 21 13 11 3 1 28 27 2 22 1 18 22 8 25 16 11 5 2 29 11 2 18 18 15 27 19 13 7 8 4 5 11 10 11 22 22 15 11 12 23 26 3 4 5 6 1 22 25 28 22 10 18 13 8 5 3 7 18 6 27 10 18 25 28 
9 5 1 8 2 16 8 3 1 21 30 20 12 12 8 27 14 15 16 30 10 1 10 7 15 24 6 9 11 7 19 9 17 6 15 2 10 15 29 7 5 7 5 24 7 22 26 5 21 4 3 9 9 0 0 19 8 0 12 30 12 14 9 14 0 3 16 20 27 27 2 28 28 18 4 7 16 10 11 17 19 17 30 19 27 5 2 12 7 8 27 
15 29 20 12 7 7 2 20 2 14 7 2 12 7 30 22 27 27 24 4 16 27 21 10 15 15 30 24 27 4 12 17 1 21 5 23 25 9 16 23 1 13 26 23 17 16 20 14 16 27 26 17 12 20 30 14 28 18 6 18 29 18 11 20 13 20 4 22 21 30 2 2 10 17 7 2 28 22 13 5 30 7 7 27 25 26 28 10 20 28 2 
0 26 5 5 16 19 17 9 20 10 4 6 2 21 18 19 28 6 23 7 17 11 7 6 22 2 1 24 22 21 18 14 3 8 20 23 1 10 21 23 15 5 25 27 5 11 3 12 18 30 16 6 27 15 8 6 0 15 1 16 29 12 7 11 28 13 21 15 23 23 16 14 4 9 15 15 12 2 30 22 3 16 18 28 12 6 27 18 4 7 3 
18 16 20 2 14 7 15 28 17 24 2 22 11 19 23 5 20 12 5 12 21 28 2 7 23 24 6 14 24 24 26 17 3 14 10 6 26 16 7 2 10 17 8 2 9 16 24 16 24 29 27 20 4 1 29 4 8 1 24 2 22 11 26 17 12 16 28 26 23 30 0 7 8 28 25 21 25 16 28 24 26 10 28 12 9 24 29 22 28 19 6 
2 18 0 8 13 15 20 27 16 9 13 21 3 14 1 1 0 29 0 18 18 7 0 19 11 22 6 20 5 14 21 25 0 15 8 7 8 0 13 3 14 7 1 28 28 10 14 25 0 10 25 30 20 24 9 6 28 8 29 2 30 4 23 24 29 5 7 24 23 13 23 7 4 3 23 3 30 11 14 3 17 11 20 21 0 8 16 2 4 17 20 
2 2 19 3 2 12 24 12 19 17 5 24 19 6 2 22 25 20 3 8 4 4 28 6 30 7 15 7 4 4 30 20 0 19 8 24 2 17 9 13 12 9 3 14 13 8 10 9 8 9 29 12 3 13 6 5 1 10 5 11 7 30 11 16 4 15 27 17 9 5 28 8 9 27 6 14 2 3 3 24 12 0 29 14 11 10 12 20 7 7 8 
