7
10 25 6 22 15 14 17 1 7 28 0 16 17 28 6 9 14 23 23 26 9 5 25 11 18 5 22 1 5 5 2 8 23 16 1 26 
25 12 5 10 21 2 18 26 15 11 2 15 4 30 20 29 16 25 19 26 5 26 23 18 30 0 2 26 20 7 0 10 22 16 29 1 
16 19 20 2 23 0 13 2 17 10 22 0 9 30 23 11 20 9 19 9 13 12 27 21 2 4 12 2 6 20 16 23 18 14 29 12 
5 8 0 24 13 20 22 25 8 30 11 6 20 13 2 13 18 23 30 13 26 12 14 1 13 21 11 12 8 22 5 20 27 1 3 17 
30 1 8 22 11 15 7 1 4 7 11 17 26 15 17 11 11 23 5 11 4 8 22 3 1 1 30 18 20 2 29 1 20 28 7 23 
9 10 30 5 11 1 11 15 11 6 8 11 19 7 25 5 27 9 8 24 24 1 3 8 16 15 15 28 18 4 26 14 24 21 1 3 
3 24 15 13 3 27 12 12 30 8 19 22 12 21 24 0 9 4 30 12 16 23 9 30 0 29 8 24 1 13 14 17 10 6 4 12 
23 21 5 10 9 20 21 10 23 20 12 16 27 27 0 1 19 15 14 14 17 5 10 13 25 12 5 1 18 12 13 11 0 29 7 6 
21 18 18 12 30 16 0 14 3 6 5 24 22 23 13 14 29 17 4 3 30 29 0 8 14 9 9 24 22 12 15 23 14 7 18 27 
23 12 22 23 10 1 29 29 15 14 4 20 9 27 12 9 21 26 1 25 16 17 8 19 8 3 8 26 3 19 24 22 25 30 22 29 
10 25 11 7 3 26 9 13 23 30 29 7 23 24 17 25 15 13 24 3 11 25 19 0 5 29 26 22 29 29 27 20 29 25 11 1 
6 1 21 17 29 3 25 10 2 15 9 27 30 23 24 13 30 30 20 3 0 16 10 20 10 11 16 1 1 16 22 14 0 30 16 24 
21 27 4 15 22 26 6 20 11 25 19 2 2 11 10 22 5 2 21 22 25 27 23 5 14 8 23 9 5 11 23 12 12 11 28 14 
26 19 3 21 28 1 23 14 10 21 17 26 1 25 23 26 2 12 10 25 0 24 26 4 10 26 22 25 25 23 5 1 2 7 22 8 
