9
8 11 22 19 9 26 29 2 29 11 12 1 15 10 10 25 15 11 7 13 21 25 7 6 9 3 22 13 30 14 2 12 4 18 9 28 16 23 21 24 14 11 25 1 11 10 12 30 8 8 8 2 14 28 28 
23 20 19 28 25 7 2 3 25 9 11 6 27 5 19 5 1 13 4 0 27 2 18 18 6 8 14 13 22 26 8 8 12 16 27 9 1 20 4 14 6 10 4 25 11 30 0 0 13 10 20 11 0 12 30 
4 11 16 13 19 16 4 14 19 30 21 2 29 29 18 22 8 20 0 28 17 29 4 1 7 27 30 16 20 28 25 18 30 24 29 13 22 15 19 16 17 5 10 18 0 21 30 10 6 23 29 9 21 24 25 
28 2 23 12 0 0 1 28 14 8 27 17 13 19 21 30 26 11 14 6 30 16 7 25 2 18 17 9 16 25 6 23 15 4 6 6 24 23 24 29 6 30 29 25 10 16 25 28 19 19 20 26 8 16 27 
18 13 20 21 2 8 4 24 20 4 19 13 27 18 24 26 19 29 24 15 22 27 4 13 25 11 26 12 5 25 5 20 26 29 16 25 13 1 21 0 27 12 28 10 5 23 2 28 14 9 13 28 22 23 12 
2 2 30 12 1 18 23 3 15 4 17 1 24 23 22 16 18 16 21 1 28 5 18 28 19 23 28 21 12 16 10 8 17 24 27 10 10 30 20 22 5 22 13 15 5 13 17 2 7 11 10 11 15 21 13 
15 13 0 8 11 14 13 24 8 7 24 28 23 29 11 20 28 1 20 6 10 3 15 11 15 29 28 25 1 17 16 15 6 11 9 8 13 17 13 16 17 17 19 8 25 21 9 22 3 19 19 27 3 22 24 
15 6 22 30 16 4 11 1 16 16 8 12 16 29 20 3 0 19 4 12 10 30 11 26 5 8 16 12 16 26 30 27 29 2 30 29 16 17 2 9 27 22 3 10 30 24 0 25 4 19 22 7 26 3 27 
4 10 27 6 27 6 26 15 15 4 28 16 10 19 26 13 10 20 25 23 3 15 5 14 16 8 29 23 8 28 6 0 28 21 3 19 0 19 28 1 5 13 23 13 11 9 28 20 2 9 17 15 21 3 19 
14 1 27 8 30 17 4 4 8 9 3 5 6 26 27 25 27 29 11 19 25 8 10 24 13 4 11 16 13 13 0 0 15 4 19 15 9 25 29 22 11 9 26 29 28 27 0 19 3 9 15 19 18 8 6 
24 0 1 30 10 29 7 11 12 25 24 5 6 12 25 30 8 15 15 4 15 11 9 4 6 10 27 7 6 22 12 1 13 11 26 25 8 7 30 27 15 27 26 12 14 17 21 19 23 13 10 18 4 0 9 
13 20 5 12 0 12 25 6 22 18 30 12 29 9 8 14 14 26 14 7 26 24 6 20 29 22 3 24 29 28 18 21 29 19 24 7 19 3 27 13 0 18 15 23 23 17 13 11 25 10 11 18 8 10 17 
18 12 20 16 24 22 11 7 22 25 25 2 1 3 11 23 26 12 24 6 1 4 26 0 30 22 22 16 2 13 15 23 8 24 16 26 15 27 12 12 28 26 3 26 30 1 9 26 7 14 13 19 7 21 14 
13 5 5 24 11 13 13 29 25 25 15 21 28 12 18 14 5 8 16 9 19 19 3 29 3 2 13 11 21 4 3 17 5 5 11 11 10 15 25 30 1 26 0 3 24 2 20 5 12 30 1 10 20 20 16 
17 5 9 3 29 4 29 3 30 6 23 13 1 0 13 19 0 16 3 10 20 13 5 22 22 8 14 12 14 26 1 18 23 21 3 9 6 27 28 6 30 22 15 19 20 16 6 22 7 16 5 15 24 10 29 
27 19 7 18 14 12 6 14 24 18 13 13 28 10 4 24 4 16 10 16 11 28 3 21 10 5 6 20 16 1 5 9 17 11 24 11 23 7 25 22 23 8 24 7 12 29 15 15 23 6 26 29 21 23 30 
8 30 10 26 20 6 18 13 8 23 17 25 20 15 15 23 27 6 13 28 14 11 18 19 22 15 7 28 8 1 9 29 1 6 25 19 1 27 16 17 19 25 24 30 5 20 15 6 7 26 30 26 8 9 14 
23 13 15 11 23 0 29 28 5 19 13 10 21 12 10 21 6 19 24 5 30 18 8 15 4 6 16 6 11 22 17 27 5 18 10 28 1 19 21 14 12 22 17 27 7 15 12 15 9 23 28 18 8 30 26 
