9
7 4 23 14 3 30 6 11 19 22 23 16 28 10 27 2 9 9 11 9 4 2 22 20 16 10 16 29 9 30 7 2 1 13 9 14 2 30 5 21 18 29 9 9 4 16 14 11 9 15 11 4 1 9 25 
22 9 14 3 13 16 8 8 13 12 0 0 7 22 15 3 3 2 18 21 19 14 16 1 5 27 10 23 25 24 15 8 4 17 26 4 12 28 0 22 26 23 25 27 14 30 7 19 9 2 3 0 15 4 21 
13 8 28 14 5 1 1 19 4 12 17 18 4 8 16 8 3 6 19 12 1 13 23 11 24 6 11 18 2 5 14 29 19 19 27 26 10 25 18 26 14 18 13 13 3 25 6 21 5 28 6 27 3 26 1 
3 25 21 10 30 6 6 28 18 6 22 12 19 14 22 13 5 18 6 6 1 7 0 26 20 4 3 24 15 3 27 30 28 23 18 6 20 16 27 25 17 30 4 15 14 24 19 24 0 13 8 30 26 23 25 
7 22 3 6 27 7 30 1 16 29 10 21 3 13 11 27 26 24 12 5 22 16 7 11 9 21 17 12 20 26 1 1 15 6 12 15 27 21 21 22 9 5 0 7 24 16 8 6 0 25 7 1 10 12 19 
21 26 22 19 5 24 30 23 23 23 7 4 20 20 27 26 21 28 18 26 19 27 23 22 11 9 7 20 10 1 14 3 19 1 13 14 20 13 12 25 4 6 15 27 6 0 28 14 7 10 2 30 23 28 16 
8 27 27 9 9 13 27 30 12 14 13 18 6 16 0 1 21 3 27 5 14 12 18 7 18 9 29 11 4 17 22 21 29 17 22 11 16 13 23 27 27 1 24 29 18 29 23 3 18 29 2 5 28 29 6 
13 30 18 17 17 25 25 21 28 2 26 6 21 0 24 25 1 19 7 11 2 0 9 16 26 18 23 17 18 9 25 27 27 12 20 22 9 6 22 23 10 25 2 20 13 19 21 2 9 8 4 1 26 15 24 
20 24 17 20 17 30 2 2 17 11 4 30 29 12 23 18 22 0 5 9 26 14 2 25 15 12 26 12 25 7 28 9 1 9 24 21 2 2 0 15 23 2 10 4 7 3 3 10 20 9 15 27 6 3 8 
22 25 20 14 8 8 2 25 0 21 21 25 19 17 9 23 18 27 7 22 21 10 10 13 7 3 20 5 29 19 13 4 25 0 5 18 30 10 24 8 21 12 15 14 13 18 17 20 0 26 23 27 27 10 27 
7 11 14 10 15 8 8 7 2 23 20 27 4 13 17 17 24 28 9 0 21 11 6 0 15 27 28 22 23 5 28 29 9 15 27 17 24 27 0 19 14 11 14 12 14 7 4 4 12 15 19 8 11 22 8 
10 16 7 30 20 30 5 1 24 24 11 13 0 2 23 13 1 2 5 11 30 30 26 18 1 19 5 0 23 20 16 20 16 25 16 14 18 4 10 8 26 24 27 28 2 4 30 20 9 10 15 15 2 25 17 
27 0 30 24 19 28 6 19 7 25 9 9 24 28 7 14 0 9 4 15 22 12 14 1 19 30 6 1 24 24 27 29 16 4 19 15 29 2 2 20 24 25 20 23 20 15 20 29 13 20 27 8 23 29 0 
4 27 15 10 1 14 24 3 11 21 17 18 30 16 18 30 17 19 24 18 8 4 7 16 10 21 13 10 4 10 4 1 17 27 5 28 25 2 23 29 9 17 23 10 3 29 3 12 30 10 28 10 4 26 0 
30 27 23 12 18 24 8 18 12 27 30 30 17 8 23 20 29 5 11 25 20 22 7 6 14 28 27 2 27 22 1 12 16 23 0 19 18 10 0 20 30 27 9 15 29 4 2 15 26 22 25 13 11 7 13 
0 21 10 29 27 15 7 2 7 27 30 26 22 30 19 26 24 30 7 18 9 9 20 5 16 29 22 6 23 7 12 11 12 20 30 5 26 14 7 25 3 0 19 24 17 8 0 20 23 1 27 16 18 30 23 
24 4 12 24 1 0 9 18 22 12 16 21 23 12 1 23 6 26 1 16 10 12 12 9 19 17 25 27 28 28 29 16 28 23 24 14 7 19 17 10 21 6 20 7 20 30 5 22 1 23 1 20 19 11 15 
29 7 19 19 7 19 1 1 29 12 8 15 24 30 2 28 20 22 20 5 25 9 28 3 8 27 21 4 20 17 17 8 1 21 9 3 9 22 9 23 27 0 24 17 13 16 23 9 5 13 23 25 26 7 19 
