7
23 19 9 13 28 24 29 4 8 14 18 27 20 14 19 0 23 29 29 13 6 0 8 9 16 30 9 21 8 26 9 15 25 25 16 28 
10 10 11 30 17 11 7 14 22 12 20 9 27 8 15 7 10 0 12 27 22 15 8 26 15 21 25 21 22 16 17 7 17 23 24 12 
11 20 9 22 11 17 19 5 14 18 18 24 13 13 6 26 13 7 2 14 20 30 27 28 18 18 8 22 9 23 22 17 2 11 30 1 
19 1 25 0 24 21 4 26 4 24 27 14 21 22 8 28 21 23 16 16 11 13 3 4 9 0 17 12 28 9 14 7 18 9 7 22 
5 23 28 30 29 17 4 25 10 1 7 30 27 10 19 19 21 11 3 16 17 3 11 7 23 6 15 11 29 19 27 15 5 0 7 24 
17 10 28 13 22 8 15 4 28 12 27 15 11 19 9 21 29 4 16 28 20 8 24 20 10 7 28 27 0 23 20 18 16 30 10 25 
19 1 17 23 9 20 25 7 6 3 14 0 24 23 15 20 20 29 2 20 21 9 20 15 23 30 30 0 7 18 20 30 10 25 9 5 
20 3 13 19 21 25 3 14 30 27 1 20 17 30 26 25 29 12 13 24 22 24 14 13 18 20 7 23 2 19 0 21 3 22 29 1 
28 13 28 1 3 19 6 30 30 29 15 21 21 16 12 12 18 13 24 6 4 1 28 5 4 0 17 16 20 10 29 17 10 30 14 22 
23 3 1 30 17 17 1 17 19 3 7 0 21 5 26 26 10 3 27 29 15 17 10 18 9 13 21 10 13 3 15 27 25 6 18 13 
17 28 5 9 12 6 7 10 27 24 1 22 24 2 9 10 8 2 26 19 21 3 7 5 23 11 21 7 1 21 16 28 5 9 4 9 
9 22 12 1 27 5 11 14 30 20 24 10 28 12 9 4 19 12 18 24 11 2 20 1 19 16 30 14 7 25 20 28 4 8 22 18 
2 24 11 7 8 15 1 17 11 7 16 21 10 3 22 17 19 20 5 18 10 2 28 24 19 2 23 12 15 0 22 18 25 8 8 19 
15 28 7 3 17 21 30 18 23 11 1 11 30 28 15 26 5 1 26 10 7 7 29 20 7 4 18 4 18 11 17 10 19 17 28 8 
