9
24 28 19 18 4 16 29 29 18 6 11 7 16 27 28 17 22 18 9 3 15 7 14 4 7 21 15 29 26 28 22 13 19 28 1 9 6 27 8 18 15 28 19 14 30 25 20 13 6 14 22 22 9 27 25 
2 7 23 30 20 25 28 1 15 27 13 4 2 12 30 9 22 19 0 23 0 2 24 17 7 24 10 27 30 20 19 18 20 21 5 11 13 4 18 26 30 11 4 6 3 18 3 2 6 19 11 23 12 1 10 
17 11 10 10 4 17 2 23 30 10 1 19 13 24 14 28 17 22 24 21 5 17 13 19 12 8 23 17 26 22 10 26 6 25 21 22 29 18 27 16 23 9 15 28 13 8 1 14 17 20 24 21 27 12 11 
8 7 7 16 18 21 5 2 23 20 0 27 19 9 22 19 27 25 18 14 11 17 15 27 17 19 23 29 9 13 14 24 14 16 15 24 28 17 18 15 15 29 25 19 12 0 12 27 7 4 20 24 10 22 10 
3 13 1 7 18 1 8 14 27 22 16 29 1 14 12 20 22 14 21 15 20 19 18 28 18 26 2 18 0 8 12 4 3 21 22 26 14 14 27 14 9 3 3 20 8 30 5 1 17 11 15 9 14 11 18 
0 26 7 14 30 13 0 22 12 15 30 4 3 13 8 28 2 19 18 19 8 25 18 13 5 20 26 28 8 12 7 6 26 0 7 15 1 19 10 22 2 25 23 19 24 20 20 20 2 27 6 12 1 6 21 
21 23 2 5 4 2 9 7 20 4 7 13 18 21 18 13 4 28 12 0 11 3 25 3 5 17 1 11 19 5 17 29 24 18 17 5 5 13 3 0 22 24 4 21 22 9 29 23 2 29 9 27 23 23 21 
30 5 5 18 18 2 29 13 1 25 24 30 4 17 11 21 18 6 14 7 23 8 24 17 17 13 13 23 21 0 18 19 9 8 15 5 21 21 28 12 15 27 1 21 12 10 23 9 30 27 7 30 5 15 16 
8 8 23 1 1 29 21 1 21 7 15 26 14 19 22 24 12 9 29 21 28 2 8 11 27 23 1 30 0 8 2 22 4 8 17 2 19 13 26 2 21 12 20 11 15 25 27 0 26 23 15 21 30 27 24 
6 6 24 18 6 1 1 24 23 12 11 12 27 7 9 23 28 25 28 27 7 9 0 17 29 14 18 26 18 3 6 19 16 15 26 26 19 14 9 28 13 17 14 28 17 11 1 11 7 0 30 8 26 6 4 
28 25 24 26 14 2 1 26 29 4 27 0 20 15 22 0 0 8 17 13 29 11 22 3 2 6 18 2 30 18 0 2 25 0 19 0 20 14 3 17 7 5 5 5 5 9 11 22 1 30 17 25 3 28 30 
23 25 9 9 20 26 21 23 23 1 19 25 26 21 8 9 20 8 26 0 16 29 12 13 25 22 15 2 25 23 13 9 3 15 4 12 18 25 14 24 6 2 8 11 25 27 0 14 5 17 15 2 28 8 21 
15 30 16 18 1 24 13 8 25 15 16 27 21 30 1 30 9 25 17 6 9 4 25 6 2 4 13 25 13 1 17 30 8 27 24 20 16 1 19 10 28 23 30 16 7 26 16 11 3 10 13 2 19 6 17 
0 28 26 1 4 23 25 27 6 12 30 8 3 1 5 14 5 6 21 26 20 13 6 21 25 5 5 28 3 1 4 28 26 6 2 8 8 4 7 24 20 2 24 21 0 4 29 21 11 6 25 22 5 1 0 
4 24 27 30 29 8 11 5 21 29 15 1 14 29 20 18 4 22 20 19 5 13 11 13 8 7 6 0 10 18 9 24 25 24 7 8 0 21 4 9 27 16 20 7 5 14 17 28 28 27 14 13 29 16 2 
8 9 12 4 3 28 7 9 18 14 27 26 13 23 30 0 24 25 13 1 9 30 10 0 21 30 28 26 8 5 6 6 12 4 3 6 14 27 26 18 23 13 3 13 10 0 18 5 24 19 24 20 3 20 7 
7 6 27 23 29 24 16 6 2 23 29 4 12 5 22 26 25 18 21 18 23 24 4 25 10 10 27 3 0 28 28 26 9 4 4 10 23 18 3 29 20 15 0 11 4 10 12 17 26 26 1 25 6 9 24 
25 2 15 21 18 30 29 18 3 15 21 22 24 9 19 8 2 30 13 28 12 22 28 3 8 11 4 25 2 2 0 9 12 11 25 5 28 30 16 13 27 28 21 13 21 26 7 5 27 30 13 15 20 5 19 
