6
19 3 15 2 10 14 23 24 14 0 21 30 2 3 9 6 4 12 11 21 27 23 0 28 20 2 17 29 
27 13 3 18 23 8 26 28 20 18 25 12 12 3 21 25 29 18 19 3 15 14 28 18 20 1 28 5 
23 15 14 0 27 5 6 8 24 16 1 11 8 5 12 12 11 19 11 23 23 26 21 26 22 5 28 13 
5 4 12 14 15 28 3 14 17 20 12 6 9 19 22 24 17 14 28 13 3 24 1 4 11 1 17 3 
19 17 12 23 26 7 3 10 7 3 29 27 9 7 12 17 13 14 9 21 11 30 5 7 18 2 25 23 
13 13 3 30 19 23 27 22 7 18 16 24 7 29 6 19 28 18 28 7 5 26 26 20 26 10 16 23 
30 5 18 20 22 1 5 6 20 2 22 22 8 11 23 3 2 16 25 19 5 30 29 22 16 5 10 0 
14 7 0 26 15 30 20 1 29 2 23 8 29 24 15 14 16 12 11 20 16 11 12 12 17 10 15 21 
9 11 5 10 10 24 27 9 17 1 24 20 3 1 6 23 1 8 18 2 20 18 11 16 25 23 22 7 
13 13 18 9 16 26 19 29 30 25 26 16 1 8 9 9 19 9 6 3 26 1 17 5 15 16 11 1 
9 2 19 7 4 9 18 3 29 15 1 16 6 19 12 22 0 13 17 18 15 15 25 2 6 8 6 17 
22 19 28 11 6 24 7 29 20 13 7 5 15 12 28 10 20 3 7 29 23 14 0 3 26 14 23 2 
