10
28 5 15 18 5 15 0 20 23 3 7 20 23 11 26 19 9 29 22 10 23 18 0 20 23 24 15 29 3 7 14 28 28 10 13 24 5 30 22 28 7 30 11 15 2 29 10 1 24 19 22 1 2 30 16 19 28 8 23 27 0 5 0 20 22 28 
20 23 11 28 8 16 14 27 30 4 5 7 2 10 24 18 5 5 3 14 8 6 28 1 14 5 10 27 21 8 28 23 7 6 19 10 30 29 29 27 20 16 14 24 8 28 3 23 16 0 20 22 4 7 0 3 2 25 23 25 19 8 7 22 14 1 
20 1 16 22 29 0 25 28 23 16 18 12 18 19 5 1 2 30 23 19 5 20 14 15 12 15 17 21 21 23 10 11 26 27 2 1 0 0 22 12 21 9 23 17 2 4 7 7 11 7 14 19 5 8 25 18 1 1 30 24 7 16 26 13 21 7 
3 9 10 7 24 17 18 5 20 16 8 16 16 13 25 10 4 18 29 23 28 10 9 20 21 18 25 7 26 12 30 2 29 23 1 28 28 24 22 29 23 29 19 18 15 10 9 0 2 24 26 15 4 30 20 26 20 28 12 24 26 11 21 25 23 6 
2 12 8 22 16 17 9 18 4 22 26 0 6 26 28 10 3 5 13 11 24 13 9 2 18 14 30 28 12 12 16 25 11 21 7 19 1 19 15 22 3 24 3 10 25 24 22 13 8 1 30 22 16 30 24 28 18 30 22 4 3 17 12 20 10 28 
25 19 16 24 16 24 1 17 18 9 11 27 2 23 0 16 5 14 11 10 11 15 26 27 9 22 5 4 14 11 4 22 26 28 15 16 2 7 23 3 14 20 8 4 0 28 17 25 13 11 17 17 4 8 23 23 7 29 27 30 16 1 15 27 5 24 
17 28 11 16 4 3 3 24 1 30 24 28 30 28 28 23 14 28 4 25 24 7 1 19 30 16 21 8 19 11 6 14 0 3 30 19 5 19 0 23 16 12 10 1 4 6 3 13 27 19 25 12 9 22 4 13 26 0 19 29 29 0 0 30 17 0 
7 8 30 19 22 16 3 22 4 27 30 24 27 11 3 27 4 16 24 30 3 26 10 11 23 8 18 17 14 14 17 19 3 8 11 29 20 3 22 2 18 14 2 3 23 25 10 23 23 11 27 24 27 21 12 14 20 21 25 29 5 8 14 28 2 22 
17 24 17 3 23 10 5 18 6 6 19 12 1 14 26 14 19 4 22 13 21 25 16 16 17 24 3 2 13 29 26 17 15 22 3 27 3 28 2 3 13 11 8 5 0 18 26 18 30 15 17 14 7 8 26 23 9 14 25 12 5 9 15 30 1 2 
20 4 29 6 8 19 4 17 8 16 8 16 2 4 16 5 17 8 0 18 18 1 27 1 30 23 2 28 8 23 8 11 29 21 3 24 20 16 6 10 5 20 21 10 22 24 3 30 24 5 3 2 11 15 30 22 17 29 22 18 14 16 9 22 13 4 
23 12 30 18 24 7 16 2 19 0 13 22 10 10 1 10 19 3 18 23 5 25 27 29 16 25 12 19 17 16 27 1 18 5 6 21 2 25 22 28 2 30 13 29 7 13 10 17 23 20 21 18 1 20 7 21 18 24 17 28 25 30 12 13 15 5 
8 3 14 24 25 8 22 13 6 0 16 18 18 9 21 26 12 23 5 17 14 27 6 23 21 17 25 6 4 10 2 18 21 11 23 0 13 19 29 0 4 2 9 11 14 21 25 5 24 8 29 22 2 29 4 9 30 10 27 12 10 9 12 16 13 5 
18 21 12 16 6 5 28 8 0 25 21 3 17 28 18 5 11 18 13 28 21 6 14 29 12 14 6 2 19 11 12 16 29 8 23 26 8 4 27 13 8 21 4 13 7 10 14 29 3 12 10 20 2 14 30 26 24 12 26 23 6 13 10 16 19 15 
13 30 3 10 1 9 29 1 23 3 10 25 20 29 0 18 5 28 9 22 5 2 29 25 0 8 20 5 3 21 12 21 28 24 6 11 4 18 16 20 4 6 4 18 7 27 17 17 15 26 22 3 12 3 25 22 1 10 27 7 9 6 15 6 19 6 
14 4 27 2 8 0 11 4 6 6 16 14 24 20 0 26 6 18 8 6 15 20 18 1 5 25 12 0 9 5 30 14 27 9 6 16 6 22 2 29 10 27 25 1 19 23 27 14 15 28 3 7 16 9 6 17 11 26 21 25 21 1 20 26 13 10 
4 8 23 10 17 16 25 21 22 22 8 1 23 14 9 5 8 14 12 10 23 11 10 6 24 4 3 9 14 19 20 6 22 26 11 4 17 1 30 20 2 12 11 0 0 22 8 19 20 12 27 5 12 24 24 7 26 2 27 6 20 17 30 11 10 0 
22 22 11 26 27 30 16 19 13 11 22 14 22 7 2 16 30 28 16 7 19 11 15 27 10 19 9 18 3 18 26 29 20 20 4 17 24 29 11 0 4 27 2 25 19 1 4 18 4 6 2 8 11 22 17 17 21 7 6 1 26 26 13 1 24 25 
0 20 17 2 2 9 0 0 16 16 19 13 2 12 22 8 29 19 2 21 11 8 17 23 25 15 17 2 2 28 23 16 3 11 24 13 7 19 13 8 25 24 29 15 11 7 10 21 7 18 9 6 14 16 1 5 9 25 8 3 11 28 12 0 26 21 
17 6 4 13 30 24 30 15 3 6 21 30 3 4 12 13 12 14 30 5 30 2 22 26 1 1 29 21 6 4 19 16 24 25 20 5 27 16 6 7 8 12 22 18 7 16 13 20 14 1 27 26 0 4 6 26 8 7 14 28 12 8 13 20 17 26 
8 11 10 11 13 14 28 3 12 18 22 10 6 21 29 0 10 27 30 5 12 4 21 29 21 25 7 16 0 16 23 24 6 11 28 18 29 14 18 30 16 20 13 28 6 1 6 29 29 7 24 15 4 0 13 11 29 16 18 18 7 13 0 6 11 29 
