12
4 18 21 0 15 5 16 12 5 0 26 15 23 4 30 10 17 25 17 8 23 17 25 15 24 12 29 25 13 24 17 30 21 26 0 8 1 29 30 20 18 25 3 27 15 14 9 20 11 20 9 26 7 27 20 4 29 24 13 21 16 5 4 27 8 19 16 19 2 6 1 13 0 18 2 1 2 14 9 3 14 2 12 11 22 18 14 17 2 19 0 
6 16 21 1 22 21 9 20 19 21 21 1 28 29 16 23 10 25 27 5 20 23 9 23 3 16 16 30 0 26 29 21 11 28 30 4 1 1 20 8 15 19 25 21 13 4 0 0 9 1 19 19 21 4 27 0 28 17 13 24 30 19 17 0 20 23 29 11 11 21 17 2 28 29 14 15 11 16 22 9 0 5 20 2 23 30 14 10 22 6 1 
25 12 26 11 3 9 1 29 25 26 2 21 0 5 1 2 15 15 3 28 4 17 7 1 11 11 22 20 9 11 19 10 4 8 28 15 17 1 2 13 25 1 26 10 29 21 25 11 16 11 13 18 29 10 19 18 7 11 2 4 22 28 12 20 3 5 26 28 29 18 30 17 8 7 25 26 8 30 19 26 0 0 21 18 27 21 26 6 30 10 23 
22 6 13 6 27 5 21 26 14 13 0 5 15 5 3 17 11 7 28 30 29 9 13 28 3 25 13 25 28 9 15 29 19 20 15 16 18 9 2 5 20 26 28 23 1 17 30 3 19 28 30 8 0 12 24 0 12 29 6 27 26 7 16 30 10 3 25 21 2 22 15 12 24 11 8 26 15 16 29 29 29 29 16 6 9 2 26 14 9 7 24 
11 27 29 27 24 21 24 8 10 0 13 7 1 19 30 0 25 30 7 11 0 28 28 12 6 2 9 10 26 16 0 25 21 23 7 13 15 2 22 2 8 5 24 11 3 28 24 29 2 8 22 21 4 16 24 27 6 0 10 27 28 7 18 24 1 3 6 16 13 30 18 0 19 5 23 23 12 10 30 30 19 2 9 20 11 23 7 0 19 8 14 
19 25 6 26 4 30 2 6 21 16 25 27 4 16 1 15 25 25 26 27 9 7 23 8 24 10 24 18 0 13 1 6 20 0 29 2 2 14 6 23 29 7 20 18 7 1 14 10 16 1 24 1 0 13 27 26 19 4 24 18 28 14 26 3 23 18 28 9 20 18 2 3 25 17 13 3 22 4 29 24 4 24 0 14 26 10 15 0 15 30 24 
9 10 30 28 2 29 13 24 16 0 5 11 2 23 27 30 29 8 14 28 14 12 24 1 9 11 3 21 17 13 26 29 23 29 3 21 24 4 20 15 16 20 23 28 18 29 1 18 3 27 28 21 21 23 23 3 7 14 11 28 25 8 29 24 27 11 22 6 10 23 5 20 28 26 26 17 0 7 24 9 6 9 9 19 11 12 26 13 6 6 9 
28 20 8 5 17 3 21 1 22 14 10 23 1 6 17 4 1 18 7 10 20 1 1 22 10 13 22 10 7 30 0 25 27 10 11 22 18 5 15 2 0 3 10 16 28 23 3 13 28 15 12 17 9 13 15 13 9 16 21 1 2 25 6 8 5 13 5 7 26 1 14 0 27 17 26 3 9 3 23 21 0 0 16 29 15 15 15 2 18 18 15 
17 2 6 17 15 16 28 7 0 6 17 26 8 13 5 16 10 16 16 0 22 1 18 6 11 14 1 29 27 29 12 30 29 22 9 10 9 19 21 27 5 22 15 24 28 18 3 1 16 20 10 17 1 18 20 11 23 30 30 17 22 15 11 27 18 17 2 9 13 0 4 0 1 5 28 23 24 1 12 0 27 22 18 25 11 13 19 15 5 5 28 
22 11 8 2 23 17 15 21 6 28 26 0 3 27 0 6 8 20 8 23 1 10 20 20 30 9 19 9 28 9 26 24 17 24 15 22 9 23 16 12 27 9 14 3 21 28 4 7 26 30 26 3 22 26 5 20 10 24 7 26 16 8 24 8 12 17 20 30 22 11 21 17 6 22 9 6 14 10 17 7 22 28 14 0 24 6 14 18 23 19 21 
29 6 28 2 16 8 6 29 22 10 26 3 18 2 20 13 24 6 9 27 1 7 8 4 0 27 21 24 16 27 23 10 13 27 29 18 25 6 2 12 25 26 14 15 15 3 1 23 7 13 17 4 27 0 24 16 0 1 21 4 21 4 14 0 6 12 11 11 28 16 4 26 29 16 24 4 10 26 18 17 2 24 18 30 26 11 6 23 23 22 5 
25 26 8 24 4 0 9 13 16 5 15 6 9 24 14 25 16 28 18 20 29 12 19 3 19 24 30 16 11 10 2 20 26 30 30 14 27 26 19 15 21 3 4 19 3 30 30 1 6 28 8 13 13 8 3 30 24 7 18 4 22 18 15 23 6 0 28 1 20 20 30 26 4 15 29 10 20 15 23 19 27 7 7 14 4 29 19 5 29 22 17 
8 3 18 16 8 2 5 10 0 26 7 10 27 30 14 18 5 4 6 18 15 27 27 11 3 24 23 22 9 28 23 21 0 2 6 16 17 29 29 21 0 21 0 16 29 16 4 19 2 24 24 28 17 14 4 14 25 8 23 1 25 0 20 23 23 16 16 10 4 24 28 6 0 2 7 19 8 3 29 26 21 27 27 24 6 9 1 28 7 27 7 
14 11 29 14 1 16 2 16 11 28 4 2 28 15 7 23 11 27 18 13 29 27 19 0 17 24 26 0 13 16 24 2 13 24 27 18 15 23 15 20 12 24 9 26 15 2 12 30 2 13 9 4 0 23 0 24 28 22 26 14 28 1 4 13 28 28 13 13 12 1 5 25 10 2 24 0 9 27 1 8 14 29 29 12 19 30 14 2 2 13 4 
26 28 2 17 9 6 6 6 11 10 4 1 17 21 23 12 7 11 0 11 2 19 17 2 9 8 7 25 16 18 24 14 27 24 11 28 1 29 29 11 30 28 1 27 12 7 23 24 9 11 30 15 6 14 12 4 26 28 4 17 4 27 3 23 6 9 30 12 28 13 30 7 10 23 20 8 7 21 12 30 7 3 16 22 4 12 9 5 5 26 15 
30 19 26 9 12 18 14 22 29 25 25 11 30 17 0 23 16 14 9 6 24 10 15 17 5 8 26 26 0 1 0 29 0 6 16 21 5 21 25 18 8 2 29 0 7 10 19 11 22 7 1 16 26 8 13 7 27 0 25 11 12 19 10 10 20 11 3 3 4 3 30 5 5 12 5 20 3 5 11 25 26 14 22 9 21 5 25 2 26 23 22 
7 25 26 19 13 21 12 25 30 19 30 6 7 26 8 5 22 14 5 19 5 20 26 15 23 0 3 14 30 27 1 26 2 12 17 23 9 18 25 8 10 26 28 1 13 22 7 13 20 2 27 24 4 20 27 27 11 0 27 19 4 10 19 11 4 25 18 5 0 20 17 24 7 1 4 9 18 29 6 21 3 20 30 21 10 13 13 20 16 22 8 
18 18 18 15 12 5 4 7 27 16 9 16 20 18 26 2 22 17 7 18 1 8 30 3 26 30 21 21 23 26 6 28 9 18 29 7 23 13 11 24 20 22 21 16 20 3 14 26 4 8 29 26 9 1 22 4 8 18 27 13 17 27 27 14 0 16 15 29 17 23 25 27 9 16 12 11 22 6 10 6 21 15 9 23 19 6 15 11 15 18 3 
20 8 29 4 2 0 10 30 20 8 10 29 14 17 10 19 13 25 7 20 13 21 6 22 8 15 29 17 17 7 18 18 13 30 6 27 0 9 12 21 18 16 10 11 12 20 9 28 28 1 6 6 19 10 0 24 7 22 13 6 15 23 8 28 22 11 5 25 27 26 12 0 5 6 20 6 13 29 18 18 19 1 7 0 3 28 17 18 15 16 9 
7 27 9 5 22 28 0 26 12 19 17 13 8 27 10 14 6 4 14 0 10 12 27 3 22 23 14 6 28 5 0 18 24 6 9 0 6 4 12 10 11 21 29 9 20 9 10 1 23 4 30 6 12 3 10 13 27 22 22 6 0 11 11 28 4 11 21 16 21 14 18 22 8 6 12 2 1 2 10 22 5 24 24 4 11 26 5 26 0 3 27 
2 15 25 20 6 17 18 29 29 17 30 21 17 12 19 29 23 15 6 5 5 23 28 3 16 27 4 24 20 6 19 26 14 21 5 18 4 2 14 27 10 27 15 18 9 30 0 25 22 30 26 27 19 14 10 2 9 4 8 15 18 27 24 11 17 20 16 17 8 13 21 29 25 21 22 30 30 16 28 19 17 25 30 30 19 5 12 2 29 12 1 
1 16 13 5 11 2 13 7 6 18 1 26 8 24 13 17 10 21 19 3 11 8 15 14 11 3 22 21 14 28 14 6 1 19 30 10 10 22 9 10 19 27 23 0 5 23 18 6 17 18 26 19 11 22 9 18 0 23 23 4 25 5 9 18 8 3 27 17 25 27 12 8 10 20 22 18 24 16 2 3 15 13 18 14 12 5 20 29 3 5 2 
10 8 9 23 17 10 28 8 24 19 21 9 10 15 3 9 10 12 18 26 6 14 3 30 29 26 10 15 0 24 8 16 8 14 15 30 20 4 0 2 23 0 4 30 7 7 29 19 6 4 26 16 16 12 16 17 24 27 3 0 17 22 21 23 3 16 29 26 14 26 15 4 9 18 11 9 4 16 15 18 10 18 19 29 0 12 21 12 11 2 13 
17 30 30 14 9 26 8 14 16 22 10 10 25 25 26 17 2 7 3 7 19 20 30 23 14 28 13 30 22 30 10 26 2 14 12 5 4 18 17 13 11 12 6 0 4 5 19 15 29 9 6 21 27 19 17 9 17 3 4 23 14 25 6 13 11 1 0 6 20 2 15 6 23 14 9 9 16 1 10 7 12 19 23 28 3 4 5 12 29 4 7 
