11
11 1 25 20 0 30 4 29 5 12 4 11 9 15 15 12 4 15 21 22 11 18 3 7 24 26 14 7 3 19 17 14 26 2 22 19 22 11 30 19 16 9 10 13 29 24 24 1 12 19 0 22 8 19 17 30 15 7 5 20 25 17 13 27 26 19 10 11 15 17 15 3 28 3 8 30 16 23 
9 10 22 22 23 9 20 7 5 18 10 3 24 19 9 15 14 7 3 30 28 9 6 10 0 29 30 4 16 27 7 30 5 1 19 3 30 3 15 24 2 22 17 10 27 13 6 5 12 7 8 5 13 17 15 22 15 2 6 29 0 20 6 15 7 14 0 10 6 20 8 0 13 24 8 17 3 1 
14 19 9 11 3 14 25 22 25 27 25 29 27 22 20 18 6 7 7 7 24 7 21 4 26 18 19 29 0 2 26 8 23 20 29 2 19 6 9 3 14 19 8 30 21 9 28 10 4 27 1 2 14 19 7 22 24 23 25 29 2 14 22 14 19 3 17 1 13 15 3 16 5 27 9 16 10 1 
7 23 15 11 18 28 28 6 27 3 15 1 21 29 8 23 20 18 14 16 20 5 21 27 13 8 6 25 13 8 1 2 21 2 12 12 9 29 15 18 21 27 2 0 17 6 14 0 1 4 3 18 26 16 25 8 22 7 6 1 30 7 13 29 13 27 6 21 19 21 28 22 6 5 15 5 19 9 
24 18 18 18 20 15 17 4 20 12 20 19 1 27 22 4 6 11 8 21 12 1 26 26 30 25 14 29 21 11 2 6 7 27 16 6 5 18 25 27 7 20 10 26 19 3 11 22 1 26 8 3 12 27 30 14 29 10 19 1 21 11 19 18 23 17 3 18 18 29 26 19 8 19 1 5 15 3 
3 6 20 4 30 7 1 7 23 20 11 16 5 23 18 26 1 13 13 28 5 7 13 8 27 21 30 15 16 25 21 3 22 24 17 29 16 22 19 16 15 16 16 13 2 27 21 24 28 15 30 9 23 17 27 24 29 17 2 16 25 8 7 30 5 13 22 27 2 0 6 14 29 5 2 17 13 15 
10 18 1 4 16 6 17 4 8 30 13 18 0 2 10 12 7 22 17 5 11 9 0 6 29 12 30 19 30 27 17 28 10 4 16 29 7 25 28 23 26 6 12 8 5 1 11 21 2 9 9 11 9 9 1 1 21 19 13 3 12 25 1 25 14 12 11 16 22 28 7 12 25 7 12 17 6 3 
19 26 7 22 26 10 5 26 14 10 21 27 18 25 30 3 1 29 8 24 22 6 13 9 22 4 7 27 26 14 17 28 9 29 22 22 5 16 0 10 7 23 21 16 23 30 25 12 6 5 8 15 19 5 9 29 25 4 26 6 28 7 0 3 16 14 1 16 8 5 21 29 21 15 6 30 20 26 
21 4 22 7 7 5 5 14 25 14 6 3 13 29 24 28 9 8 11 25 23 17 14 30 26 22 21 23 1 14 21 13 29 24 7 20 9 15 28 30 23 27 7 26 5 10 5 3 11 6 0 11 0 11 14 24 24 23 10 18 3 11 2 26 27 29 12 23 25 4 1 10 13 14 17 29 8 8 
21 26 13 16 6 24 13 26 4 13 9 24 28 1 15 1 26 17 10 7 12 6 27 20 11 26 4 24 27 13 10 28 20 26 0 3 14 8 29 20 21 5 21 30 30 9 4 6 4 0 10 16 18 9 9 24 26 15 21 29 6 6 13 19 16 11 12 30 5 5 27 15 26 2 17 16 15 11 
14 7 18 5 5 16 19 1 27 3 4 2 1 7 13 10 15 24 2 2 7 22 23 27 6 30 6 30 21 20 29 5 23 16 24 27 23 14 20 0 18 10 18 27 19 4 23 21 10 11 28 30 13 25 1 24 28 9 24 2 28 13 23 5 8 6 16 28 16 6 25 21 21 1 15 24 13 16 
19 20 18 12 27 11 9 0 9 9 23 29 26 11 8 25 8 13 5 7 0 18 2 19 5 13 4 19 6 0 30 0 18 9 23 30 4 14 1 24 11 11 19 18 7 14 0 30 21 28 5 17 2 22 5 7 25 23 11 7 1 2 16 14 26 25 5 21 21 1 29 12 25 12 16 7 18 13 
1 26 21 6 25 2 1 11 8 17 10 25 15 0 26 25 26 26 16 15 18 21 10 29 2 8 24 15 22 3 30 3 27 8 9 5 4 1 26 4 28 19 0 1 27 11 15 29 0 13 3 24 3 25 15 12 7 10 29 13 0 24 22 22 4 26 22 10 23 19 24 16 30 9 2 3 16 6 
6 0 29 14 0 18 0 7 11 27 26 23 2 10 23 29 13 1 1 26 14 23 18 1 22 17 25 18 26 11 28 5 10 9 8 28 0 13 19 10 29 8 28 23 11 2 28 16 22 8 4 17 17 8 18 27 1 16 18 25 9 25 0 5 17 1 30 7 29 23 0 0 13 17 13 2 18 29 
29 15 22 14 7 23 26 23 3 5 6 7 27 13 25 16 16 20 19 25 17 25 1 3 12 21 12 2 15 25 0 20 26 25 21 23 5 24 9 19 30 9 17 15 8 27 13 14 2 25 23 1 1 26 3 18 9 19 23 4 1 15 25 28 10 6 22 26 7 20 6 23 3 10 30 28 27 14 
28 1 3 3 29 26 10 17 19 11 0 8 28 30 0 30 28 26 15 4 7 14 26 11 10 7 11 4 16 21 12 24 18 8 2 21 1 4 22 2 11 3 5 9 3 17 1 9 29 21 6 26 20 15 2 10 9 27 6 3 30 7 18 21 30 3 15 17 6 14 18 10 7 19 15 17 17 11 
0 24 26 0 25 2 11 9 7 18 10 19 11 5 15 17 9 17 11 16 5 14 16 22 5 13 6 8 25 18 10 1 13 17 28 3 23 25 0 5 12 2 10 28 4 22 18 18 28 24 22 12 2 4 18 24 8 14 19 2 28 19 2 11 10 1 17 10 14 9 5 0 4 17 15 13 16 0 
1 0 14 28 1 4 3 7 16 10 19 6 12 21 22 22 15 20 25 18 6 16 20 2 10 0 17 14 13 3 22 9 9 23 14 26 6 0 17 19 24 19 10 12 18 28 30 19 0 2 21 19 4 14 12 14 13 21 18 28 7 17 18 22 6 19 17 2 10 10 22 27 0 27 4 4 0 28 
22 0 28 0 13 12 4 25 22 30 24 23 19 16 8 11 11 17 11 20 5 19 22 7 24 12 17 17 4 26 20 3 10 4 17 1 30 28 26 22 30 11 16 12 9 9 0 5 20 22 25 9 21 27 29 6 3 15 17 10 8 1 12 26 18 18 26 20 16 24 24 19 4 1 1 9 20 25 
22 0 1 1 12 9 21 30 8 8 13 30 3 9 29 17 28 4 3 17 2 9 5 19 26 22 30 23 20 20 29 0 5 8 3 18 20 0 15 2 29 22 18 14 23 23 5 13 1 10 2 3 6 14 12 17 16 22 1 30 18 17 4 10 2 4 24 8 30 30 15 9 22 19 1 15 24 0 
6 6 2 8 29 24 8 2 9 27 22 19 26 29 8 6 11 6 11 23 0 7 17 22 18 6 14 21 11 5 7 22 29 2 14 4 3 12 21 11 3 0 16 15 30 20 7 12 23 27 23 7 14 17 3 11 7 29 14 10 7 28 27 21 4 23 16 9 6 5 24 25 17 15 16 5 26 18 
2 25 6 6 20 8 3 25 27 4 20 24 22 3 11 23 10 9 29 12 27 25 24 4 12 11 22 9 25 11 13 23 19 24 6 8 2 2 26 14 12 6 6 4 28 24 1 24 29 30 1 1 4 28 16 22 4 0 13 6 18 29 16 8 21 1 12 27 10 2 16 9 13 11 2 10 4 27 
