12
24 14 5 25 25 28 20 10 13 30 30 23 13 3 19 11 20 9 23 13 9 9 27 7 30 16 26 9 28 29 9 21 12 20 14 17 17 11 20 4 26 2 7 3 12 17 9 16 3 12 7 2 26 29 20 14 18 15 19 9 13 1 0 15 21 11 7 12 18 2 25 15 6 9 6 27 5 11 28 9 6 9 25 19 26 17 2 19 22 4 5 
23 6 16 1 4 6 7 12 24 8 9 5 8 15 21 2 22 4 1 14 2 11 1 6 10 1 22 10 15 20 11 4 19 30 9 2 0 16 24 30 15 10 14 16 23 9 21 19 19 8 22 14 26 9 4 10 10 14 7 6 3 15 3 13 7 13 11 5 8 22 19 13 22 1 9 4 20 21 22 27 11 1 29 24 4 29 23 2 0 28 9 
10 14 23 2 3 29 20 16 19 0 28 27 13 21 29 10 26 27 25 12 9 7 7 18 2 15 15 9 11 4 17 24 11 16 18 0 25 17 27 26 29 6 7 9 7 3 7 12 14 8 0 26 1 21 11 21 18 17 12 20 28 25 13 26 30 2 12 13 2 21 28 12 26 8 8 29 3 23 18 8 13 26 4 19 9 0 11 27 5 16 23 
26 27 25 20 20 0 13 23 23 7 23 6 20 7 0 3 18 19 12 17 5 23 3 18 6 8 30 22 9 3 9 15 30 10 3 3 26 11 0 1 23 16 0 26 24 0 27 8 21 4 21 4 3 3 15 13 5 6 23 22 30 20 13 27 0 14 28 22 12 22 12 29 26 13 17 7 29 7 22 15 4 29 29 28 20 28 28 14 18 21 14 
1 16 6 19 21 5 21 3 16 23 26 13 28 23 9 24 23 23 27 11 18 1 2 6 5 22 23 0 27 27 26 3 18 5 4 9 30 30 26 7 26 6 8 9 20 3 24 22 19 9 7 13 0 0 24 5 2 3 25 21 18 29 27 4 25 2 23 1 6 20 4 1 18 6 9 3 23 30 24 17 24 1 9 3 1 0 0 2 11 5 13 
25 28 12 2 21 12 24 0 4 20 19 9 23 19 6 2 26 14 27 15 20 1 28 11 14 7 19 1 5 15 9 13 18 11 5 10 25 24 20 4 7 12 29 22 7 14 10 19 15 17 7 16 1 6 29 21 23 18 10 5 19 20 22 7 24 3 16 24 26 4 21 23 9 2 4 2 12 29 19 25 6 19 17 17 19 30 1 12 29 4 11 
20 0 23 13 28 8 18 7 4 30 16 23 13 16 26 24 0 14 29 27 7 9 9 26 14 2 13 30 16 8 10 22 16 20 18 16 13 1 1 10 0 30 2 21 7 1 7 10 29 1 3 15 13 23 29 6 8 28 18 30 24 9 22 5 3 22 2 17 12 25 5 4 30 20 21 25 27 13 29 14 22 1 21 15 13 6 26 4 29 7 7 
26 21 8 10 25 1 18 20 9 6 5 1 13 4 3 25 21 0 2 0 6 15 13 6 10 4 14 14 24 9 28 27 4 28 24 21 26 25 21 26 17 18 19 14 23 3 16 21 14 8 29 22 17 6 26 10 24 27 16 4 18 28 7 1 19 13 0 8 30 23 12 13 10 13 16 23 11 30 30 7 10 28 27 19 5 23 12 28 21 12 8 
10 6 29 3 5 23 3 30 11 6 9 30 28 29 18 23 14 11 9 7 2 15 11 7 25 6 15 26 16 7 12 14 11 12 14 17 27 30 8 29 26 24 4 11 14 1 21 27 22 17 16 3 2 25 8 12 9 10 13 28 2 17 1 18 13 22 0 5 18 6 22 30 7 15 29 30 8 16 12 28 27 27 11 28 2 25 30 15 24 2 17 
22 11 28 17 7 27 21 13 8 6 1 29 6 29 15 12 23 19 18 15 24 19 2 25 6 6 24 20 30 22 23 13 24 24 25 28 24 23 0 16 27 17 16 21 0 9 17 19 5 18 13 5 12 0 7 13 13 7 20 15 14 0 5 17 25 5 13 27 1 6 0 20 24 15 0 22 29 13 19 10 13 24 27 27 18 0 5 8 20 29 10 
13 17 15 16 16 0 16 30 12 9 11 24 0 13 19 26 5 17 5 24 28 8 26 21 16 29 9 13 30 21 3 17 16 20 6 2 25 2 14 26 7 7 12 0 1 30 10 22 8 28 15 9 7 8 16 11 18 0 29 25 25 6 3 22 17 30 1 26 21 2 2 29 1 17 30 15 1 8 26 19 9 29 30 0 8 6 26 28 0 8 2 
4 0 8 2 8 10 20 14 29 3 14 30 19 6 10 8 2 15 4 1 29 10 15 23 19 20 21 8 7 7 5 22 22 10 22 1 0 7 14 13 24 19 16 5 15 6 11 1 8 22 2 7 12 26 23 30 17 7 20 1 18 1 5 26 14 18 12 29 2 25 18 24 0 29 23 23 28 14 20 28 7 28 1 15 14 23 14 28 24 8 17 
16 29 9 20 1 2 18 24 1 27 12 1 17 4 17 4 5 22 20 16 29 28 12 1 1 4 24 15 11 14 26 0 11 5 8 19 18 8 26 15 3 6 0 4 8 20 10 7 24 5 10 3 10 16 14 26 7 17 27 20 19 12 18 11 6 4 11 30 30 1 4 25 27 7 14 26 15 29 5 5 26 27 30 27 22 16 28 10 26 5 18 
25 29 17 30 10 6 25 14 23 11 23 4 23 21 3 27 10 11 15 16 28 18 12 23 28 24 7 29 7 4 1 26 30 14 22 30 4 28 21 22 15 5 15 4 13 5 30 16 1 20 10 26 3 14 24 17 12 20 16 19 17 3 7 24 9 0 12 17 11 10 12 23 17 19 2 22 18 11 6 2 13 30 10 13 21 28 20 17 10 27 15 
30 23 5 3 20 22 10 22 15 8 10 6 17 12 5 2 26 1 18 26 25 13 22 15 15 5 17 27 24 27 9 14 29 11 27 7 4 1 25 15 2 11 18 19 2 16 13 10 26 0 22 17 22 20 12 6 22 9 20 23 10 3 18 6 13 29 19 5 1 3 2 5 5 4 17 10 30 13 5 29 30 7 17 24 23 20 11 23 15 8 14 
25 30 15 28 19 20 13 16 6 5 17 21 14 17 14 8 15 23 29 29 22 8 12 6 4 16 9 7 23 4 27 13 19 28 3 19 21 6 20 29 26 13 14 29 30 14 18 18 27 22 14 26 2 14 6 29 17 9 21 6 0 5 17 21 30 8 16 20 4 7 5 18 12 24 24 17 24 10 0 0 8 27 11 30 27 26 18 4 6 6 13 
7 25 0 11 2 8 0 24 28 5 25 4 8 11 8 17 19 26 11 27 3 6 23 19 19 28 2 10 0 0 4 3 12 4 0 22 25 5 14 29 10 27 29 24 8 24 25 11 30 30 19 11 28 27 0 5 11 14 5 28 6 23 28 16 21 22 0 9 13 5 29 22 4 9 3 12 28 28 26 3 16 13 29 21 11 2 29 20 2 22 1 
20 3 6 30 24 28 12 2 8 25 19 1 10 10 0 0 25 23 27 6 12 14 16 20 4 16 18 6 26 2 5 0 9 24 13 5 26 7 10 22 13 1 13 21 13 30 15 13 18 26 28 0 28 0 12 5 5 17 13 7 21 26 24 8 7 4 2 16 1 17 2 24 6 27 4 15 23 22 6 27 29 29 13 29 30 22 0 0 9 8 2 
25 16 17 8 19 5 5 21 2 6 22 8 29 0 24 24 25 14 0 14 24 5 9 30 28 30 13 3 4 14 24 3 11 28 21 12 0 4 8 28 7 16 27 24 7 28 1 12 8 26 27 30 29 18 14 0 18 19 24 21 1 5 19 30 0 10 4 17 5 28 19 26 23 6 11 8 5 27 16 16 15 29 4 10 10 30 1 1 9 15 17 
28 14 13 12 17 22 15 2 12 1 20 28 8 12 29 11 10 6 14 11 27 20 3 19 3 19 29 20 10 8 14 15 2 19 27 25 24 13 1 3 17 6 8 1 16 14 11 25 13 6 30 28 27 12 9 25 13 28 2 18 28 11 21 25 18 6 15 22 19 14 3 22 17 4 5 4 17 12 26 18 25 6 23 29 6 29 15 19 19 10 14 
27 15 14 22 22 3 11 7 13 24 5 29 14 29 11 9 5 30 0 22 8 26 11 19 3 24 1 10 3 5 7 1 20 16 18 12 29 0 13 2 20 18 5 28 13 16 25 1 22 20 13 16 10 30 27 4 24 21 26 22 23 15 16 1 24 19 2 9 21 13 28 24 6 26 27 11 22 28 24 22 13 20 14 29 9 7 30 23 5 0 6 
26 12 18 7 14 9 25 19 8 27 17 15 16 15 22 21 23 16 19 7 15 7 26 30 13 9 30 15 18 8 20 3 22 1 28 5 9 19 18 0 5 26 29 29 17 12 8 20 4 18 12 10 7 17 21 27 27 15 24 21 17 13 6 13 2 12 2 11 13 10 30 8 30 24 30 13 7 26 13 4 25 10 0 4 3 3 10 22 1 17 16 
7 2 11 16 17 11 20 11 20 27 12 16 18 18 12 27 26 16 14 1 6 21 2 23 18 14 24 15 12 12 30 30 4 29 17 5 10 0 15 23 7 22 1 10 8 14 21 22 6 3 5 21 14 15 27 15 19 19 20 13 26 28 17 9 27 22 24 19 1 3 4 28 6 15 17 7 1 24 26 20 27 22 17 12 22 13 11 11 12 0 29 
24 26 6 22 15 0 7 26 4 20 21 4 7 0 20 29 12 13 16 18 24 19 25 29 6 9 2 26 5 12 9 5 10 12 30 5 0 21 6 10 9 26 3 1 16 6 12 27 10 25 14 2 15 19 2 27 27 12 3 13 3 3 14 13 13 9 6 2 8 20 7 8 20 24 23 20 14 14 4 24 10 28 21 25 3 27 15 16 24 11 1 
